R1 50 0.46475109457969666 42.047542572021484
R1 100 0.38832026720046997 67.66777038574219
R1 150 0.40480899810791016 99.45704221725464
R1 200 0.3168242275714874 135.74656438827515
R1 250 0.30280253291130066 177.27507519721985
R1 300 0.3184947073459625 215.27814936637878
R1 350 0.3948341906070709 244.83888459205627
R1 400 0.2949077785015106 270.0894820690155
R1 450 0.2808736562728882 312.4536108970642
R1 500 0.30433720350265503 353.62908577919006
R1 550 0.3226780891418457 395.8401155471802
R1 600 0.3445121645927429 425.06272196769714
R1 650 0.34108081459999084 462.8247971534729
R1 700 0.28982579708099365 487.45155477523804
R1 750 0.30831944942474365 516.3511872291565
R1 800 0.30567821860313416 552.9035260677338
R1 850 0.29331669211387634 578.0024983882904
R1 900 0.25835320353507996 608.3246529102325
R1 950 0.2834777235984802 643.6546964645386
R1 1000 0.2784452736377716 685.4856464862823
R1 1050 0.3233627676963806 726.7544765472412
R1 1100 0.40976810455322266 768.39457654953
R1 1150 0.3512616753578186 810.0156047344208
R1 1200 0.2614060342311859 842.4051780700684
R1 1250 0.31706172227859497 876.4446094036102
R1 1300 0.32107114791870117 918.1063280105591
R1 1350 0.319140762090683 959.8467381000519
R1 1400 0.3105153441429138 996.2835984230042
R1 1450 0.3231775164604187 1027.682899236679
R1 1500 0.3564266264438629 1052.2617752552032
R1 1550 0.3499433696269989 1094.4369764328003
R1 1600 0.29596230387687683 1136.4878685474396
R1 1650 0.2946004569530487 1178.342857837677
R1 1700 0.2678292393684387 1219.936913728714
R1 1750 0.32578742504119873 1261.2277851104736
R1 1800 0.2946958839893341 1302.9772310256958
R1 1850 0.3064934313297272 1344.662071943283
R1 1900 0.3568570911884308 1385.982822418213
R1 1950 0.30437684059143066 1427.9688198566437
R1 2000 0.33406075835227966 1469.3016533851624
R1 2050 0.2926599383354187 1511.6670091152191
R1 2100 0.271920382976532 1552.6074590682983
R1 2150 0.2624850273132324 1594.0608928203583
R1 2200 0.27760666608810425 1618.4703886508942
R1 2250 0.2431732565164566 1659.8964817523956
R1 2300 0.33135363459587097 1694.233582496643
R1 2350 0.31756049394607544 1726.0066547393799
R1 2400 0.3285179138183594 1767.5829803943634
R1 2450 0.30131688714027405 1809.072657585144
R1 2500 0.31588900089263916 1850.9708094596863
R1 2550 0.30640503764152527 1892.3159310817719
R1 2600 0.3010551333427429 1934.6803486347198
R1 2650 0.2967679798603058 1976.3698041439056
R1 2700 0.3112117350101471 2017.9988391399384
R1 2750 0.2733079791069031 2059.862607717514
R1 2800 0.24634578824043274 2101.275531768799
R1 2850 0.3101423978805542 2142.9344534873962
R1 2900 0.3024406135082245 2184.6364183425903
R1 2950 0.26806873083114624 2226.5503392219543
R1 3000 0.32722488045692444 2257.1303503513336
R1 3050 0.3092922568321228 2293.016927719116
R1 3100 0.2729151248931885 2317.8474900722504
R1 3150 0.3115195035934448 2359.8964364528656
R1 3200 0.27604901790618896 2401.803234100342
R1 3250 0.24771228432655334 2443.7274487018585
R1 3300 0.2720544934272766 2485.424032688141
R1 3350 0.27934297919273376 2527.075234889984
R1 3400 0.2883204519748688 2568.230639696121
R1 3450 0.3161414861679077 2593.3540818691254
R1 3500 0.3310960829257965 2634.595290660858
R1 3550 0.2880302369594574 2676.153952598572
R1 3600 0.3205902874469757 2717.5854182243347
R1 3650 0.3030853569507599 2759.1935160160065
R1 3700 0.28930625319480896 2783.9769699573517
R1 3750 0.2839658260345459 2826.0484240055084
R1 3800 0.28425657749176025 2867.8593554496765
R1 3850 0.2890208959579468 2909.742019891739
R1 3900 0.2578877806663513 2934.435634613037
R1 3950 0.2564578950405121 2974.8978264331818
R1 4000 0.2741985619068146 3015.9619204998016
R1 4050 0.28937721252441406 3057.6224246025085
R1 4100 0.2286016345024109 3099.0582883358
R1 4150 0.3028828203678131 3140.7727003097534
R1 4200 0.2700956165790558 3173.053782939911
R1 4250 0.30045145750045776 3207.313801050186
R1 4300 0.2845519781112671 3249.2663946151733
R1 4350 0.2759452760219574 3290.873119354248
R1 4400 0.2821536362171173 3332.9310615062714
R1 4450 0.30428504943847656 3374.646359682083
R1 4500 0.28151312470436096 3415.90847325325
R1 4550 0.27035319805145264 3457.4372980594635
R1 4600 0.2939436435699463 3499.0216286182404
R1 4650 0.2933507561683655 3522.9035019874573
R1 4700 0.25387996435165405 3564.957522392273
R1 4750 0.2618982493877411 3606.526631593704
R1 4800 0.3110319674015045 3648.0449323654175
R1 4850 0.25938278436660767 3689.459950208664
R1 4900 0.31845542788505554 3712.8936817646027
R1 4950 0.30351388454437256 3754.197976589203
R1 5000 0.2967727780342102 3796.3760464191437
R1 5050 0.2869524359703064 3837.7893781661987
R1 5100 0.3049507439136505 3879.4215762615204
R1 5150 0.27075064182281494 3920.5956423282623
R1 5200 0.28469741344451904 3962.3529846668243
R1 5250 0.3007444143295288 4003.8762397766113
R1 5300 0.2842651605606079 4046.0705518722534
R1 5350 0.27034270763397217 4088.162318468094
R1 5400 0.311624675989151 4130.295802354813
R1 5450 0.28593796491622925 4171.789694309235
R1 5500 0.2721482813358307 4213.412123441696
R1 5550 0.26948675513267517 4254.228229045868
R1 5600 0.2950502634048462 4295.74643945694
R1 5650 0.2820686995983124 4336.24609208107
R1 5700 0.2290898859500885 4361.855238437653
R1 5750 0.27737581729888916 4403.581372499466
R1 5800 0.28959155082702637 4426.904507637024
R1 5850 0.25539350509643555 4468.7695462703705
R1 5900 0.2518109977245331 4510.209967136383
R1 5950 0.275992751121521 4551.844717025757
R1 6000 0.31080299615859985 4579.658770799637
