seed123_C0_step6000 0 0 1 1.03236392600229
seed123_C0_step6000 0 0 2 0.09574900497682393
seed123_C0_step6000 0 0 3 0.10857504897285253
seed123_C0_step6000 0 0 4 0.09808074904140085
seed123_C0_step6000 0 0 5 0.09795720299007371
seed123_C0_step6000 0 0 6 0.09711718303151429
seed123_C0_step6000 0 0 7 0.09412992995930836
seed123_C0_step6000 0 0 8 0.0997900270158425
seed123_C0_step6000 0 0 9 0.10229905904270709
seed123_C0_step6000 0 1 0 0.10330116900149733
seed123_C0_step6000 0 1 1 0.0974440069985576
seed123_C0_step6000 0 1 2 0.09661469596903771
seed123_C0_step6000 0 1 3 0.09313517500413582
seed123_C0_step6000 0 1 4 0.09379473200533539
seed123_C0_step6000 0 1 5 0.09301446500467137
seed123_C0_step6000 0 1 6 0.0943208450335078
seed123_C0_step6000 0 1 7 0.09813028498319909
seed123_C0_step6000 0 1 8 0.09626370703335851
seed123_C0_step6000 0 1 9 0.09435551997739822
seed123_C0_step6000 0 2 0 0.0955581630114466
seed123_C0_step6000 0 2 1 0.09414165397174656
seed123_C0_step6000 0 2 2 0.10018768697045743
seed123_C0_step6000 0 2 3 0.09416629100451246
seed123_C0_step6000 0 2 4 0.09585023997351527
seed123_C0_step6000 0 2 5 0.09692514798371121
seed123_C0_step6000 0 2 6 0.09427360497647896
seed123_C0_step6000 0 2 7 0.10378565301652998
seed123_C0_step6000 0 2 8 0.10434233502019197
seed123_C0_step6000 0 2 9 0.10154447198146954
seed123_C0_step6000 0 3 0 0.10994900000514463
seed123_C0_step6000 0 3 1 0.10952045302838087
seed123_C0_step6000 0 3 2 0.10228281002491713
seed123_C0_step6000 0 3 3 0.1003813249990344
seed123_C0_step6000 0 3 4 0.10324361000675708
seed123_C0_step6000 0 3 5 0.09446382900932804
seed123_C0_step6000 0 3 6 0.09621954505564645
seed123_C0_step6000 0 3 7 0.0971706070122309
seed123_C0_step6000 0 3 8 0.09339238697430119
seed123_C0_step6000 0 3 9 0.09843425499275327
seed123_C0_step6000 0 4 0 0.09476388100301847
seed123_C0_step6000 0 4 1 0.09347685799002647
seed123_C0_step6000 0 4 2 0.09214349702233449
seed123_C0_step6000 0 4 3 0.09286515199346468
seed123_C0_step6000 0 4 4 0.10194339300505817
seed123_C0_step6000 0 4 5 0.09364758298033848
seed123_C0_step6000 0 4 6 0.09995793999405578
seed123_C0_step6000 0 4 7 0.10019286698661745
seed123_C0_step6000 0 4 8 0.1031939770327881
seed123_C0_step6000 0 4 9 0.10046054696431383
seed123_C0_step6000 0 5 0 0.10349731496535242
seed123_C0_step6000 0 5 1 0.09782230097334832
seed123_C0_step6000 0 5 2 0.0956595380557701
seed123_C0_step6000 0 5 3 0.09314939397154376
seed123_C0_step6000 0 5 4 0.09276468103053048
seed123_C0_step6000 0 5 5 0.09258251497521996
seed123_C0_step6000 0 5 6 0.09779680200153962
seed123_C0_step6000 0 5 7 0.10067632998107001
seed123_C0_step6000 0 5 8 0.0976947370218113
seed123_C0_step6000 0 5 9 0.09948460798477754
seed123_C0_step6000 0 6 0 0.10102546500274912
seed123_C0_step6000 0 6 1 0.09840169502422214
seed123_C0_step6000 0 6 2 0.09875641099642962
seed123_C0_step6000 0 6 3 0.09631597000407055
seed123_C0_step6000 0 6 4 0.09663904597982764
seed123_C0_step6000 0 6 5 0.09356217196909711
seed123_C0_step6000 0 6 6 0.09430698194773868
seed123_C0_step6000 0 6 7 0.09339837997686118
seed123_C0_step6000 0 6 8 0.09865137096494436
seed123_C0_step6000 0 6 9 0.0921488479943946
seed123_C0_step6000 0 7 0 0.09239877405343577
seed123_C0_step6000 0 7 1 0.09368014801293612
seed123_C0_step6000 0 7 2 0.09453222202137113
seed123_C0_step6000 0 7 3 0.10132460604654625
seed123_C0_step6000 0 7 4 0.09342434001155198
seed123_C0_step6000 0 7 5 0.09289579198230058
seed123_C0_step6000 0 7 6 0.0970580949797295
seed123_C0_step6000 0 7 7 0.09488401201087981
seed123_C0_step6000 0 7 8 0.09709839202696458
seed123_C0_step6000 0 7 9 0.10082871100166813
seed123_C0_step6000 0 8 0 0.09976570500293747
seed123_C0_step6000 0 8 1 0.09826200001407415
seed123_C0_step6000 0 8 2 0.0944773270166479
seed123_C0_step6000 0 8 3 0.09678237000480294
seed123_C0_step6000 0 8 4 0.09310262702638283
seed123_C0_step6000 0 8 5 0.09417356899939477
seed123_C0_step6000 0 8 6 0.09348352300003171
seed123_C0_step6000 0 8 7 0.09320634498726577
seed123_C0_step6000 0 8 8 0.0959898799774237
seed123_C0_step6000 0 8 9 0.09576722496422008
seed123_C0_step6000 0 9 0 0.09611936699366197
seed123_C0_step6000 0 9 1 0.09717739297775552
seed123_C0_step6000 0 9 2 0.1035498789860867
seed123_C0_step6000 0 9 3 0.09317334200022742
seed123_C0_step6000 0 9 4 0.0940291240112856
seed123_C0_step6000 0 9 5 0.10003001004224643
seed123_C0_step6000 0 9 6 0.09721279103541747
seed123_C0_step6000 0 9 7 0.09613910503685474
seed123_C0_step6000 0 9 8 0.10597387904999778
seed123_C0_step6000 0 9 9 0.10231705894693732
seed123_C0_step6000 6 0 0 0.15678769099758938
seed123_C0_step6000 6 0 1 0.16047558997524902
seed123_C0_step6000 6 0 2 0.1569992450531572
seed123_C0_step6000 6 0 3 0.1482977209961973
seed123_C0_step6000 6 0 4 0.14788722898811102
seed123_C0_step6000 6 0 5 0.15306299302028492
seed123_C0_step6000 6 0 6 0.14492694701766595
seed123_C0_step6000 6 0 7 0.14467577898176387
seed123_C0_step6000 6 0 8 0.14544485497754067
seed123_C0_step6000 6 0 9 0.14476136199664325
seed123_C0_step6000 6 1 0 0.1458067750209011
seed123_C0_step6000 6 1 1 0.159747953992337
seed123_C0_step6000 6 1 2 0.16729818400926888
seed123_C0_step6000 6 1 3 0.16453763301251456
seed123_C0_step6000 6 1 4 0.14966008003102615
seed123_C0_step6000 6 1 5 0.14811075699981302
seed123_C0_step6000 6 1 6 0.15075066703138873
seed123_C0_step6000 6 1 7 0.15089801902649924
seed123_C0_step6000 6 1 8 0.1484939560177736
seed123_C0_step6000 6 1 9 0.15340356499655172
seed123_C0_step6000 6 2 0 0.14782587403897196
seed123_C0_step6000 6 2 1 0.15671011700760573
seed123_C0_step6000 6 2 2 0.14805009198607877
seed123_C0_step6000 6 2 3 0.15156633296282962
seed123_C0_step6000 6 2 4 0.15204072697088122
seed123_C0_step6000 6 2 5 0.15134310896974057
seed123_C0_step6000 6 2 6 0.14764348696917295
seed123_C0_step6000 6 2 7 0.15007862902712077
seed123_C0_step6000 6 2 8 0.14931746799265966
seed123_C0_step6000 6 2 9 0.14695416303584352
seed123_C0_step6000 6 3 0 0.14765151299070567
seed123_C0_step6000 6 3 1 0.15268968499731272
seed123_C0_step6000 6 3 2 0.15120623802067712
seed123_C0_step6000 6 3 3 0.15206819999730214
seed123_C0_step6000 6 3 4 0.15663388301618397
seed123_C0_step6000 6 3 5 0.15154450497357175
seed123_C0_step6000 6 3 6 0.15236870397347957
seed123_C0_step6000 6 3 7 0.1630190130090341
seed123_C0_step6000 6 3 8 0.1563938559847884
seed123_C0_step6000 6 3 9 0.1586204600171186
seed123_C0_step6000 6 4 0 0.15366125898435712
seed123_C0_step6000 6 4 1 0.14652859501075
seed123_C0_step6000 6 4 2 0.14534293598262593
seed123_C0_step6000 6 4 3 0.14674798300256953
seed123_C0_step6000 6 4 4 0.14636916102608666
seed123_C0_step6000 6 4 5 0.1472588560427539
seed123_C0_step6000 6 4 6 0.14856153901200742
seed123_C0_step6000 6 4 7 0.14367755100829527
seed123_C0_step6000 6 4 8 0.14394313900265843
seed123_C0_step6000 6 4 9 0.14439549099188298
seed123_C0_step6000 6 5 0 0.14780805399641395
seed123_C0_step6000 6 5 1 0.1553184880176559
seed123_C0_step6000 6 5 2 0.17543864395702258
seed123_C0_step6000 6 5 3 0.15353716298704967
seed123_C0_step6000 6 5 4 0.14547429798403755
seed123_C0_step6000 6 5 5 0.1443834379897453
seed123_C0_step6000 6 5 6 0.14922275196295232
seed123_C0_step6000 6 5 7 0.1487147139851004
seed123_C0_step6000 6 5 8 0.1472924020490609
seed123_C0_step6000 6 5 9 0.1468932320130989
seed123_C0_step6000 6 6 0 0.1522509929491207
seed123_C0_step6000 6 6 1 0.1508770550135523
seed123_C0_step6000 6 6 2 0.14287241996498778
seed123_C0_step6000 6 6 3 0.15760219196090475
seed123_C0_step6000 6 6 4 0.15190976299345493
seed123_C0_step6000 6 6 5 0.15481460996670648
seed123_C0_step6000 6 6 6 0.15196044003823772
seed123_C0_step6000 6 6 7 0.1487244140007533
seed123_C0_step6000 6 6 8 0.1586940039996989
seed123_C0_step6000 6 6 9 0.1497277959715575
seed123_C0_step6000 6 7 0 0.147909699997399
seed123_C0_step6000 6 7 1 0.15045249700779095
seed123_C0_step6000 6 7 2 0.14960914000403136
seed123_C0_step6000 6 7 3 0.14797863300191239
seed123_C0_step6000 6 7 4 0.15830350096803159
seed123_C0_step6000 6 7 5 0.16091912594856694
seed123_C0_step6000 6 7 6 0.14926631801063195
seed123_C0_step6000 6 7 7 0.14726023300318047
seed123_C0_step6000 6 7 8 0.1563688439782709
seed123_C0_step6000 6 7 9 0.16362268902594224
seed123_C0_step6000 6 8 0 0.14579837798373774
seed123_C0_step6000 6 8 1 0.14944170298986137
seed123_C0_step6000 6 8 2 0.14722931600408629
seed123_C0_step6000 6 8 3 0.15350635902723297
seed123_C0_step6000 6 8 4 0.148263797047548
seed123_C0_step6000 6 8 5 0.15319339302368462
seed123_C0_step6000 6 8 6 0.1547492080135271
seed123_C0_step6000 6 8 7 0.15316178399370983
seed123_C0_step6000 6 8 8 0.1533284509787336
seed123_C0_step6000 6 8 9 0.14394543698290363
seed123_C0_step6000 6 9 0 0.15469781099818647
seed123_C0_step6000 6 9 1 0.15606981597375125
seed123_C0_step6000 6 9 2 0.1521933379699476
seed123_C0_step6000 6 9 3 0.1560502490028739
seed123_C0_step6000 6 9 4 0.1566987949772738
seed123_C0_step6000 6 9 5 0.14767610904527828
seed123_C0_step6000 6 9 6 0.14659672102425247
seed123_C0_step6000 6 9 7 0.1458245809772052
seed123_C0_step6000 6 9 8 0.15117680002003908
seed123_C0_step6000 6 9 9 0.14806227496592328
seed123_C0_step6000 9 0 0 0.05103864596458152
seed123_C0_step6000 9 0 1 0.04219077300513163
seed123_C0_step6000 9 0 2 0.04629622702486813
seed123_C0_step6000 9 0 3 0.04180809197714552
seed123_C0_step6000 9 0 4 0.04177364899078384
seed123_C0_step6000 9 0 5 0.04363284102873877
seed123_C0_step6000 9 0 6 0.0452522580162622
seed123_C0_step6000 9 0 7 0.0468382109538652
seed123_C0_step6000 9 0 8 0.04430073400726542
seed123_C0_step6000 9 0 9 0.042475294962059706
seed123_C0_step6000 9 1 0 0.04158187203574926
seed123_C0_step6000 9 1 1 0.04132279800251126
seed123_C0_step6000 9 1 2 0.04509287397377193
seed123_C0_step6000 9 1 3 0.04509167204378173
seed123_C0_step6000 9 1 4 0.04308876401046291
seed123_C0_step6000 9 1 5 0.04135573998792097
seed123_C0_step6000 9 1 6 0.040902587003074586
seed123_C0_step6000 9 1 7 0.040701424004510045
seed123_C0_step6000 9 1 8 0.04150140902493149
seed123_C0_step6000 9 1 9 0.04340440599480644
seed123_C0_step6000 9 2 0 0.04259491298580542
seed123_C0_step6000 9 2 1 0.0425168449874036
seed123_C0_step6000 9 2 2 0.04174765798961744
seed123_C0_step6000 9 2 3 0.040829668985679746
seed123_C0_step6000 9 2 4 0.04199572099605575
seed123_C0_step6000 9 2 5 0.04180245200404897
seed123_C0_step6000 9 2 6 0.04353339195949957
seed123_C0_step6000 9 2 7 0.051751474966295063
seed123_C0_step6000 9 2 8 0.04154645401285961
seed123_C0_step6000 9 2 9 0.041210455005057156
seed123_C0_step6000 9 3 0 0.041342345997691154
seed123_C0_step6000 9 3 1 0.04369677399517968
seed123_C0_step6000 9 3 2 0.044037892017513514
seed123_C0_step6000 9 3 3 0.04284793505212292
seed123_C0_step6000 9 3 4 0.04580418998375535
seed123_C0_step6000 9 3 5 0.042673733027186245
seed123_C0_step6000 9 3 6 0.04357586201513186
seed123_C0_step6000 9 3 7 0.04296190198510885
seed123_C0_step6000 9 3 8 0.04394959600176662
seed123_C0_step6000 9 3 9 0.043573958973865956
seed123_C0_step6000 9 4 0 0.04267973400419578
seed123_C0_step6000 9 4 1 0.0426239290391095
seed123_C0_step6000 9 4 2 0.04144530202029273
seed123_C0_step6000 9 4 3 0.041329401021357626
seed123_C0_step6000 9 4 4 0.04183292097877711
seed123_C0_step6000 9 4 5 0.04154549300437793
seed123_C0_step6000 9 4 6 0.04198268597247079
seed123_C0_step6000 9 4 7 0.041131643985863775
seed123_C0_step6000 9 4 8 0.04136580997146666
seed123_C0_step6000 9 4 9 0.04167295602383092
seed123_C0_step6000 9 5 0 0.042044183996040374
seed123_C0_step6000 9 5 1 0.04430219798814505
seed123_C0_step6000 9 5 2 0.04926224099472165
seed123_C0_step6000 9 5 3 0.044735843024682254
seed123_C0_step6000 9 5 4 0.042928108014166355
seed123_C0_step6000 9 5 5 0.04345011297846213
seed123_C0_step6000 9 5 6 0.04490349302068353
seed123_C0_step6000 9 5 7 0.04271012300159782
seed123_C0_step6000 9 5 8 0.041236453980673105
seed123_C0_step6000 9 5 9 0.04345694597577676
seed123_C0_step6000 9 6 0 0.04453254700638354
seed123_C0_step6000 9 6 1 0.04396986402571201
seed123_C0_step6000 9 6 2 0.044071878015529364
seed123_C0_step6000 9 6 3 0.04368937999242917
seed123_C0_step6000 9 6 4 0.041862426965963095
seed123_C0_step6000 9 6 5 0.04216454300330952
seed123_C0_step6000 9 6 6 0.042870026954915375
seed123_C0_step6000 9 6 7 0.04550662299152464
seed123_C0_step6000 9 6 8 0.04484536295058206
seed123_C0_step6000 9 6 9 0.04533685900969431
seed123_C0_step6000 9 7 0 0.04128588899038732
seed123_C0_step6000 9 7 1 0.041114411025773734
seed123_C0_step6000 9 7 2 0.04177779599558562
seed123_C0_step6000 9 7 3 0.04177839803742245
seed123_C0_step6000 9 7 4 0.04127168096601963
seed123_C0_step6000 9 7 5 0.041574089031200856
seed123_C0_step6000 9 7 6 0.041945275967009366
seed123_C0_step6000 9 7 7 0.04189199395477772
seed123_C0_step6000 9 7 8 0.0415973819908686
seed123_C0_step6000 9 7 9 0.04244059004122391
seed123_C0_step6000 9 8 0 0.04426611796952784
seed123_C0_step6000 9 8 1 0.041977788030635566
seed123_C0_step6000 9 8 2 0.04213836300186813
seed123_C0_step6000 9 8 3 0.04228209803113714
seed123_C0_step6000 9 8 4 0.04905946395592764
seed123_C0_step6000 9 8 5 0.045382466982118785
seed123_C0_step6000 9 8 6 0.04212056897813454
seed123_C0_step6000 9 8 7 0.0468619370367378
seed123_C0_step6000 9 8 8 0.04948644799878821
seed123_C0_step6000 9 8 9 0.044696149008814245
seed123_C0_step6000 9 9 0 0.044348324998281896
seed123_C0_step6000 9 9 1 0.045386405021417886
seed123_C0_step6000 9 9 2 0.04467609099810943
seed123_C0_step6000 9 9 3 0.047018865996506065
seed123_C0_step6000 9 9 4 0.04446261399425566
seed123_C0_step6000 9 9 5 0.04246757103828713
seed123_C0_step6000 9 9 6 0.04139959503663704
seed123_C0_step6000 9 9 7 0.04125302599277347
seed123_C0_step6000 9 9 8 0.04064821300562471
seed123_C0_step6000 9 9 9 0.040696485026273876
seed123_C0_step6000 12 0 0 0.4499349739635363
seed123_C0_step6000 12 0 1 0.43442117696395144
seed123_C0_step6000 12 0 2 0.4554320040042512
seed123_C0_step6000 12 0 3 0.45896990899927914
seed123_C0_step6000 12 0 4 0.45634000800782815
seed123_C0_step6000 12 0 5 0.45526416797656566
seed123_C0_step6000 12 0 6 0.4873918340308592
seed123_C0_step6000 12 0 7 0.457874576037284
seed123_C0_step6000 12 0 8 0.4816277399659157
seed123_C0_step6000 12 0 9 0.46693624899489805
seed123_C0_step6000 12 1 0 0.45434485300211236
seed123_C0_step6000 12 1 1 0.46152220299700275
seed123_C0_step6000 12 1 2 0.45689085801132023
seed123_C0_step6000 12 1 3 0.45324616198195145
seed123_C0_step6000 12 1 4 0.4700046250363812
seed123_C0_step6000 12 1 5 0.45616644102847204
seed123_C0_step6000 12 1 6 0.46520111098652706
seed123_C0_step6000 12 1 7 0.458627054002136
seed123_C0_step6000 12 1 8 0.4568937200237997
seed123_C0_step6000 12 1 9 0.4846826669527218
seed123_C0_step6000 12 2 0 0.46186686103465036
seed123_C0_step6000 12 2 1 0.47438664600485936
seed123_C0_step6000 12 2 2 0.45691143901785836
seed123_C0_step6000 12 2 3 0.46115958696464077
seed123_C0_step6000 12 2 4 0.4589939200086519
seed123_C0_step6000 12 2 5 0.4587296289973892
seed123_C0_step6000 12 2 6 0.46360895002726465
seed123_C0_step6000 12 2 7 0.47149994102073833
seed123_C0_step6000 12 2 8 0.47779510100372136
seed123_C0_step6000 12 2 9 0.5007281449506991
seed123_C0_step6000 12 3 0 0.470931752002798
seed123_C0_step6000 12 3 1 0.48175610502948985
seed123_C0_step6000 12 3 2 0.4819277840433642
seed123_C0_step6000 12 3 3 0.4688814780092798
seed123_C0_step6000 12 3 4 0.46982464799657464
seed123_C0_step6000 12 3 5 0.44831773603800684
seed123_C0_step6000 12 3 6 0.444239733973518
seed123_C0_step6000 12 3 7 0.44232540600933135
seed123_C0_step6000 12 3 8 0.4490936590009369
seed123_C0_step6000 12 3 9 0.4786476499866694
seed123_C0_step6000 12 4 0 0.4681202259962447
seed123_C0_step6000 12 4 1 0.49811926699476317
seed123_C0_step6000 12 4 2 0.46205456799361855
seed123_C0_step6000 12 4 3 0.45344562898389995
seed123_C0_step6000 12 4 4 0.4565917370491661
seed123_C0_step6000 12 4 5 0.4565271050087176
seed123_C0_step6000 12 4 6 0.45274331397376955
seed123_C0_step6000 12 4 7 0.46322761004557833
seed123_C0_step6000 12 4 8 0.4553075429867022
seed123_C0_step6000 12 4 9 0.4555715789902024
seed123_C0_step6000 12 5 0 0.44304797903168947
seed123_C0_step6000 12 5 1 0.4480066120158881
seed123_C0_step6000 12 5 2 0.46824810502585024
seed123_C0_step6000 12 5 3 0.4623313079937361
seed123_C0_step6000 12 5 4 0.47518823604332283
seed123_C0_step6000 12 5 5 0.4772710669785738
seed123_C0_step6000 12 5 6 0.4586986679933034
seed123_C0_step6000 12 5 7 0.4694893569685519
seed123_C0_step6000 12 5 8 0.47513150301529095
seed123_C0_step6000 12 5 9 0.45739284303272143
seed123_C0_step6000 12 6 0 0.4570071789785288
seed123_C0_step6000 12 6 1 0.44927244598511606
seed123_C0_step6000 12 6 2 0.45114752202061936
seed123_C0_step6000 12 6 3 0.4483356330310926
seed123_C0_step6000 12 6 4 0.44465532898902893
seed123_C0_step6000 12 6 5 0.47473282099235803
seed123_C0_step6000 12 6 6 0.4668343779630959
seed123_C0_step6000 12 6 7 0.4353023740113713
seed123_C0_step6000 12 6 8 0.460596558987163
seed123_C0_step6000 12 6 9 0.47667436697520316
seed123_C0_step6000 12 7 0 0.4680696070427075
seed123_C0_step6000 12 7 1 0.4613297309842892
seed123_C0_step6000 12 7 2 0.4621690710191615
seed123_C0_step6000 12 7 3 0.4604747630073689
seed123_C0_step6000 12 7 4 0.4458919760072604
seed123_C0_step6000 12 7 5 0.44369497103616595
seed123_C0_step6000 12 7 6 0.4471679810085334
seed123_C0_step6000 12 7 7 0.4520204740110785
seed123_C0_step6000 12 7 8 0.46382025600178167
seed123_C0_step6000 12 7 9 0.4379587619914673
seed123_C0_step6000 12 8 0 0.4570599920116365
seed123_C0_step6000 12 8 1 0.4426287750247866
seed123_C0_step6000 12 8 2 0.448114191996865
seed123_C0_step6000 12 8 3 0.4443151119630784
seed123_C0_step6000 12 8 4 0.49534471496008337
seed123_C0_step6000 12 8 5 0.46718155103735626
seed123_C0_step6000 12 8 6 0.45404127502115443
seed123_C0_step6000 12 8 7 0.46560674195643514
seed123_C0_step6000 12 8 8 0.44757677597226575
seed123_C0_step6000 12 8 9 0.4499387079849839
seed123_C0_step6000 12 9 0 0.44434941600775346
seed123_C0_step6000 12 9 1 0.450201781000942
seed123_C0_step6000 12 9 2 0.45861461997264996
seed123_C0_step6000 12 9 3 0.4456577029777691
seed123_C0_step6000 12 9 4 0.46404273895313963
seed123_C0_step6000 12 9 5 0.45656004699412733
seed123_C0_step6000 12 9 6 0.44408681098138914
seed123_C0_step6000 12 9 7 0.4384062940371223
seed123_C0_step6000 12 9 8 0.4384629129781388
seed123_C0_step6000 12 9 9 0.47684398700948805
seed123_C0_step6000 18 0 0 0.11100451904349029
seed123_C0_step6000 18 0 1 0.11528417700901628
seed123_C0_step6000 18 0 2 0.10846948600374162
seed123_C0_step6000 18 0 3 0.1058542410028167
seed123_C0_step6000 18 0 4 0.10743931296747178
seed123_C0_step6000 18 0 5 0.11253672902239487
seed123_C0_step6000 18 0 6 0.11208958795759827
seed123_C0_step6000 18 0 7 0.1090593200060539
seed123_C0_step6000 18 0 8 0.1179904059972614
seed123_C0_step6000 18 0 9 0.11305995803559199
seed123_C0_step6000 18 1 0 0.11039423500187695
seed123_C0_step6000 18 1 1 0.10726513096597046
seed123_C0_step6000 18 1 2 0.10719616996357217
seed123_C0_step6000 18 1 3 0.10792326601222157
seed123_C0_step6000 18 1 4 0.10497398400912061
seed123_C0_step6000 18 1 5 0.10559426702093333
seed123_C0_step6000 18 1 6 0.10708830499788746
seed123_C0_step6000 18 1 7 0.10606993298279122
seed123_C0_step6000 18 1 8 0.10644505801610649
seed123_C0_step6000 18 1 9 0.1089374499861151
seed123_C0_step6000 18 2 0 0.10808536497643217
seed123_C0_step6000 18 2 1 0.1117486180155538
seed123_C0_step6000 18 2 2 0.10775143897626549
seed123_C0_step6000 18 2 3 0.11694822000572458
seed123_C0_step6000 18 2 4 0.10509858198929578
seed123_C0_step6000 18 2 5 0.105383777001407
seed123_C0_step6000 18 2 6 0.102057704993058
seed123_C0_step6000 18 2 7 0.11154998099664226
seed123_C0_step6000 18 2 8 0.11067599395755678
seed123_C0_step6000 18 2 9 0.10869987698970363
seed123_C0_step6000 18 3 0 0.11030365398619324
seed123_C0_step6000 18 3 1 0.11631175701040775
seed123_C0_step6000 18 3 2 0.11585059895878658
seed123_C0_step6000 18 3 3 0.11363133898703381
seed123_C0_step6000 18 3 4 0.10673984204186127
seed123_C0_step6000 18 3 5 0.11529671301832423
seed123_C0_step6000 18 3 6 0.11306316498667002
seed123_C0_step6000 18 3 7 0.10766713897464797
seed123_C0_step6000 18 3 8 0.10870283399708569
seed123_C0_step6000 18 3 9 0.10725438297959045
seed123_C0_step6000 18 4 0 0.11136777297360823
seed123_C0_step6000 18 4 1 0.10789991402998567
seed123_C0_step6000 18 4 2 0.10744973598048091
seed123_C0_step6000 18 4 3 0.10790238797198981
seed123_C0_step6000 18 4 4 0.10867310798494145
seed123_C0_step6000 18 4 5 0.10603282495867461
seed123_C0_step6000 18 4 6 0.10571621096460149
seed123_C0_step6000 18 4 7 0.10541451600147411
seed123_C0_step6000 18 4 8 0.11003691697260365
seed123_C0_step6000 18 4 9 0.10443688201485202
seed123_C0_step6000 18 5 0 0.1064707989571616
seed123_C0_step6000 18 5 1 0.10850526700960472
seed123_C0_step6000 18 5 2 0.1057244969997555
seed123_C0_step6000 18 5 3 0.10827377700479701
seed123_C0_step6000 18 5 4 0.10547194600803778
seed123_C0_step6000 18 5 5 0.10588771902257577
seed123_C0_step6000 18 5 6 0.10475846502231434
seed123_C0_step6000 18 5 7 0.10991896298946813
seed123_C0_step6000 18 5 8 0.10321872099302709
seed123_C0_step6000 18 5 9 0.10607967502437532
seed123_C0_step6000 18 6 0 0.10339947498869151
seed123_C0_step6000 18 6 1 0.10402093100128695
seed123_C0_step6000 18 6 2 0.10778814100194722
seed123_C0_step6000 18 6 3 0.10482375096762553
seed123_C0_step6000 18 6 4 0.10579300799872726
seed123_C0_step6000 18 6 5 0.11783924198243767
seed123_C0_step6000 18 6 6 0.124840646982193
seed123_C0_step6000 18 6 7 0.12246662197867408
seed123_C0_step6000 18 6 8 0.11968133301706985
seed123_C0_step6000 18 6 9 0.10534541500965133
seed123_C0_step6000 18 7 0 0.11707167897839099
seed123_C0_step6000 18 7 1 0.1100232140161097
seed123_C0_step6000 18 7 2 0.10962674603797495
seed123_C0_step6000 18 7 3 0.10802804003469646
seed123_C0_step6000 18 7 4 0.11245848500402644
seed123_C0_step6000 18 7 5 0.1063585759839043
seed123_C0_step6000 18 7 6 0.1045730640180409
seed123_C0_step6000 18 7 7 0.10528402903582901
seed123_C0_step6000 18 7 8 0.1065996770048514
seed123_C0_step6000 18 7 9 0.10977780498797074
seed123_C0_step6000 18 8 0 0.10366723797051236
seed123_C0_step6000 18 8 1 0.11025797098409384
seed123_C0_step6000 18 8 2 0.11595919902902097
seed123_C0_step6000 18 8 3 0.10942960099782795
seed123_C0_step6000 18 8 4 0.1140360229765065
seed123_C0_step6000 18 8 5 0.10993893299018964
seed123_C0_step6000 18 8 6 0.11114830896258354
seed123_C0_step6000 18 8 7 0.11121667898260057
seed123_C0_step6000 18 8 8 0.11015919299097732
seed123_C0_step6000 18 8 9 0.11246056098025292
seed123_C0_step6000 18 9 0 0.10852251300821081
seed123_C0_step6000 18 9 1 0.10865199996624142
seed123_C0_step6000 18 9 2 0.10552877595182508
seed123_C0_step6000 18 9 3 0.10703435697359964
seed123_C0_step6000 18 9 4 0.1128504240186885
seed123_C0_step6000 18 9 5 0.11151797400088981
seed123_C0_step6000 18 9 6 0.1117088469909504
seed123_C0_step6000 18 9 7 0.1143965520313941
seed123_C0_step6000 18 9 8 0.11063738499069586
seed123_C0_step6000 18 9 9 0.10680350702023134
seed123_C0_step6000 22 0 0 0.016588783008046448
seed123_C0_step6000 22 0 1 0.015643810969777405
seed123_C0_step6000 22 0 2 0.01562372298212722
seed123_C0_step6000 22 0 3 0.015670042019337416
seed123_C0_step6000 22 0 4 0.016024787968490273
seed123_C0_step6000 22 0 5 0.015661435027141124
seed123_C0_step6000 22 0 6 0.016940243018325418
seed123_C0_step6000 22 0 7 0.015544401947408915
seed123_C0_step6000 22 0 8 0.01574622601037845
seed123_C0_step6000 22 0 9 0.015437207999639213
seed123_C0_step6000 22 1 0 0.015573217009659857
seed123_C0_step6000 22 1 1 0.015638531011063606
seed123_C0_step6000 22 1 2 0.02024608402280137
seed123_C0_step6000 22 1 3 0.015899177989922464
seed123_C0_step6000 22 1 4 0.01545935997273773
seed123_C0_step6000 22 1 5 0.01569846598431468
seed123_C0_step6000 22 1 6 0.015450894017703831
seed123_C0_step6000 22 1 7 0.015548760013189167
seed123_C0_step6000 22 1 8 0.015429131977725774
seed123_C0_step6000 22 1 9 0.015404125035274774
seed123_C0_step6000 22 2 0 0.015538510982878506
seed123_C0_step6000 22 2 1 0.015539982996415347
seed123_C0_step6000 22 2 2 0.015424021985381842
seed123_C0_step6000 22 2 3 0.015413392975460738
seed123_C0_step6000 22 2 4 0.015411378000862896
seed123_C0_step6000 22 2 5 0.016477791010402143
seed123_C0_step6000 22 2 6 0.01592538901604712
seed123_C0_step6000 22 2 7 0.015631549002137035
seed123_C0_step6000 22 2 8 0.022631640953477472
seed123_C0_step6000 22 2 9 0.01609472098061815
seed123_C0_step6000 22 3 0 0.01554012397537008
seed123_C0_step6000 22 3 1 0.018496028031222522
seed123_C0_step6000 22 3 2 0.015514554979745299
seed123_C0_step6000 22 3 3 0.015438309987075627
seed123_C0_step6000 22 3 4 0.015562176005914807
seed123_C0_step6000 22 3 5 0.015474547981284559
seed123_C0_step6000 22 3 6 0.01545371999964118
seed123_C0_step6000 22 3 7 0.015398073010146618
seed123_C0_step6000 22 3 8 0.01543314999435097
seed123_C0_step6000 22 3 9 0.01550689002033323
seed123_C0_step6000 22 4 0 0.015526107046753168
seed123_C0_step6000 22 4 1 0.01592992601217702
seed123_C0_step6000 22 4 2 0.015644211962353438
seed123_C0_step6000 22 4 3 0.0156425490276888
seed123_C0_step6000 22 4 4 0.015642279002349824
seed123_C0_step6000 22 4 5 0.01569486898370087
seed123_C0_step6000 22 4 6 0.01565680600469932
seed123_C0_step6000 22 4 7 0.015624304010998458
seed123_C0_step6000 22 4 8 0.015742730000056326
seed123_C0_step6000 22 4 9 0.01565382000990212
seed123_C0_step6000 22 5 0 0.015644463011994958
seed123_C0_step6000 22 5 1 0.015687153965700418
seed123_C0_step6000 22 5 2 0.0157475890009664
seed123_C0_step6000 22 5 3 0.016138123988639563
seed123_C0_step6000 22 5 4 0.01638938201358542
seed123_C0_step6000 22 5 5 0.015665933955460787
seed123_C0_step6000 22 5 6 0.015659000957384706
seed123_C0_step6000 22 5 7 0.015692323970142752
seed123_C0_step6000 22 5 8 0.015628952998667955
seed123_C0_step6000 22 5 9 0.015600127982906997
seed123_C0_step6000 22 6 0 0.01564489398151636
seed123_C0_step6000 22 6 1 0.015690109983552247
seed123_C0_step6000 22 6 2 0.015626048028934747
seed123_C0_step6000 22 6 3 0.01562696904875338
seed123_C0_step6000 22 6 4 0.01562547602225095
seed123_C0_step6000 22 6 5 0.015592844050843269
seed123_C0_step6000 22 6 6 0.015591631992720068
seed123_C0_step6000 22 6 7 0.015380950993858278
seed123_C0_step6000 22 6 8 0.015506750962231308
seed123_C0_step6000 22 6 9 0.015390618005767465
seed123_C0_step6000 22 7 0 0.015407512022648007
seed123_C0_step6000 22 7 1 0.015414855035487562
seed123_C0_step6000 22 7 2 0.015620648046024144
seed123_C0_step6000 22 7 3 0.015644072031136602
seed123_C0_step6000 22 7 4 0.015812042984180152
seed123_C0_step6000 22 7 5 0.01576623402070254
seed123_C0_step6000 22 7 6 0.01571278303163126
seed123_C0_step6000 22 7 7 0.01563055597944185
seed123_C0_step6000 22 7 8 0.015599557023961097
seed123_C0_step6000 22 7 9 0.015618542965967208
seed123_C0_step6000 22 8 0 0.015597663004882634
seed123_C0_step6000 22 8 1 0.0156229009735398
seed123_C0_step6000 22 8 2 0.016265646961983293
seed123_C0_step6000 22 8 3 0.015980784024577588
seed123_C0_step6000 22 8 4 0.016007294005248696
seed123_C0_step6000 22 8 5 0.015802604029886425
seed123_C0_step6000 22 8 6 0.016009056998882443
seed123_C0_step6000 22 8 7 0.01574704801896587
seed123_C0_step6000 22 8 8 0.016217644966673106
seed123_C0_step6000 22 8 9 0.01621176500339061
seed123_C0_step6000 22 9 0 0.016066748008597642
seed123_C0_step6000 22 9 1 0.01601468800799921
seed123_C0_step6000 22 9 2 0.016201835009269416
seed123_C0_step6000 22 9 3 0.017245365015696734
seed123_C0_step6000 22 9 4 0.01565288903657347
seed123_C0_step6000 22 9 5 0.01583063800353557
seed123_C0_step6000 22 9 6 0.015735507011413574
seed123_C0_step6000 22 9 7 0.015642890008166432
seed123_C0_step6000 22 9 8 0.015936969954054803
seed123_C0_step6000 22 9 9 0.016195953998249024
seed123_C0_step6000 24 0 0 0.017951590998563915
seed123_C0_step6000 24 0 1 0.017773993022274226
seed123_C0_step6000 24 0 2 0.017471355036832392
seed123_C0_step6000 24 0 3 0.01750471896957606
seed123_C0_step6000 24 0 4 0.017647090018726885
seed123_C0_step6000 24 0 5 0.017569212010130286
seed123_C0_step6000 24 0 6 0.017457379028201103
seed123_C0_step6000 24 0 7 0.017410137981642038
seed123_C0_step6000 24 0 8 0.017541268025524914
seed123_C0_step6000 24 0 9 0.017463740019593388
seed123_C0_step6000 24 1 0 0.017450915998779237
seed123_C0_step6000 24 1 1 0.01905380201060325
seed123_C0_step6000 24 1 2 0.01749192498391494
seed123_C0_step6000 24 1 3 0.017613246047403663
seed123_C0_step6000 24 1 4 0.017484028998296708
seed123_C0_step6000 24 1 5 0.0174852010095492
seed123_C0_step6000 24 1 6 0.01744523597881198
seed123_C0_step6000 24 1 7 0.01740232395241037
seed123_C0_step6000 24 1 8 0.021143144986126572
seed123_C0_step6000 24 1 9 0.0176383139914833
seed123_C0_step6000 24 2 0 0.017345305008348078
seed123_C0_step6000 24 2 1 0.017238981963600963
seed123_C0_step6000 24 2 2 0.017173478030599654
seed123_C0_step6000 24 2 3 0.01722985500236973
seed123_C0_step6000 24 2 4 0.017172174993902445
seed123_C0_step6000 24 2 5 0.01753705000737682
seed123_C0_step6000 24 2 6 0.017633022973313928
seed123_C0_step6000 24 2 7 0.017861989967059344
seed123_C0_step6000 24 2 8 0.019739429000765085
seed123_C0_step6000 24 2 9 0.01909414998954162
seed123_C0_step6000 24 3 0 0.01939391001360491
seed123_C0_step6000 24 3 1 0.01873905200045556
seed123_C0_step6000 24 3 2 0.019718588970135897
seed123_C0_step6000 24 3 3 0.019426272017881274
seed123_C0_step6000 24 3 4 0.01851409295341
seed123_C0_step6000 24 3 5 0.01823361899005249
seed123_C0_step6000 24 3 6 0.01821752800606191
seed123_C0_step6000 24 3 7 0.018690299009904265
seed123_C0_step6000 24 3 8 0.01939807803137228
seed123_C0_step6000 24 3 9 0.02123886696062982
seed123_C0_step6000 24 4 0 0.0183299119817093
seed123_C0_step6000 24 4 1 0.018411447992548347
seed123_C0_step6000 24 4 2 0.0190719059901312
seed123_C0_step6000 24 4 3 0.02199249400291592
seed123_C0_step6000 24 4 4 0.018146602960769087
seed123_C0_step6000 24 4 5 0.01819787098793313
seed123_C0_step6000 24 4 6 0.018285277008544654
seed123_C0_step6000 24 4 7 0.018527337000705302
seed123_C0_step6000 24 4 8 0.018600186973344535
seed123_C0_step6000 24 4 9 0.018458826991263777
seed123_C0_step6000 24 5 0 0.018478576035704464
seed123_C0_step6000 24 5 1 0.018407038995064795
seed123_C0_step6000 24 5 2 0.018368635966908187
seed123_C0_step6000 24 5 3 0.018518210970796645
seed123_C0_step6000 24 5 4 0.01847358699887991
seed123_C0_step6000 24 5 5 0.018397972045931965
seed123_C0_step6000 24 5 6 0.01861967402510345
seed123_C0_step6000 24 5 7 0.01861892401939258
seed123_C0_step6000 24 5 8 0.018516428011935204
seed123_C0_step6000 24 5 9 0.018345461052376777
seed123_C0_step6000 24 6 0 0.018307578982785344
seed123_C0_step6000 24 6 1 0.018303530989214778
seed123_C0_step6000 24 6 2 0.018411868019029498
seed123_C0_step6000 24 6 3 0.018443719018250704
seed123_C0_step6000 24 6 4 0.018407639989163727
seed123_C0_step6000 24 6 5 0.018360059999395162
seed123_C0_step6000 24 6 6 0.018368856981396675
seed123_C0_step6000 24 6 7 0.018786973028909415
seed123_C0_step6000 24 6 8 0.020107710966840386
seed123_C0_step6000 24 6 9 0.01820649701403454
seed123_C0_step6000 24 7 0 0.018080537032801658
seed123_C0_step6000 24 7 1 0.01807795197237283
seed123_C0_step6000 24 7 2 0.018116776016540825
seed123_C0_step6000 24 7 3 0.02020548697328195
seed123_C0_step6000 24 7 4 0.018987655988894403
seed123_C0_step6000 24 7 5 0.018535193987190723
seed123_C0_step6000 24 7 6 0.01790728699415922
seed123_C0_step6000 24 7 7 0.01782195398118347
seed123_C0_step6000 24 7 8 0.017977359995711595
seed123_C0_step6000 24 7 9 0.018897114030551165
seed123_C0_step6000 24 8 0 0.01834910799516365
seed123_C0_step6000 24 8 1 0.017865387024357915
seed123_C0_step6000 24 8 2 0.019817228021565825
seed123_C0_step6000 24 8 3 0.020573658985085785
seed123_C0_step6000 24 8 4 0.01818223000736907
seed123_C0_step6000 24 8 5 0.019797710003331304
seed123_C0_step6000 24 8 6 0.019667242013383657
seed123_C0_step6000 24 8 7 0.017662519996520132
seed123_C0_step6000 24 8 8 0.018058374989777803
seed123_C0_step6000 24 8 9 0.017927043954841793
seed123_C0_step6000 24 9 0 0.018226043961476535
seed123_C0_step6000 24 9 1 0.01897156599443406
seed123_C0_step6000 24 9 2 0.022856199997477233
seed123_C0_step6000 24 9 3 0.022206382011063397
seed123_C0_step6000 24 9 4 0.018924466043245047
seed123_C0_step6000 24 9 5 0.018737378995865583
seed123_C0_step6000 24 9 6 0.01737868902273476
seed123_C0_step6000 24 9 7 0.01734863198362291
seed123_C0_step6000 24 9 8 0.017349662957713008
seed123_C0_step6000 24 9 9 0.017378107004333287
seed123_C0_step6000 30 0 0 0.02795053197769448
seed123_C0_step6000 30 0 1 0.0277393989963457
seed123_C0_step6000 30 0 2 0.027997702010907233
seed123_C0_step6000 30 0 3 0.027843357005622238
seed123_C0_step6000 30 0 4 0.027794014022219926
seed123_C0_step6000 30 0 5 0.027609413024038076
seed123_C0_step6000 30 0 6 0.028209875978063792
seed123_C0_step6000 30 0 7 0.030920614022761583
seed123_C0_step6000 30 0 8 0.027342142013367265
seed123_C0_step6000 30 0 9 0.028508475981652737
seed123_C0_step6000 30 1 0 0.026781693974044174
seed123_C0_step6000 30 1 1 0.026785722002387047
seed123_C0_step6000 30 1 2 0.028217560960911214
seed123_C0_step6000 30 1 3 0.028012690017931163
seed123_C0_step6000 30 1 4 0.02712664200225845
seed123_C0_step6000 30 1 5 0.028645357000641525
seed123_C0_step6000 30 1 6 0.028328151965979487
seed123_C0_step6000 30 1 7 0.026941558986436576
seed123_C0_step6000 30 1 8 0.02686477202223614
seed123_C0_step6000 30 1 9 0.02737241896102205
seed123_C0_step6000 30 2 0 0.02866366197122261
seed123_C0_step6000 30 2 1 0.027102254971396178
seed123_C0_step6000 30 2 2 0.027724961983039975
seed123_C0_step6000 30 2 3 0.027221983997151256
seed123_C0_step6000 30 2 4 0.027346691000275314
seed123_C0_step6000 30 2 5 0.027254164044279605
seed123_C0_step6000 30 2 6 0.02722559100948274
seed123_C0_step6000 30 2 7 0.028853532974608243
seed123_C0_step6000 30 2 8 0.027365677000489086
seed123_C0_step6000 30 2 9 0.028961829957552254
seed123_C0_step6000 30 3 0 0.030631964036729187
seed123_C0_step6000 30 3 1 0.02760340995155275
seed123_C0_step6000 30 3 2 0.027666912006679922
seed123_C0_step6000 30 3 3 0.026955314038787037
seed123_C0_step6000 30 3 4 0.026900068973191082
seed123_C0_step6000 30 3 5 0.02688133402261883
seed123_C0_step6000 30 3 6 0.027016151056159288
seed123_C0_step6000 30 3 7 0.027019267028663307
seed123_C0_step6000 30 3 8 0.02754564001224935
seed123_C0_step6000 30 3 9 0.027255357010290027
seed123_C0_step6000 30 4 0 0.027083589986432344
seed123_C0_step6000 30 4 1 0.028939658019226044
seed123_C0_step6000 30 4 2 0.027194991009309888
seed123_C0_step6000 30 4 3 0.026935527042951435
seed123_C0_step6000 30 4 4 0.02742658299393952
seed123_C0_step6000 30 4 5 0.028033720969688147
seed123_C0_step6000 30 4 6 0.02844189800089225
seed123_C0_step6000 30 4 7 0.030525621958076954
seed123_C0_step6000 30 4 8 0.02814400097122416
seed123_C0_step6000 30 4 9 0.027072708995547146
seed123_C0_step6000 30 5 0 0.02719183498993516
seed123_C0_step6000 30 5 1 0.027298228989820927
seed123_C0_step6000 30 5 2 0.02786758402362466
seed123_C0_step6000 30 5 3 0.02735967596527189
seed123_C0_step6000 30 5 4 0.02733973803697154
seed123_C0_step6000 30 5 5 0.02730769698973745
seed123_C0_step6000 30 5 6 0.027459896984510124
seed123_C0_step6000 30 5 7 0.027403169020544738
seed123_C0_step6000 30 5 8 0.027922229026444256
seed123_C0_step6000 30 5 9 0.02747957402607426
seed123_C0_step6000 30 6 0 0.02734667103504762
seed123_C0_step6000 30 6 1 0.02728706697234884
seed123_C0_step6000 30 6 2 0.028393457003403455
seed123_C0_step6000 30 6 3 0.02905946597456932
seed123_C0_step6000 30 6 4 0.03235891502117738
seed123_C0_step6000 30 6 5 0.02728928200667724
seed123_C0_step6000 30 6 6 0.02699754503555596
seed123_C0_step6000 30 6 7 0.027099700993858278
seed123_C0_step6000 30 6 8 0.026862578000873327
seed123_C0_step6000 30 6 9 0.02762398001505062
seed123_C0_step6000 30 7 0 0.02824486297322437
seed123_C0_step6000 30 7 1 0.028343110985588282
seed123_C0_step6000 30 7 2 0.02786426799139008
seed123_C0_step6000 30 7 3 0.02734537801006809
seed123_C0_step6000 30 7 4 0.027109029004350305
seed123_C0_step6000 30 7 5 0.027880898967850953
seed123_C0_step6000 30 7 6 0.027985649008769542
seed123_C0_step6000 30 7 7 0.027272028964944184
seed123_C0_step6000 30 7 8 0.028698718000669032
seed123_C0_step6000 30 7 9 0.02981645002728328
seed123_C0_step6000 30 8 0 0.029823673015926033
seed123_C0_step6000 30 8 1 0.02861807501176372
seed123_C0_step6000 30 8 2 0.029705527995247394
seed123_C0_step6000 30 8 3 0.03345772001193836
seed123_C0_step6000 30 8 4 0.02935451897792518
seed123_C0_step6000 30 8 5 0.029166559979785234
seed123_C0_step6000 30 8 6 0.02944745501736179
seed123_C0_step6000 30 8 7 0.029282842006068677
seed123_C0_step6000 30 8 8 0.030312705028336495
seed123_C0_step6000 30 8 9 0.03114655497483909
seed123_C0_step6000 30 9 0 0.03196216997457668
seed123_C0_step6000 30 9 1 0.03239662799751386
seed123_C0_step6000 30 9 2 0.029951656993944198
seed123_C0_step6000 30 9 3 0.03095260402187705
seed123_C0_step6000 30 9 4 0.029700348037295043
seed123_C0_step6000 30 9 5 0.030615532014053315
seed123_C0_step6000 30 9 6 0.029927290976047516
seed123_C0_step6000 30 9 7 0.03229332104092464
seed123_C0_step6000 30 9 8 0.0318919459823519
seed123_C0_step6000 30 9 9 0.029034397972282022
seed123_C0_step6000 33 0 0 0.008906439004931599
seed123_C0_step6000 33 0 1 0.008017332991585135
seed123_C0_step6000 33 0 2 0.007782996050082147
seed123_C0_step6000 33 0 3 0.008087055990472436
seed123_C0_step6000 33 0 4 0.007878880016505718
seed123_C0_step6000 33 0 5 0.007751856988761574
seed123_C0_step6000 33 0 6 0.00815775099908933
seed123_C0_step6000 33 0 7 0.008198007999453694
seed123_C0_step6000 33 0 8 0.007812343013938516
seed123_C0_step6000 33 0 9 0.007814638025593013
seed123_C0_step6000 33 1 0 0.007516418001614511
seed123_C0_step6000 33 1 1 0.007459930959157646
seed123_C0_step6000 33 1 2 0.007473104982636869
seed123_C0_step6000 33 1 3 0.007467925956007093
seed123_C0_step6000 33 1 4 0.007425665971823037
seed123_C0_step6000 33 1 5 0.007410947000607848
seed123_C0_step6000 33 1 6 0.007415055006276816
seed123_C0_step6000 33 1 7 0.007419133035000414
seed123_C0_step6000 33 1 8 0.007399827009066939
seed123_C0_step6000 33 1 9 0.0074636570061556995
seed123_C0_step6000 33 2 0 0.007617831986863166
seed123_C0_step6000 33 2 1 0.007481671986170113
seed123_C0_step6000 33 2 2 0.007425454969052225
seed123_C0_step6000 33 2 3 0.007429482997395098
seed123_C0_step6000 33 2 4 0.007415636035148054
seed123_C0_step6000 33 2 5 0.007482113025616854
seed123_C0_step6000 33 2 6 0.0075249350047670305
seed123_C0_step6000 33 2 7 0.00751643895637244
seed123_C0_step6000 33 2 8 0.007476753031369299
seed123_C0_step6000 33 2 9 0.0074454640271142125
seed123_C0_step6000 33 3 0 0.0074779249844141304
seed123_C0_step6000 33 3 1 0.007726048002950847
seed123_C0_step6000 33 3 2 0.007443350041285157
seed123_C0_step6000 33 3 3 0.007454370963387191
seed123_C0_step6000 33 3 4 0.007446776027791202
seed123_C0_step6000 33 3 5 0.007448680000379682
seed123_C0_step6000 33 3 6 0.0074423670303076506
seed123_C0_step6000 33 3 7 0.007567505992483348
seed123_C0_step6000 33 3 8 0.007420836947858334
seed123_C0_step6000 33 3 9 0.0074525169911794364
seed123_C0_step6000 33 4 0 0.007472884957678616
seed123_C0_step6000 33 4 1 0.007446064963005483
seed123_C0_step6000 33 4 2 0.00848124799085781
seed123_C0_step6000 33 4 3 0.008671110030263662
seed123_C0_step6000 33 4 4 0.008571038953959942
seed123_C0_step6000 33 4 5 0.008641674008686095
seed123_C0_step6000 33 4 6 0.007871704990975559
seed123_C0_step6000 33 4 7 0.00814484601141885
seed123_C0_step6000 33 4 8 0.008325119968503714
seed123_C0_step6000 33 4 9 0.008524050004780293
seed123_C0_step6000 33 5 0 0.008279902976937592
seed123_C0_step6000 33 5 1 0.008151208981871605
seed123_C0_step6000 33 5 2 0.008174654038157314
seed123_C0_step6000 33 5 3 0.007785602007061243
seed123_C0_step6000 33 5 4 0.007963790965732187
seed123_C0_step6000 33 5 5 0.008021151006687433
seed123_C0_step6000 33 5 6 0.007998115965165198
seed123_C0_step6000 33 5 7 0.008550499973352998
seed123_C0_step6000 33 5 8 0.0075618550181388855
seed123_C0_step6000 33 5 9 0.00787449098424986
seed123_C0_step6000 33 6 0 0.008054113015532494
seed123_C0_step6000 33 6 1 0.007584618986584246
seed123_C0_step6000 33 6 2 0.007735636958386749
seed123_C0_step6000 33 6 3 0.007864581944886595
seed123_C0_step6000 33 6 4 0.007546685985289514
seed123_C0_step6000 33 6 5 0.007577925978694111
seed123_C0_step6000 33 6 6 0.007462186040356755
seed123_C0_step6000 33 6 7 0.007529864029493183
seed123_C0_step6000 33 6 8 0.007477394014131278
seed123_C0_step6000 33 6 9 0.0075158170075155795
seed123_C0_step6000 33 7 0 0.00792479800293222
seed123_C0_step6000 33 7 1 0.007728402968496084
seed123_C0_step6000 33 7 2 0.007645674981176853
seed123_C0_step6000 33 7 3 0.007939775008708239
seed123_C0_step6000 33 7 4 0.0077749110059812665
seed123_C0_step6000 33 7 5 0.007491961994674057
seed123_C0_step6000 33 7 6 0.007799648039508611
seed123_C0_step6000 33 7 7 0.009116399043705314
seed123_C0_step6000 33 7 8 0.007539272017311305
seed123_C0_step6000 33 7 9 0.007581642013974488
seed123_C0_step6000 33 8 0 0.007506669033318758
seed123_C0_step6000 33 8 1 0.00752165901940316
seed123_C0_step6000 33 8 2 0.0074675759533420205
seed123_C0_step6000 33 8 3 0.007468927011359483
seed123_C0_step6000 33 8 4 0.007479839026927948
seed123_C0_step6000 33 8 5 0.007502702996134758
seed123_C0_step6000 33 8 6 0.16920122096780688
seed123_C0_step6000 33 8 7 0.00993868603836745
seed123_C0_step6000 33 8 8 0.008532915962859988
seed123_C0_step6000 33 8 9 0.008525662997271866
seed123_C0_step6000 33 9 0 0.008867433993145823
seed123_C0_step6000 33 9 1 0.008115551027003676
seed123_C0_step6000 33 9 2 0.008004078001249582
seed123_C0_step6000 33 9 3 0.00791895599104464
seed123_C0_step6000 33 9 4 0.007869180000852793
seed123_C0_step6000 33 9 5 0.007927041966468096
seed123_C0_step6000 33 9 6 0.009005238011013716
seed123_C0_step6000 33 9 7 0.00915862899273634
seed123_C0_step6000 33 9 8 0.008064663037657738
seed123_C0_step6000 33 9 9 0.007950555998831987
seed123_C0_step6000 36 0 0 0.00830843800213188
seed123_C0_step6000 36 0 1 0.008385625027585775
seed123_C0_step6000 36 0 2 0.008228315971791744
seed123_C0_step6000 36 0 3 0.009046725986991078
seed123_C0_step6000 36 0 4 0.008571529004257172
seed123_C0_step6000 36 0 5 0.00842882803408429
seed123_C0_step6000 36 0 6 0.008684936969075352
seed123_C0_step6000 36 0 7 0.008851914026308805
seed123_C0_step6000 36 0 8 0.008545720018446445
seed123_C0_step6000 36 0 9 0.008334047044627368
seed123_C0_step6000 36 1 0 0.009067245002370328
seed123_C0_step6000 36 1 1 0.008517156005837023
seed123_C0_step6000 36 1 2 0.008165685983840376
seed123_C0_step6000 36 1 3 0.008685327018611133
seed123_C0_step6000 36 1 4 0.008568575023673475
seed123_C0_step6000 36 1 5 0.008095482015050948
seed123_C0_step6000 36 1 6 0.0089490000391379
seed123_C0_step6000 36 1 7 0.008858156972564757
seed123_C0_step6000 36 1 8 0.008439327008090913
seed123_C0_step6000 36 1 9 0.008359647006727755
seed123_C0_step6000 36 2 0 0.01019970397464931
seed123_C0_step6000 36 2 1 0.008176055969670415
seed123_C0_step6000 36 2 2 0.00850475300103426
seed123_C0_step6000 36 2 3 0.008794986002612859
seed123_C0_step6000 36 2 4 0.008794775989372283
seed123_C0_step6000 36 2 5 0.009217751969117671
seed123_C0_step6000 36 2 6 0.0084109139861539
seed123_C0_step6000 36 2 7 0.008029446005821228
seed123_C0_step6000 36 2 8 0.008048293006140739
seed123_C0_step6000 36 2 9 0.008087366994004697
seed123_C0_step6000 36 3 0 0.008032201963942498
seed123_C0_step6000 36 3 1 0.008029206015635282
seed123_C0_step6000 36 3 2 0.008097715966869146
seed123_C0_step6000 36 3 3 0.008158652985002846
seed123_C0_step6000 36 3 4 0.008133876021020114
seed123_C0_step6000 36 3 5 0.008164644008502364
seed123_C0_step6000 36 3 6 0.008120129001326859
seed123_C0_step6000 36 3 7 0.008141661004628986
seed123_C0_step6000 36 3 8 0.00811863603303209
seed123_C0_step6000 36 3 9 0.00812154304003343
seed123_C0_step6000 36 4 0 0.00849025504430756
seed123_C0_step6000 36 4 1 0.00838258903240785
seed123_C0_step6000 36 4 2 0.008400033053476363
seed123_C0_step6000 36 4 3 0.008366590016521513
seed123_C0_step6000 36 4 4 0.00836279196664691
seed123_C0_step6000 36 4 5 0.008654047967866063
seed123_C0_step6000 36 4 6 0.008632066019345075
seed123_C0_step6000 36 4 7 0.008489994972478598
seed123_C0_step6000 36 4 8 0.008420803002081811
seed123_C0_step6000 36 4 9 0.010004391020629555
seed123_C0_step6000 36 5 0 0.008055937010794878
seed123_C0_step6000 36 5 1 0.008080494008027017
seed123_C0_step6000 36 5 2 0.009964455966837704
seed123_C0_step6000 36 5 3 0.008162609999999404
seed123_C0_step6000 36 5 4 0.00801359600154683
seed123_C0_step6000 36 5 5 0.008014427963644266
seed123_C0_step6000 36 5 6 0.007999229012057185
seed123_C0_step6000 36 5 7 0.008008076052647084
seed123_C0_step6000 36 5 8 0.007999068999197334
seed123_C0_step6000 36 5 9 0.008045797992963344
seed123_C0_step6000 36 6 0 0.007986003998667002
seed123_C0_step6000 36 6 1 0.007989811012521386
seed123_C0_step6000 36 6 2 0.007983208983205259
seed123_C0_step6000 36 6 3 0.007986625016201288
seed123_C0_step6000 36 6 4 0.007977097004186362
seed123_C0_step6000 36 6 5 0.008040838001761585
seed123_C0_step6000 36 6 6 0.007999950961675495
seed123_C0_step6000 36 6 7 0.008000291010830551
seed123_C0_step6000 36 6 8 0.008115970995277166
seed123_C0_step6000 36 6 9 0.008020289009436965
seed123_C0_step6000 36 7 0 0.008025649993214756
seed123_C0_step6000 36 7 1 0.008046870003454387
seed123_C0_step6000 36 7 2 0.008030147990211844
seed123_C0_step6000 36 7 3 0.008008236007299274
seed123_C0_step6000 36 7 4 0.008005330979358405
seed123_C0_step6000 36 7 5 0.008010188990738243
seed123_C0_step6000 36 7 6 0.008061928965616971
seed123_C0_step6000 36 7 7 0.008104600012302399
seed123_C0_step6000 36 7 8 0.008377941034268588
seed123_C0_step6000 36 7 9 0.008592871017754078
seed123_C0_step6000 36 8 0 0.008091083960607648
seed123_C0_step6000 36 8 1 0.00803498801542446
seed123_C0_step6000 36 8 2 0.008047039969824255
seed123_C0_step6000 36 8 3 0.008163711987435818
seed123_C0_step6000 36 8 4 0.008037511957809329
seed123_C0_step6000 36 8 5 0.008431171998381615
seed123_C0_step6000 36 8 6 0.008386947971303016
seed123_C0_step6000 36 8 7 0.00851979199796915
seed123_C0_step6000 36 8 8 0.008040667977184057
seed123_C0_step6000 36 8 9 0.008530922990757972
seed123_C0_step6000 36 9 0 0.008264756004791707
seed123_C0_step6000 36 9 1 0.008178739983122796
seed123_C0_step6000 36 9 2 0.008189691987354308
seed123_C0_step6000 36 9 3 0.008733809983823448
seed123_C0_step6000 36 9 4 0.00831418897723779
seed123_C0_step6000 36 9 5 0.008217004011385143
seed123_C0_step6000 36 9 6 0.008730072993785143
seed123_C0_step6000 36 9 7 0.008070896030403674
seed123_C0_step6000 36 9 8 0.008113787975162268
seed123_C0_step6000 36 9 9 0.008383753011003137
seed123_C0_step6000 40 0 0 0.005709513963665813
seed123_C0_step6000 40 0 1 0.005585777980741113
seed123_C0_step6000 40 0 2 0.005099340982269496
seed123_C0_step6000 40 0 3 0.005187589966226369
seed123_C0_step6000 40 0 4 0.005704754963517189
seed123_C0_step6000 40 0 5 0.005585918028373271
seed123_C0_step6000 40 0 6 0.0050662579596973956
seed123_C0_step6000 40 0 7 0.005207267007790506
seed123_C0_step6000 40 0 8 0.005376538960263133
seed123_C0_step6000 40 0 9 0.005250307964161038
seed123_C0_step6000 40 1 0 0.005213709024246782
seed123_C0_step6000 40 1 1 0.005298850999679416
seed123_C0_step6000 40 1 2 0.005446671973913908
seed123_C0_step6000 40 1 3 0.005372342013288289
seed123_C0_step6000 40 1 4 0.005018436990212649
seed123_C0_step6000 40 1 5 0.0049641740042716265
seed123_C0_step6000 40 1 6 0.005085473996587098
seed123_C0_step6000 40 1 7 0.00499884900636971
seed123_C0_step6000 40 1 8 0.005282610014546663
seed123_C0_step6000 40 1 9 0.004886474984232336
seed123_C0_step6000 40 2 0 0.004905310983303934
seed123_C0_step6000 40 2 1 0.004980274010449648
seed123_C0_step6000 40 2 2 0.004921902960631996
seed123_C0_step6000 40 2 3 0.004905441019218415
seed123_C0_step6000 40 2 4 0.004940468992572278
seed123_C0_step6000 40 2 5 0.005132894963026047
seed123_C0_step6000 40 2 6 0.004899850988294929
seed123_C0_step6000 40 2 7 0.004903879016637802
seed123_C0_step6000 40 2 8 0.005322295997757465
seed123_C0_step6000 40 2 9 0.005165047012269497
seed123_C0_step6000 40 3 0 0.005093701009172946
seed123_C0_step6000 40 3 1 0.005107155011501163
seed123_C0_step6000 40 3 2 0.005072019004728645
seed123_C0_step6000 40 3 3 0.005736346007324755
seed123_C0_step6000 40 3 4 0.005101774993818253
seed123_C0_step6000 40 3 5 0.005078741000033915
seed123_C0_step6000 40 3 6 0.00517582701286301
seed123_C0_step6000 40 3 7 0.00558915501460433
seed123_C0_step6000 40 3 8 0.005397289001848549
seed123_C0_step6000 40 3 9 0.005084061995148659
seed123_C0_step6000 40 4 0 0.005074383050668985
seed123_C0_step6000 40 4 1 0.005246742977760732
seed123_C0_step6000 40 4 2 0.005076166999060661
seed123_C0_step6000 40 4 3 0.005077339010313153
seed123_C0_step6000 40 4 4 0.005061036965344101
seed123_C0_step6000 40 4 5 0.005219509999733418
seed123_C0_step6000 40 4 6 0.005063843971583992
seed123_C0_step6000 40 4 7 0.0050768679939210415
seed123_C0_step6000 40 4 8 0.005064203985966742
seed123_C0_step6000 40 4 9 0.005075766006484628
seed123_C0_step6000 40 5 0 0.005248915986157954
seed123_C0_step6000 40 5 1 0.005321715027093887
seed123_C0_step6000 40 5 2 0.005061408970504999
seed123_C0_step6000 40 5 3 0.005077138019260019
seed123_C0_step6000 40 5 4 0.00507464399561286
seed123_C0_step6000 40 5 5 0.005114260013215244
seed123_C0_step6000 40 5 6 0.0051416209898889065
seed123_C0_step6000 40 5 7 0.005094741994980723
seed123_C0_step6000 40 5 8 0.005057942005805671
seed123_C0_step6000 40 5 9 0.005086837045382708
seed123_C0_step6000 40 6 0 0.0049981080228462815
seed123_C0_step6000 40 6 1 0.005109390011057258
seed123_C0_step6000 40 6 2 0.005186917958781123
seed123_C0_step6000 40 6 3 0.004912745032925159
seed123_C0_step6000 40 6 4 0.004890582989901304
seed123_C0_step6000 40 6 5 0.004905270994640887
seed123_C0_step6000 40 6 6 0.005186636990401894
seed123_C0_step6000 40 6 7 0.005058242997620255
seed123_C0_step6000 40 6 8 0.00507180904969573
seed123_C0_step6000 40 6 9 0.004903176974039525
seed123_C0_step6000 40 7 0 0.004897144972346723
seed123_C0_step6000 40 7 1 0.004918384947814047
seed123_C0_step6000 40 7 2 0.004990573972463608
seed123_C0_step6000 40 7 3 0.0049305890570394695
seed123_C0_step6000 40 7 4 0.004911613010335714
seed123_C0_step6000 40 7 5 0.004928654991090298
seed123_C0_step6000 40 7 6 0.004909198964014649
seed123_C0_step6000 40 7 7 0.0050334459519945085
seed123_C0_step6000 40 7 8 0.0051549269701354206
seed123_C0_step6000 40 7 9 0.0051474529900588095
seed123_C0_step6000 40 8 0 0.005218247999437153
seed123_C0_step6000 40 8 1 0.005118227039929479
seed123_C0_step6000 40 8 2 0.0050408890238031745
seed123_C0_step6000 40 8 3 0.005101785995066166
seed123_C0_step6000 40 8 4 0.005167270021047443
seed123_C0_step6000 40 8 5 0.0051681119948625565
seed123_C0_step6000 40 8 6 0.00516190001508221
seed123_C0_step6000 40 8 7 0.0049972860142588615
seed123_C0_step6000 40 8 8 0.005094201012980193
seed123_C0_step6000 40 8 9 0.005179182975552976
seed123_C0_step6000 40 9 0 0.005161178996786475
seed123_C0_step6000 40 9 1 0.005101085000205785
seed123_C0_step6000 40 9 2 0.005154416023287922
seed123_C0_step6000 40 9 3 0.005026803002692759
seed123_C0_step6000 40 9 4 0.005136683001182973
seed123_C0_step6000 40 9 5 0.004997758020181209
seed123_C0_step6000 40 9 6 0.005064174009021372
seed123_C0_step6000 40 9 7 0.004988791013602167
seed123_C0_step6000 40 9 8 0.00504941598046571
seed123_C0_step6000 40 9 9 0.0051242089830338955
seed123_C0_step6000 47 0 0 0.06605651503195986
seed123_C0_step6000 47 0 1 0.0642017790232785
seed123_C0_step6000 47 0 2 0.06954101799055934
seed123_C0_step6000 47 0 3 0.06282182899303734
seed123_C0_step6000 47 0 4 0.06090820103418082
seed123_C0_step6000 47 0 5 0.06652565900003538
seed123_C0_step6000 47 0 6 0.06117430794984102
seed123_C0_step6000 47 0 7 0.06457980000413954
seed123_C0_step6000 47 0 8 0.059674599033314735
seed123_C0_step6000 47 0 9 0.06408487603766844
seed123_C0_step6000 47 1 0 0.06139762396924198
seed123_C0_step6000 47 1 1 0.062045629019849
seed123_C0_step6000 47 1 2 0.06485332100419328
seed123_C0_step6000 47 1 3 0.05934108403744176
seed123_C0_step6000 47 1 4 0.06070185697171837
seed123_C0_step6000 47 1 5 0.05977576196892187
seed123_C0_step6000 47 1 6 0.0603145890054293
seed123_C0_step6000 47 1 7 0.06217099801870063
seed123_C0_step6000 47 1 8 0.06311149103567004
seed123_C0_step6000 47 1 9 0.06392949097789824
seed123_C0_step6000 47 2 0 0.06313418503850698
seed123_C0_step6000 47 2 1 0.06386674102395773
seed123_C0_step6000 47 2 2 0.06550007394980639
seed123_C0_step6000 47 2 3 0.07001558202318847
seed123_C0_step6000 47 2 4 0.059489567996934056
seed123_C0_step6000 47 2 5 0.06021447799867019
seed123_C0_step6000 47 2 6 0.06004003598354757
seed123_C0_step6000 47 2 7 0.06333016796270385
seed123_C0_step6000 47 2 8 0.06044247403042391
seed123_C0_step6000 47 2 9 0.05982901400420815
seed123_C0_step6000 47 3 0 0.060866490995977074
seed123_C0_step6000 47 3 1 0.06424933101516217
seed123_C0_step6000 47 3 2 0.05925989901879802
seed123_C0_step6000 47 3 3 0.05919615796301514
seed123_C0_step6000 47 3 4 0.05941694905050099
seed123_C0_step6000 47 3 5 0.05929910304257646
seed123_C0_step6000 47 3 6 0.0591396699892357
seed123_C0_step6000 47 3 7 0.05932830000529066
seed123_C0_step6000 47 3 8 0.05925585195655003
seed123_C0_step6000 47 3 9 0.06019237695727497
seed123_C0_step6000 47 4 0 0.06436825700802729
seed123_C0_step6000 47 4 1 0.0603055430110544
seed123_C0_step6000 47 4 2 0.06382422999013215
seed123_C0_step6000 47 4 3 0.0616825670003891
seed123_C0_step6000 47 4 4 0.06251230899943039
seed123_C0_step6000 47 4 5 0.06367807200876996
seed123_C0_step6000 47 4 6 0.06411772000137717
seed123_C0_step6000 47 4 7 0.07041992503218353
seed123_C0_step6000 47 4 8 0.06526548904366791
seed123_C0_step6000 47 4 9 0.06253039499279112
seed123_C0_step6000 47 5 0 0.0658684879890643
seed123_C0_step6000 47 5 1 0.06380637700203806
seed123_C0_step6000 47 5 2 0.06291731202509254
seed123_C0_step6000 47 5 3 0.0625049450318329
seed123_C0_step6000 47 5 4 0.06700689799617976
seed123_C0_step6000 47 5 5 0.06595890002790838
seed123_C0_step6000 47 5 6 0.0699331570067443
seed123_C0_step6000 47 5 7 0.06436174502596259
seed123_C0_step6000 47 5 8 0.06031819700729102
seed123_C0_step6000 47 5 9 0.06029248802224174
seed123_C0_step6000 47 6 0 0.0607396510313265
seed123_C0_step6000 47 6 1 0.06087250396376476
seed123_C0_step6000 47 6 2 0.060309962020255625
seed123_C0_step6000 47 6 3 0.063009919016622
seed123_C0_step6000 47 6 4 0.060764458030462265
seed123_C0_step6000 47 6 5 0.059293022961355746
seed123_C0_step6000 47 6 6 0.05988482100656256
seed123_C0_step6000 47 6 7 0.06027690798509866
seed123_C0_step6000 47 6 8 0.061068477982189506
seed123_C0_step6000 47 6 9 0.060076066001784056
seed123_C0_step6000 47 7 0 0.06205715297255665
seed123_C0_step6000 47 7 1 0.06375986797502264
seed123_C0_step6000 47 7 2 0.06008208799175918
seed123_C0_step6000 47 7 3 0.06386885599931702
seed123_C0_step6000 47 7 4 0.06359703803900629
seed123_C0_step6000 47 7 5 0.06277522101299837
seed123_C0_step6000 47 7 6 0.06312167196301743
seed123_C0_step6000 47 7 7 0.06377509795129299
seed123_C0_step6000 47 7 8 0.06474745098967105
seed123_C0_step6000 47 7 9 0.059493546024896204
seed123_C0_step6000 47 8 0 0.05933707795338705
seed123_C0_step6000 47 8 1 0.059177162998821586
seed123_C0_step6000 47 8 2 0.05950382398441434
seed123_C0_step6000 47 8 3 0.06171288603218272
seed123_C0_step6000 47 8 4 0.07134323503123596
seed123_C0_step6000 47 8 5 0.06260172097245231
seed123_C0_step6000 47 8 6 0.06376153195742518
seed123_C0_step6000 47 8 7 0.06505610002204776
seed123_C0_step6000 47 8 8 0.059394406038336456
seed123_C0_step6000 47 8 9 0.05987391003873199
seed123_C0_step6000 47 9 0 0.060919913987163454
seed123_C0_step6000 47 9 1 0.06162632198538631
seed123_C0_step6000 47 9 2 0.06145437399391085
seed123_C0_step6000 47 9 3 0.06225367699516937
seed123_C0_step6000 47 9 4 0.06438837700989097
seed123_C0_step6000 47 9 5 0.05999954999424517
seed123_C0_step6000 47 9 6 0.064135605993215
seed123_C0_step6000 47 9 7 0.0653209849842824
seed123_C0_step6000 47 9 8 0.07056610297877342
seed123_C0_step6000 47 9 9 0.06465902301715687
seed123_C0_step6000 51 0 0 0.02413338696351275
seed123_C0_step6000 51 0 1 0.02282911096699536
seed123_C0_step6000 51 0 2 0.022862204001285136
seed123_C0_step6000 51 0 3 0.02303223795024678
seed123_C0_step6000 51 0 4 0.022795066004619002
seed123_C0_step6000 51 0 5 0.022694293002132326
seed123_C0_step6000 51 0 6 0.022782862011808902
seed123_C0_step6000 51 0 7 0.02272340899799019
seed123_C0_step6000 51 0 8 0.02386078698327765
seed123_C0_step6000 51 0 9 0.024989619036205113
seed123_C0_step6000 51 1 0 0.02260697598103434
seed123_C0_step6000 51 1 1 0.02248960401630029
seed123_C0_step6000 51 1 2 0.02240872901165858
seed123_C0_step6000 51 1 3 0.022804453037679195
seed123_C0_step6000 51 1 4 0.024981333001051098
seed123_C0_step6000 51 1 5 0.024639030976686627
seed123_C0_step6000 51 1 6 0.023869243974331766
seed123_C0_step6000 51 1 7 0.024255839991383255
seed123_C0_step6000 51 1 8 0.024867777014151216
seed123_C0_step6000 51 1 9 0.024676001979969442
seed123_C0_step6000 51 2 0 0.02391797601012513
seed123_C0_step6000 51 2 1 0.02368978102458641
seed123_C0_step6000 51 2 2 0.02451397298136726
seed123_C0_step6000 51 2 3 0.02429192903218791
seed123_C0_step6000 51 2 4 0.024632287968415767
seed123_C0_step6000 51 2 5 0.022706707008183002
seed123_C0_step6000 51 2 6 0.023405219020787627
seed123_C0_step6000 51 2 7 0.022773934993892908
seed123_C0_step6000 51 2 8 0.02273476996924728
seed123_C0_step6000 51 2 9 0.024579107004683465
seed123_C0_step6000 51 3 0 0.023492484993766993
seed123_C0_step6000 51 3 1 0.02262010204140097
seed123_C0_step6000 51 3 2 0.023225727025419474
seed123_C0_step6000 51 3 3 0.02246527699753642
seed123_C0_step6000 51 3 4 0.02248105697799474
seed123_C0_step6000 51 3 5 0.022485004970803857
seed123_C0_step6000 51 3 6 0.022467110014986247
seed123_C0_step6000 51 3 7 0.0225755269639194
seed123_C0_step6000 51 3 8 0.022467331029474735
seed123_C0_step6000 51 3 9 0.022449616983067244
seed123_C0_step6000 51 4 0 0.023232130042742938
seed123_C0_step6000 51 4 1 0.023488797014579177
seed123_C0_step6000 51 4 2 0.0239283760311082
seed123_C0_step6000 51 4 3 0.02510428795358166
seed123_C0_step6000 51 4 4 0.023658812046051025
seed123_C0_step6000 51 4 5 0.02305806800723076
seed123_C0_step6000 51 4 6 0.022727596980985254
seed123_C0_step6000 51 4 7 0.025320149958133698
seed123_C0_step6000 51 4 8 0.022948466998059303
seed123_C0_step6000 51 4 9 0.02265011001145467
seed123_C0_step6000 51 5 0 0.022651231032796204
seed123_C0_step6000 51 5 1 0.022904154029674828
seed123_C0_step6000 51 5 2 0.02261611499125138
seed123_C0_step6000 51 5 3 0.022576829011086375
seed123_C0_step6000 51 5 4 0.02274427900556475
seed123_C0_step6000 51 5 5 0.023096861026715487
seed123_C0_step6000 51 5 6 0.022734720027074218
seed123_C0_step6000 51 5 7 0.02445818594424054
seed123_C0_step6000 51 5 8 0.02405240200459957
seed123_C0_step6000 51 5 9 0.023238340974785388
seed123_C0_step6000 51 6 0 0.02297368599101901
seed123_C0_step6000 51 6 1 0.022887721948791295
seed123_C0_step6000 51 6 2 0.02281976299127564
seed123_C0_step6000 51 6 3 0.022537664975970984
seed123_C0_step6000 51 6 4 0.022629851009696722
seed123_C0_step6000 51 6 5 0.022812910028733313
seed123_C0_step6000 51 6 6 0.022809472982771695
seed123_C0_step6000 51 6 7 0.02259702904848382
seed123_C0_step6000 51 6 8 0.02844527701381594
seed123_C0_step6000 51 6 9 0.025810524995904416
seed123_C0_step6000 51 7 0 0.024273002985864878
seed123_C0_step6000 51 7 1 0.02330202201846987
seed123_C0_step6000 51 7 2 0.02349647303344682
seed123_C0_step6000 51 7 3 0.02406840299954638
seed123_C0_step6000 51 7 4 0.023847853008192033
seed123_C0_step6000 51 7 5 0.02703564998228103
seed123_C0_step6000 51 7 6 0.02903466095449403
seed123_C0_step6000 51 7 7 0.02364177000708878
seed123_C0_step6000 51 7 8 0.023447479004971683
seed123_C0_step6000 51 7 9 0.02313884103205055
seed123_C0_step6000 51 8 0 0.023172925983089954
seed123_C0_step6000 51 8 1 0.023752810957375914
seed123_C0_step6000 51 8 2 0.024384526011999696
seed123_C0_step6000 51 8 3 0.023545606003608555
seed123_C0_step6000 51 8 4 0.023099515994545072
seed123_C0_step6000 51 8 5 0.02344614698085934
seed123_C0_step6000 51 8 6 0.022660798975266516
seed123_C0_step6000 51 8 7 0.022896509035490453
seed123_C0_step6000 51 8 8 0.025190743035636842
seed123_C0_step6000 51 8 9 0.02335460198810324
seed123_C0_step6000 51 9 0 0.022828719986137003
seed123_C0_step6000 51 9 1 0.022855120012536645
seed123_C0_step6000 51 9 2 0.022805164975579828
seed123_C0_step6000 51 9 3 0.02273308701114729
seed123_C0_step6000 51 9 4 0.027761011966504157
seed123_C0_step6000 51 9 5 0.02312252001138404
seed123_C0_step6000 51 9 6 0.02279340202221647
seed123_C0_step6000 51 9 7 0.022885738988406956
seed123_C0_step6000 51 9 8 0.02277303399750963
seed123_C0_step6000 51 9 9 0.025271456979680806
seed123_C0_step6000 52 0 0 0.8648750819847919
seed123_C0_step6000 52 0 1 0.8983477869769558
seed123_C0_step6000 52 0 2 0.8982584410114214
seed123_C0_step6000 52 0 3 0.8749800469959155
seed123_C0_step6000 52 0 4 0.8714825639617629
seed123_C0_step6000 52 0 5 0.8738571740104817
seed123_C0_step6000 52 0 6 0.8620600790018216
seed123_C0_step6000 52 0 7 0.8821458339807577
seed123_C0_step6000 52 0 8 0.869653563015163
seed123_C0_step6000 52 0 9 0.8846037869807333
seed123_C0_step6000 52 1 0 0.9205405520042405
seed123_C0_step6000 52 1 1 0.8944462799699977
seed123_C0_step6000 52 1 2 0.8619849180104211
seed123_C0_step6000 52 1 3 0.8999102039961144
seed123_C0_step6000 52 1 4 0.9179395099636167
seed123_C0_step6000 52 1 5 0.8827366520417854
seed123_C0_step6000 52 1 6 0.8681493760086596
seed123_C0_step6000 52 1 7 0.8624091270030476
seed123_C0_step6000 52 1 8 0.8707478180294856
seed123_C0_step6000 52 1 9 0.8497369849937968
seed123_C0_step6000 52 2 0 0.8447736559901386
seed123_C0_step6000 52 2 1 0.887849272985477
seed123_C0_step6000 52 2 2 0.8907542150118388
seed123_C0_step6000 52 2 3 0.9003217679564841
seed123_C0_step6000 52 2 4 0.8756475519621745
seed123_C0_step6000 52 2 5 0.878062609990593
seed123_C0_step6000 52 2 6 0.8515337869757786
seed123_C0_step6000 52 2 7 0.8830406079650857
seed123_C0_step6000 52 2 8 0.8556947769830003
seed123_C0_step6000 52 2 9 0.8650647540343925
seed123_C0_step6000 52 3 0 0.9040768439881504
seed123_C0_step6000 52 3 1 0.8958128030062653
seed123_C0_step6000 52 3 2 0.8706048780004494
seed123_C0_step6000 52 3 3 0.8927363760303706
seed123_C0_step6000 52 3 4 0.8805573510471731
seed123_C0_step6000 52 3 5 0.8813460280071013
seed123_C0_step6000 52 3 6 0.8767855969490483
seed123_C0_step6000 52 3 7 0.8977052950067446
seed123_C0_step6000 52 3 8 0.9064448209828697
seed123_C0_step6000 52 3 9 0.9181759509956464
seed123_C0_step6000 52 4 0 0.9264756480115466
seed123_C0_step6000 52 4 1 0.9006855220068246
seed123_C0_step6000 52 4 2 0.9059023430454545
seed123_C0_step6000 52 4 3 0.8910030300030485
seed123_C0_step6000 52 4 4 0.8775837889988907
seed123_C0_step6000 52 4 5 0.8406176340067759
seed123_C0_step6000 52 4 6 0.8722578620072454
seed123_C0_step6000 52 4 7 0.900791296036914
seed123_C0_step6000 52 4 8 0.8934871449600905
seed123_C0_step6000 52 4 9 0.8515063289669342
seed123_C0_step6000 52 5 0 0.9040249329991639
seed123_C0_step6000 52 5 1 0.8516837349743582
seed123_C0_step6000 52 5 2 0.8526727840071544
seed123_C0_step6000 52 5 3 0.8740661049960181
seed123_C0_step6000 52 5 4 0.8516634660190903
seed123_C0_step6000 52 5 5 0.8875660119811073
seed123_C0_step6000 52 5 6 0.8906722170067951
seed123_C0_step6000 52 5 7 0.8658023329917341
seed123_C0_step6000 52 5 8 0.8593705039820634
seed123_C0_step6000 52 5 9 0.8531986909802072
seed123_C0_step6000 52 6 0 0.8540102909901179
seed123_C0_step6000 52 6 1 0.8792629020172171
seed123_C0_step6000 52 6 2 0.8978195280069485
seed123_C0_step6000 52 6 3 0.8337955489987507
seed123_C0_step6000 52 6 4 0.8564958740025759
seed123_C0_step6000 52 6 5 0.8498777589993551
seed123_C0_step6000 52 6 6 0.8648231780389324
seed123_C0_step6000 52 6 7 0.8657642760081217
seed123_C0_step6000 52 6 8 0.8724416209734045
seed123_C0_step6000 52 6 9 0.8965943260118365
seed123_C0_step6000 52 7 0 0.8617793080047704
seed123_C0_step6000 52 7 1 0.8385710709844716
seed123_C0_step6000 52 7 2 0.836060166999232
seed123_C0_step6000 52 7 3 0.8964596330188215
seed123_C0_step6000 52 7 4 0.8937634960166179
seed123_C0_step6000 52 7 5 0.8897062049945816
seed123_C0_step6000 52 7 6 0.8887989069917239
seed123_C0_step6000 52 7 7 0.8507828959845938
seed123_C0_step6000 52 7 8 0.9152129180147313
seed123_C0_step6000 52 7 9 0.9198193050106056
seed123_C0_step6000 52 8 0 0.8938274490064941
seed123_C0_step6000 52 8 1 0.8912685340037569
seed123_C0_step6000 52 8 2 0.8697976989788003
seed123_C0_step6000 52 8 3 0.8609295740025118
seed123_C0_step6000 52 8 4 0.8405564710265025
seed123_C0_step6000 52 8 5 0.8591003019828349
seed123_C0_step6000 52 8 6 0.847622991015669
seed123_C0_step6000 52 8 7 0.8700945610180497
seed123_C0_step6000 52 8 8 0.877250780002214
seed123_C0_step6000 52 8 9 0.8556714369915426
seed123_C0_step6000 52 9 0 0.8567942709778436
seed123_C0_step6000 52 9 1 0.8350283430190757
seed123_C0_step6000 52 9 2 0.8323148819617927
seed123_C0_step6000 52 9 3 0.8341499830130488
seed123_C0_step6000 52 9 4 0.8446150610106997
seed123_C0_step6000 52 9 5 0.8689077050075866
seed123_C0_step6000 52 9 6 0.8956899260520004
seed123_C0_step6000 52 9 7 0.8774933720123954
seed123_C0_step6000 52 9 8 0.8579844469786622
seed123_C0_step6000 52 9 9 0.8484174070181325
seed123_C0_step6000 56 0 0 0.0195603069732897
seed123_C0_step6000 56 0 1 0.018931809987407178
seed123_C0_step6000 56 0 2 0.01910129201132804
seed123_C0_step6000 56 0 3 0.020808337023481727
seed123_C0_step6000 56 0 4 0.02307188301347196
seed123_C0_step6000 56 0 5 0.021832629980053753
seed123_C0_step6000 56 0 6 0.019324888999108225
seed123_C0_step6000 56 0 7 0.018612480023875833
seed123_C0_step6000 56 0 8 0.01887356798397377
seed123_C0_step6000 56 0 9 0.0195858670049347
seed123_C0_step6000 56 1 0 0.021901431027799845
seed123_C0_step6000 56 1 1 0.01848585798870772
seed123_C0_step6000 56 1 2 0.018301256000995636
seed123_C0_step6000 56 1 3 0.019072016002610326
seed123_C0_step6000 56 1 4 0.018468586029484868
seed123_C0_step6000 56 1 5 0.021184423996601254
seed123_C0_step6000 56 1 6 0.01879230298800394
seed123_C0_step6000 56 1 7 0.018941236950922757
seed123_C0_step6000 56 1 8 0.01846713200211525
seed123_C0_step6000 56 1 9 0.018519622972235084
seed123_C0_step6000 56 2 0 0.0184898060397245
seed123_C0_step6000 56 2 1 0.018480878963600844
seed123_C0_step6000 56 2 2 0.017842492030467838
seed123_C0_step6000 56 2 3 0.01740425598109141
seed123_C0_step6000 56 2 4 0.017404396960046142
seed123_C0_step6000 56 2 5 0.017690663051325828
seed123_C0_step6000 56 2 6 0.017573959019500762
seed123_C0_step6000 56 2 7 0.017688357969745994
seed123_C0_step6000 56 2 8 0.017612073046620935
seed123_C0_step6000 56 2 9 0.01751864404650405
seed123_C0_step6000 56 3 0 0.017336486955173314
seed123_C0_step6000 56 3 1 0.017461395007558167
seed123_C0_step6000 56 3 2 0.017337858967948705
seed123_C0_step6000 56 3 3 0.017323061008937657
seed123_C0_step6000 56 3 4 0.017448932048864663
seed123_C0_step6000 56 3 5 0.01742989500053227
seed123_C0_step6000 56 3 6 0.017300948966294527
seed123_C0_step6000 56 3 7 0.020453439967241138
seed123_C0_step6000 56 3 8 0.017536397965159267
seed123_C0_step6000 56 3 9 0.017318642989266664
seed123_C0_step6000 56 4 0 0.017460663977544755
seed123_C0_step6000 56 4 1 0.017415987967979163
seed123_C0_step6000 56 4 2 0.017300448031164706
seed123_C0_step6000 56 4 3 0.017369990004226565
seed123_C0_step6000 56 4 4 0.01731843303423375
seed123_C0_step6000 56 4 5 0.017364691011607647
seed123_C0_step6000 56 4 6 0.01734133600257337
seed123_C0_step6000 56 4 7 0.01729712198721245
seed123_C0_step6000 56 4 8 0.017477716028224677
seed123_C0_step6000 56 4 9 0.017431238025892526
seed123_C0_step6000 56 5 0 0.01732348301447928
seed123_C0_step6000 56 5 1 0.017336135962978005
seed123_C0_step6000 56 5 2 0.017305629036854953
seed123_C0_step6000 56 5 3 0.017465242999605834
seed123_C0_step6000 56 5 4 0.017437099013477564
seed123_C0_step6000 56 5 5 0.017312763025984168
seed123_C0_step6000 56 5 6 0.017320376995485276
seed123_C0_step6000 56 5 7 0.017451947031076998
seed123_C0_step6000 56 5 8 0.017468508973252028
seed123_C0_step6000 56 5 9 0.017428682011086494
seed123_C0_step6000 56 6 0 0.018682955007534474
seed123_C0_step6000 56 6 1 0.01864352897973731
seed123_C0_step6000 56 6 2 0.017353028990328312
seed123_C0_step6000 56 6 3 0.017308164038695395
seed123_C0_step6000 56 6 4 0.017312310985289514
seed123_C0_step6000 56 6 5 0.017279658990446478
seed123_C0_step6000 56 6 6 0.017309285991359502
seed123_C0_step6000 56 6 7 0.01730480697005987
seed123_C0_step6000 56 6 8 0.017305999994277954
seed123_C0_step6000 56 6 9 0.017556145961862057
seed123_C0_step6000 56 7 0 0.017668650951236486
seed123_C0_step6000 56 7 1 0.01762811403023079
seed123_C0_step6000 56 7 2 0.01761037902906537
seed123_C0_step6000 56 7 3 0.017602514009922743
seed123_C0_step6000 56 7 4 0.01758169603999704
seed123_C0_step6000 56 7 5 0.01756714703515172
seed123_C0_step6000 56 7 6 0.01757386903045699
seed123_C0_step6000 56 7 7 0.017675453040283173
seed123_C0_step6000 56 7 8 0.01757732598343864
seed123_C0_step6000 56 7 9 0.017584450950380415
seed123_C0_step6000 56 8 0 0.019338004000019282
seed123_C0_step6000 56 8 1 0.018047100980766118
seed123_C0_step6000 56 8 2 0.01750421797623858
seed123_C0_step6000 56 8 3 0.017514235980343074
seed123_C0_step6000 56 8 4 0.01869402499869466
seed123_C0_step6000 56 8 5 0.018191837996710092
seed123_C0_step6000 56 8 6 0.020316237991210073
seed123_C0_step6000 56 8 7 0.017814958991948515
seed123_C0_step6000 56 8 8 0.018189733964391053
seed123_C0_step6000 56 8 9 0.018468426016625017
seed123_C0_step6000 56 9 0 0.01755290903383866
seed123_C0_step6000 56 9 1 0.017714207991957664
seed123_C0_step6000 56 9 2 0.017534184036776423
seed123_C0_step6000 56 9 3 0.017516770982183516
seed123_C0_step6000 56 9 4 0.01751227304339409
seed123_C0_step6000 56 9 5 0.01750325399916619
seed123_C0_step6000 56 9 6 0.017505739990156144
seed123_C0_step6000 56 9 7 0.017578178027179092
seed123_C0_step6000 56 9 8 0.01752928498899564
seed123_C0_step6000 56 9 9 0.01752629899419844
seed123_C0_step6000 62 0 0 0.29326105903601274
seed123_C0_step6000 62 0 1 0.30582734901690856
seed123_C0_step6000 62 0 2 0.29623405798338354
seed123_C0_step6000 62 0 3 0.2963956259773113
seed123_C0_step6000 62 0 4 0.29950461396947503
seed123_C0_step6000 62 0 5 0.3029650439857505
seed123_C0_step6000 62 0 6 0.2945733329979703
seed123_C0_step6000 62 0 7 0.28613598499214277
seed123_C0_step6000 62 0 8 0.30903221300104633
seed123_C0_step6000 62 0 9 0.2917582959635183
seed123_C0_step6000 62 1 0 0.29175217502051964
seed123_C0_step6000 62 1 1 0.2883916569990106
seed123_C0_step6000 62 1 2 0.2941703970427625
seed123_C0_step6000 62 1 3 0.2895957750151865
seed123_C0_step6000 62 1 4 0.3091136509901844
seed123_C0_step6000 62 1 5 0.29781080002430826
seed123_C0_step6000 62 1 6 0.28778558399062604
seed123_C0_step6000 62 1 7 0.28736336797010154
seed123_C0_step6000 62 1 8 0.27938053698744625
seed123_C0_step6000 62 1 9 0.2845431119785644
seed123_C0_step6000 62 2 0 0.2824382680119015
seed123_C0_step6000 62 2 1 0.2852725440170616
seed123_C0_step6000 62 2 2 0.3089931440190412
seed123_C0_step6000 62 2 3 0.3115459840046242
seed123_C0_step6000 62 2 4 0.30234349600505084
seed123_C0_step6000 62 2 5 0.29785539698787034
seed123_C0_step6000 62 2 6 0.29617624799720943
seed123_C0_step6000 62 2 7 0.297791438002605
seed123_C0_step6000 62 2 8 0.31091254600323737
seed123_C0_step6000 62 2 9 0.30985823698574677
seed123_C0_step6000 62 3 0 0.30194373603444546
seed123_C0_step6000 62 3 1 0.29045428801327944
seed123_C0_step6000 62 3 2 0.2872713290271349
seed123_C0_step6000 62 3 3 0.29473732598125935
seed123_C0_step6000 62 3 4 0.2752553569735028
seed123_C0_step6000 62 3 5 0.3211877839639783
seed123_C0_step6000 62 3 6 0.2881170629989356
seed123_C0_step6000 62 3 7 0.2874206760316156
seed123_C0_step6000 62 3 8 0.28540542302653193
seed123_C0_step6000 62 3 9 0.28418464498827234
seed123_C0_step6000 62 4 0 0.2901176189770922
seed123_C0_step6000 62 4 1 0.2898881319561042
seed123_C0_step6000 62 4 2 0.2810982409864664
seed123_C0_step6000 62 4 3 0.2994065129896626
seed123_C0_step6000 62 4 4 0.2982221250422299
seed123_C0_step6000 62 4 5 0.29788092395756394
seed123_C0_step6000 62 4 6 0.2905115419998765
seed123_C0_step6000 62 4 7 0.29557946702698246
seed123_C0_step6000 62 4 8 0.2913241020287387
seed123_C0_step6000 62 4 9 0.29240585601655766
seed123_C0_step6000 62 5 0 0.2913439109688625
seed123_C0_step6000 62 5 1 0.2908515430171974
seed123_C0_step6000 62 5 2 0.28943955997237936
seed123_C0_step6000 62 5 3 0.29888491198653355
seed123_C0_step6000 62 5 4 0.2946445469860919
seed123_C0_step6000 62 5 5 0.28689500998007134
seed123_C0_step6000 62 5 6 0.30037374200765043
seed123_C0_step6000 62 5 7 0.2810821459861472
seed123_C0_step6000 62 5 8 0.28095959196798503
seed123_C0_step6000 62 5 9 0.282718546979595
seed123_C0_step6000 62 6 0 0.27845124003943056
seed123_C0_step6000 62 6 1 0.3107237900258042
seed123_C0_step6000 62 6 2 0.29518170305527747
seed123_C0_step6000 62 6 3 0.29077481996500865
seed123_C0_step6000 62 6 4 0.2942018859903328
seed123_C0_step6000 62 6 5 0.3057749249855988
seed123_C0_step6000 62 6 6 0.29204867995576933
seed123_C0_step6000 62 6 7 0.2939027169486508
seed123_C0_step6000 62 6 8 0.2933822740451433
seed123_C0_step6000 62 6 9 0.2897852550377138
seed123_C0_step6000 62 7 0 0.2864804739947431
seed123_C0_step6000 62 7 1 0.29498690605396405
seed123_C0_step6000 62 7 2 0.2988497510086745
seed123_C0_step6000 62 7 3 0.3128311230102554
seed123_C0_step6000 62 7 4 0.2949655559496023
seed123_C0_step6000 62 7 5 0.2850568509893492
seed123_C0_step6000 62 7 6 0.2816689619794488
seed123_C0_step6000 62 7 7 0.3161676269955933
seed123_C0_step6000 62 7 8 0.30370039300760254
seed123_C0_step6000 62 7 9 0.29355736199067906
seed123_C0_step6000 62 8 0 0.3031761739985086
seed123_C0_step6000 62 8 1 0.33778080297634006
seed123_C0_step6000 62 8 2 0.30218668800080195
seed123_C0_step6000 62 8 3 0.2965546190389432
seed123_C0_step6000 62 8 4 0.300034576037433
seed123_C0_step6000 62 8 5 0.2932147409883328
seed123_C0_step6000 62 8 6 0.3096096139634028
seed123_C0_step6000 62 8 7 0.3105809779954143
seed123_C0_step6000 62 8 8 0.29109635297209024
seed123_C0_step6000 62 8 9 0.2828372530057095
seed123_C0_step6000 62 9 0 0.29390530998352915
seed123_C0_step6000 62 9 1 0.3158233350259252
seed123_C0_step6000 62 9 2 0.2908425910281949
seed123_C0_step6000 62 9 3 0.28644782002083957
seed123_C0_step6000 62 9 4 0.2918855110183358
seed123_C0_step6000 62 9 5 0.280607394000981
seed123_C0_step6000 62 9 6 0.28564003901556134
seed123_C0_step6000 62 9 7 0.29130393295781687
seed123_C0_step6000 62 9 8 0.2899225180153735
seed123_C0_step6000 62 9 9 0.2848560269922018
seed123_C0_step6000 64 0 0 0.176491636026185
seed123_C0_step6000 64 0 1 0.17741045699222013
seed123_C0_step6000 64 0 2 0.18521353701362386
seed123_C0_step6000 64 0 3 0.18867485801456496
seed123_C0_step6000 64 0 4 0.17955263296607882
seed123_C0_step6000 64 0 5 0.19182010501390323
seed123_C0_step6000 64 0 6 0.18405259301653132
seed123_C0_step6000 64 0 7 0.1822083879960701
seed123_C0_step6000 64 0 8 0.17978851299267262
seed123_C0_step6000 64 0 9 0.18878841504920274
seed123_C0_step6000 64 1 0 0.18372506997548044
seed123_C0_step6000 64 1 1 0.18398703902494162
seed123_C0_step6000 64 1 2 0.18007903802208602
seed123_C0_step6000 64 1 3 0.20192695001605898
seed123_C0_step6000 64 1 4 0.17954983899835497
seed123_C0_step6000 64 1 5 0.1810671019484289
seed123_C0_step6000 64 1 6 0.1733907340094447
seed123_C0_step6000 64 1 7 0.20193820202257484
seed123_C0_step6000 64 1 8 0.17916993499966338
seed123_C0_step6000 64 1 9 0.17736755800433457
seed123_C0_step6000 64 2 0 0.17802961100824177
seed123_C0_step6000 64 2 1 0.1805302090360783
seed123_C0_step6000 64 2 2 0.17836944898590446
seed123_C0_step6000 64 2 3 0.17560194100951776
seed123_C0_step6000 64 2 4 0.17133715900126845
seed123_C0_step6000 64 2 5 0.18216450698673725
seed123_C0_step6000 64 2 6 0.1781986530404538
seed123_C0_step6000 64 2 7 0.1730337839690037
seed123_C0_step6000 64 2 8 0.17579358798684552
seed123_C0_step6000 64 2 9 0.1691726029966958
seed123_C0_step6000 64 3 0 0.1688443970051594
seed123_C0_step6000 64 3 1 0.16829964704811573
seed123_C0_step6000 64 3 2 0.17185609001899138
seed123_C0_step6000 64 3 3 0.16909355198731646
seed123_C0_step6000 64 3 4 0.18639451399212703
seed123_C0_step6000 64 3 5 0.1993127380264923
seed123_C0_step6000 64 3 6 0.18455814203480259
seed123_C0_step6000 64 3 7 0.19080928299808875
seed123_C0_step6000 64 3 8 0.1822133319801651
seed123_C0_step6000 64 3 9 0.18262527597835287
seed123_C0_step6000 64 4 0 0.17500107799423859
seed123_C0_step6000 64 4 1 0.17503068398218602
seed123_C0_step6000 64 4 2 0.18091010599164292
seed123_C0_step6000 64 4 3 0.1766796390293166
seed123_C0_step6000 64 4 4 0.17259594198549166
seed123_C0_step6000 64 4 5 0.17460481298621744
seed123_C0_step6000 64 4 6 0.17620364198228344
seed123_C0_step6000 64 4 7 0.1748235499835573
seed123_C0_step6000 64 4 8 0.1777135309530422
seed123_C0_step6000 64 4 9 0.17308996501378715
seed123_C0_step6000 64 5 0 0.1679793989751488
seed123_C0_step6000 64 5 1 0.1736536099924706
seed123_C0_step6000 64 5 2 0.17741096497047693
seed123_C0_step6000 64 5 3 0.17239324701949954
seed123_C0_step6000 64 5 4 0.1745724519714713
seed123_C0_step6000 64 5 5 0.17891886999132112
seed123_C0_step6000 64 5 6 0.17462181602604687
seed123_C0_step6000 64 5 7 0.17410673497943208
seed123_C0_step6000 64 5 8 0.17217263602651656
seed123_C0_step6000 64 5 9 0.16914834902854636
seed123_C0_step6000 64 6 0 0.17651466705137864
seed123_C0_step6000 64 6 1 0.1666424199938774
seed123_C0_step6000 64 6 2 0.1911872070049867
seed123_C0_step6000 64 6 3 0.18362519703805447
seed123_C0_step6000 64 6 4 0.172593840979971
seed123_C0_step6000 64 6 5 0.17911169899161905
seed123_C0_step6000 64 6 6 0.1921942780027166
seed123_C0_step6000 64 6 7 0.17566405498655513
seed123_C0_step6000 64 6 8 0.17440490500302985
seed123_C0_step6000 64 6 9 0.1767170340172015
seed123_C0_step6000 64 7 0 0.18102878698846325
seed123_C0_step6000 64 7 1 0.18406140903243795
seed123_C0_step6000 64 7 2 0.17700242798309773
seed123_C0_step6000 64 7 3 0.17788523196941242
seed123_C0_step6000 64 7 4 0.17354127898579463
seed123_C0_step6000 64 7 5 0.1771952969720587
seed123_C0_step6000 64 7 6 0.17645788099616766
seed123_C0_step6000 64 7 7 0.17105981695931405
seed123_C0_step6000 64 7 8 0.1787423259811476
seed123_C0_step6000 64 7 9 0.1809316830476746
seed123_C0_step6000 64 8 0 0.17828841198934242
seed123_C0_step6000 64 8 1 0.17270970402751118
seed123_C0_step6000 64 8 2 0.1794387960107997
seed123_C0_step6000 64 8 3 0.1832494330010377
seed123_C0_step6000 64 8 4 0.1715765729895793
seed123_C0_step6000 64 8 5 0.16961012297542766
seed123_C0_step6000 64 8 6 0.17671651497948915
seed123_C0_step6000 64 8 7 0.190204797021579
seed123_C0_step6000 64 8 8 0.18189319601515308
seed123_C0_step6000 64 8 9 0.18114297703141347
seed123_C0_step6000 64 9 0 0.18389572598971426
seed123_C0_step6000 64 9 1 0.19854165596188977
seed123_C0_step6000 64 9 2 0.18809324101312086
seed123_C0_step6000 64 9 3 0.17476353101665154
seed123_C0_step6000 64 9 4 0.17627064499538392
seed123_C0_step6000 64 9 5 0.1890377519885078
seed123_C0_step6000 64 9 6 0.18071204598527402
seed123_C0_step6000 64 9 7 0.180733376997523
seed123_C0_step6000 64 9 8 0.17067056702217087
seed123_C0_step6000 64 9 9 0.17407468799501657
seed123_C0_step6000 69 0 0 0.49737676297081634
seed123_C0_step6000 69 0 1 0.5208483640453778
seed123_C0_step6000 69 0 2 0.5544492119806819
seed123_C0_step6000 69 0 3 0.5309299119981006
seed123_C0_step6000 69 0 4 0.5330847019795328
seed123_C0_step6000 69 0 5 0.5358185360091738
seed123_C0_step6000 69 0 6 0.5272135080303997
seed123_C0_step6000 69 0 7 0.5207483190461062
seed123_C0_step6000 69 0 8 0.5225092099863105
seed123_C0_step6000 69 0 9 0.512184931023512
seed123_C0_step6000 69 1 0 0.5052188190165907
seed123_C0_step6000 69 1 1 0.5171666030073538
seed123_C0_step6000 69 1 2 0.5172521580243483
seed123_C0_step6000 69 1 3 0.5104373829672113
seed123_C0_step6000 69 1 4 0.5502861580462195
seed123_C0_step6000 69 1 5 0.527732917049434
seed123_C0_step6000 69 1 6 0.549436699016951
seed123_C0_step6000 69 1 7 0.5291353249922395
seed123_C0_step6000 69 1 8 0.5315940760192461
seed123_C0_step6000 69 1 9 0.522911898966413
seed123_C0_step6000 69 2 0 0.5811718039913103
seed123_C0_step6000 69 2 1 0.5053809889941476
seed123_C0_step6000 69 2 2 0.49813632300356403
seed123_C0_step6000 69 2 3 0.5220847660093568
seed123_C0_step6000 69 2 4 0.510550009959843
seed123_C0_step6000 69 2 5 0.5138099779724143
seed123_C0_step6000 69 2 6 0.5411454680142924
seed123_C0_step6000 69 2 7 0.536341878992971
seed123_C0_step6000 69 2 8 0.5515153260203078
seed123_C0_step6000 69 2 9 0.5136879400233738
seed123_C0_step6000 69 3 0 0.5203205479774624
seed123_C0_step6000 69 3 1 0.5291449190117419
seed123_C0_step6000 69 3 2 0.5368511550477706
seed123_C0_step6000 69 3 3 0.5218328660121188
seed123_C0_step6000 69 3 4 0.537751816038508
seed123_C0_step6000 69 3 5 0.5209679889958352
seed123_C0_step6000 69 3 6 0.525015398976393
seed123_C0_step6000 69 3 7 0.5215409230440855
seed123_C0_step6000 69 3 8 0.5568595490185544
seed123_C0_step6000 69 3 9 0.525196797971148
seed123_C0_step6000 69 4 0 0.5681317689595744
seed123_C0_step6000 69 4 1 0.5177196800359525
seed123_C0_step6000 69 4 2 0.5291333490167744
seed123_C0_step6000 69 4 3 0.5138305750442669
seed123_C0_step6000 69 4 4 0.524972244980745
seed123_C0_step6000 69 4 5 0.5095796610112302
seed123_C0_step6000 69 4 6 0.5285517740412615
seed123_C0_step6000 69 4 7 0.5034777260152623
seed123_C0_step6000 69 4 8 0.4958836549776606
seed123_C0_step6000 69 4 9 0.5280962369870394
seed123_C0_step6000 69 5 0 0.5291966780205257
seed123_C0_step6000 69 5 1 0.5198968920158222
seed123_C0_step6000 69 5 2 0.5160248799948022
seed123_C0_step6000 69 5 3 0.5289856889867224
seed123_C0_step6000 69 5 4 0.5176833940204233
seed123_C0_step6000 69 5 5 0.523857249005232
seed123_C0_step6000 69 5 6 0.5014812969602644
seed123_C0_step6000 69 5 7 0.5105109800351784
seed123_C0_step6000 69 5 8 0.5197045230306685
seed123_C0_step6000 69 5 9 0.5185729060322046
seed123_C0_step6000 69 6 0 0.5528659579576924
seed123_C0_step6000 69 6 1 0.5311163589940406
seed123_C0_step6000 69 6 2 0.5345589459757321
seed123_C0_step6000 69 6 3 0.5249250850174576
seed123_C0_step6000 69 6 4 0.5276027520303614
seed123_C0_step6000 69 6 5 0.5151642209966667
seed123_C0_step6000 69 6 6 0.5460662060067989
seed123_C0_step6000 69 6 7 0.5295456500025466
seed123_C0_step6000 69 6 8 0.5061136540025473
seed123_C0_step6000 69 6 9 0.5119823470013216
seed123_C0_step6000 69 7 0 0.5269646110245958
seed123_C0_step6000 69 7 1 0.5161692639812827
seed123_C0_step6000 69 7 2 0.5258830609964207
seed123_C0_step6000 69 7 3 0.5390975440386683
seed123_C0_step6000 69 7 4 0.5326924580149353
seed123_C0_step6000 69 7 5 0.5342472449992783
seed123_C0_step6000 69 7 6 0.5188579370151274
seed123_C0_step6000 69 7 7 0.5173168780165724
seed123_C0_step6000 69 7 8 0.5312824849970639
seed123_C0_step6000 69 7 9 0.5230167309637181
seed123_C0_step6000 69 8 0 0.5170677769929171
seed123_C0_step6000 69 8 1 0.5261988610145636
seed123_C0_step6000 69 8 2 0.5268649139907211
seed123_C0_step6000 69 8 3 0.5260812999913469
seed123_C0_step6000 69 8 4 0.5177109370124526
seed123_C0_step6000 69 8 5 0.5358559640008025
seed123_C0_step6000 69 8 6 0.5461225660401396
seed123_C0_step6000 69 8 7 0.5519023289671168
seed123_C0_step6000 69 8 8 0.5168197720195167
seed123_C0_step6000 69 8 9 0.5132928859675303
seed123_C0_step6000 69 9 0 0.5406181619619019
seed123_C0_step6000 69 9 1 0.5211342730326578
seed123_C0_step6000 69 9 2 0.509378643007949
seed123_C0_step6000 69 9 3 0.5073751939926296
seed123_C0_step6000 69 9 4 0.5116845130105503
seed123_C0_step6000 69 9 5 0.5010709019843489
seed123_C0_step6000 69 9 6 0.5252222139970399
seed123_C0_step6000 69 9 7 0.5464601600542665
seed123_C0_step6000 69 9 8 0.5352797980303876
seed123_C0_step6000 69 9 9 0.5343000300345011
seed123_C0_step6000 74 0 0 0.7511019239900634
seed123_C0_step6000 74 0 1 0.7309768139966764
seed123_C0_step6000 74 0 2 0.7108262539841235
seed123_C0_step6000 74 0 3 0.7315855590277351
seed123_C0_step6000 74 0 4 0.7182902429485694
seed123_C0_step6000 74 0 5 0.7532816420425661
seed123_C0_step6000 74 0 6 0.7408177219913341
seed123_C0_step6000 74 0 7 0.7163904859917238
seed123_C0_step6000 74 0 8 0.6940954059828073
seed123_C0_step6000 74 0 9 0.7208348760032095
seed123_C0_step6000 74 1 0 0.724932131008245
seed123_C0_step6000 74 1 1 0.7168726729578339
seed123_C0_step6000 74 1 2 0.7045958110247739
seed123_C0_step6000 74 1 3 0.7155880870413966
seed123_C0_step6000 74 1 4 0.7130552980233915
seed123_C0_step6000 74 1 5 0.7174199639703147
seed123_C0_step6000 74 1 6 0.7103420560015365
seed123_C0_step6000 74 1 7 0.7097134300274774
seed123_C0_step6000 74 1 8 0.7155465059913695
seed123_C0_step6000 74 1 9 0.7291758130304515
seed123_C0_step6000 74 2 0 0.7303562749875709
seed123_C0_step6000 74 2 1 0.6946274940273724
seed123_C0_step6000 74 2 2 0.7032811099779792
seed123_C0_step6000 74 2 3 0.7282472790102474
seed123_C0_step6000 74 2 4 0.7602625309955329
seed123_C0_step6000 74 2 5 0.7320658749667928
seed123_C0_step6000 74 2 6 0.706014449999202
seed123_C0_step6000 74 2 7 0.7094482809770852
seed123_C0_step6000 74 2 8 0.7018866509897634
seed123_C0_step6000 74 2 9 0.7349203859921545
seed123_C0_step6000 74 3 0 0.7515465689939447
seed123_C0_step6000 74 3 1 0.7587969499872997
seed123_C0_step6000 74 3 2 0.7531743469880894
seed123_C0_step6000 74 3 3 0.7456350600114092
seed123_C0_step6000 74 3 4 0.720821988012176
seed123_C0_step6000 74 3 5 0.7238732780097052
seed123_C0_step6000 74 3 6 0.7250963430269621
seed123_C0_step6000 74 3 7 0.7153806230053306
seed123_C0_step6000 74 3 8 0.720825269992929
seed123_C0_step6000 74 3 9 0.7058339500217699
seed123_C0_step6000 74 4 0 0.7549289590097032
seed123_C0_step6000 74 4 1 0.7729492919752374
seed123_C0_step6000 74 4 2 0.7870007929741405
seed123_C0_step6000 74 4 3 0.7562770159565844
seed123_C0_step6000 74 4 4 0.7131646589841694
seed123_C0_step6000 74 4 5 0.6987706979853101
seed123_C0_step6000 74 4 6 0.7330282189650461
seed123_C0_step6000 74 4 7 0.724822629999835
seed123_C0_step6000 74 4 8 0.7413238239823841
seed123_C0_step6000 74 4 9 0.7415202709962614
seed123_C0_step6000 74 5 0 0.748657957999967
seed123_C0_step6000 74 5 1 0.7265873639844358
seed123_C0_step6000 74 5 2 0.7169229210121557
seed123_C0_step6000 74 5 3 0.7111158469924703
seed123_C0_step6000 74 5 4 0.7054827650426887
seed123_C0_step6000 74 5 5 0.7245623070048168
seed123_C0_step6000 74 5 6 0.7109712869860232
seed123_C0_step6000 74 5 7 0.7081515199970454
seed123_C0_step6000 74 5 8 0.7377346269786358
seed123_C0_step6000 74 5 9 0.7389021650305949
seed123_C0_step6000 74 6 0 0.7290557370288298
seed123_C0_step6000 74 6 1 0.733752046013251
seed123_C0_step6000 74 6 2 0.7322642100043595
seed123_C0_step6000 74 6 3 0.7185988969868049
seed123_C0_step6000 74 6 4 0.7065082080080174
seed123_C0_step6000 74 6 5 0.7275993580115028
seed123_C0_step6000 74 6 6 0.7198994329664856
seed123_C0_step6000 74 6 7 0.7253814110299572
seed123_C0_step6000 74 6 8 0.7355372839956544
seed123_C0_step6000 74 6 9 0.7156443619751371
seed123_C0_step6000 74 7 0 0.7112496309564449
seed123_C0_step6000 74 7 1 0.7226321439957246
seed123_C0_step6000 74 7 2 0.701617322047241
seed123_C0_step6000 74 7 3 0.7373482959810644
seed123_C0_step6000 74 7 4 0.7600317939650267
seed123_C0_step6000 74 7 5 0.7477622129954398
seed123_C0_step6000 74 7 6 0.7561142449849285
seed123_C0_step6000 74 7 7 0.7508240269962698
seed123_C0_step6000 74 7 8 0.7116615409613587
seed123_C0_step6000 74 7 9 0.7178383040009066
seed123_C0_step6000 74 8 0 0.7262257940019481
seed123_C0_step6000 74 8 1 0.7286633540061302
seed123_C0_step6000 74 8 2 0.7012255120207556
seed123_C0_step6000 74 8 3 0.7399921659962274
seed123_C0_step6000 74 8 4 0.7141389760072343
seed123_C0_step6000 74 8 5 0.7205637220176868
seed123_C0_step6000 74 8 6 0.7125018759979866
seed123_C0_step6000 74 8 7 0.7105942200287245
seed123_C0_step6000 74 8 8 0.6919943940010853
seed123_C0_step6000 74 8 9 0.7313776850351132
seed123_C0_step6000 74 9 0 0.7256352339754812
seed123_C0_step6000 74 9 1 0.7358986719627865
seed123_C0_step6000 74 9 2 0.7685803209897131
seed123_C0_step6000 74 9 3 0.7484087779885158
seed123_C0_step6000 74 9 4 0.7445069269742817
seed123_C0_step6000 74 9 5 0.7315798610216007
seed123_C0_step6000 74 9 6 0.7681738730170764
seed123_C0_step6000 74 9 7 0.7536623949999921
seed123_C0_step6000 74 9 8 0.7424460030160844
seed123_C0_step6000 74 9 9 0.7184013310470618
seed123_C0_step6000 78 0 0 1.179826450010296
seed123_C0_step6000 78 0 1 1.1856062590377405
seed123_C0_step6000 78 0 2 1.1586173140094616
seed123_C0_step6000 78 0 3 1.1392066139960662
seed123_C0_step6000 78 0 4 1.1564078669762239
seed123_C0_step6000 78 0 5 1.1693292490090244
seed123_C0_step6000 78 0 6 1.1405678620212711
seed123_C0_step6000 78 0 7 1.166350875981152
seed123_C0_step6000 78 0 8 1.1679285099962726
seed123_C0_step6000 78 0 9 1.1826424999744631
seed123_C0_step6000 78 1 0 1.2163794469670393
seed123_C0_step6000 78 1 1 1.2005804450018331
seed123_C0_step6000 78 1 2 1.1952505719964392
seed123_C0_step6000 78 1 3 1.1805681299883872
seed123_C0_step6000 78 1 4 1.1821406739763916
seed123_C0_step6000 78 1 5 1.1710776360123418
seed123_C0_step6000 78 1 6 1.2204677920090035
seed123_C0_step6000 78 1 7 1.2190789969754405
seed123_C0_step6000 78 1 8 1.1943158049834892
seed123_C0_step6000 78 1 9 1.226015024993103
seed123_C0_step6000 78 2 0 1.1810827310546301
seed123_C0_step6000 78 2 1 1.2028714780462906
seed123_C0_step6000 78 2 2 1.190893605002202
seed123_C0_step6000 78 2 3 1.1551242879941128
seed123_C0_step6000 78 2 4 1.1413337760022841
seed123_C0_step6000 78 2 5 1.1448635240085423
seed123_C0_step6000 78 2 6 1.138484959024936
seed123_C0_step6000 78 2 7 1.1971118259825744
seed123_C0_step6000 78 2 8 1.1964554080041125
seed123_C0_step6000 78 2 9 1.1931989209842868
seed123_C0_step6000 78 3 0 1.1629926140303724
seed123_C0_step6000 78 3 1 1.1864071930176578
seed123_C0_step6000 78 3 2 1.2267283520195633
seed123_C0_step6000 78 3 3 1.18366643297486
seed123_C0_step6000 78 3 4 1.1796674390207045
seed123_C0_step6000 78 3 5 1.188509929983411
seed123_C0_step6000 78 3 6 1.1581251629977487
seed123_C0_step6000 78 3 7 1.2233686330146156
seed123_C0_step6000 78 3 8 1.2224866659962572
seed123_C0_step6000 78 3 9 1.212745407014154
seed123_C0_step6000 78 4 0 1.244431604980491
seed123_C0_step6000 78 4 1 1.2214827329735272
seed123_C0_step6000 78 4 2 1.2047824899782427
seed123_C0_step6000 78 4 3 1.187506238988135
seed123_C0_step6000 78 4 4 1.209330874029547
seed123_C0_step6000 78 4 5 1.1667481980402954
seed123_C0_step6000 78 4 6 1.1730966919567436
seed123_C0_step6000 78 4 7 1.2118457750184461
seed123_C0_step6000 78 4 8 1.1858341080369428
seed123_C0_step6000 78 4 9 1.1899687200202607
seed123_C0_step6000 78 5 0 1.1652902159839869
seed123_C0_step6000 78 5 1 1.1741914100130089
seed123_C0_step6000 78 5 2 1.2135797420050949
seed123_C0_step6000 78 5 3 1.2001060630427673
seed123_C0_step6000 78 5 4 1.1916832100250758
seed123_C0_step6000 78 5 5 1.2061817109934054
seed123_C0_step6000 78 5 6 1.1553260310320184
seed123_C0_step6000 78 5 7 1.1788291410193779
seed123_C0_step6000 78 5 8 1.1958634589682333
seed123_C0_step6000 78 5 9 1.2473957579932176
seed123_C0_step6000 78 6 0 1.180386752996128
seed123_C0_step6000 78 6 1 1.1630172220175155
seed123_C0_step6000 78 6 2 1.1601161310099997
seed123_C0_step6000 78 6 3 1.22618534299545
seed123_C0_step6000 78 6 4 1.1771655129850842
seed123_C0_step6000 78 6 5 1.197954545961693
seed123_C0_step6000 78 6 6 1.1840901399846189
seed123_C0_step6000 78 6 7 1.1434281049878336
seed123_C0_step6000 78 6 8 1.1898576300009154
seed123_C0_step6000 78 6 9 1.2165392040042207
seed123_C0_step6000 78 7 0 1.2222689079935662
seed123_C0_step6000 78 7 1 1.1791087060119025
seed123_C0_step6000 78 7 2 1.1899637570022605
seed123_C0_step6000 78 7 3 1.1877020070096478
seed123_C0_step6000 78 7 4 1.2295764340087771
seed123_C0_step6000 78 7 5 1.2136876370059326
seed123_C0_step6000 78 7 6 1.1968617230304517
seed123_C0_step6000 78 7 7 1.1807745060068555
seed123_C0_step6000 78 7 8 1.1898390720016323
seed123_C0_step6000 78 7 9 1.19338486000197
seed123_C0_step6000 78 8 0 1.198279570962768
seed123_C0_step6000 78 8 1 1.1815728539950214
seed123_C0_step6000 78 8 2 1.1751161900465377
seed123_C0_step6000 78 8 3 1.1652000360190868
seed123_C0_step6000 78 8 4 1.21340428001713
seed123_C0_step6000 78 8 5 1.209621526999399
seed123_C0_step6000 78 8 6 1.1918237379868515
seed123_C0_step6000 78 8 7 1.1675175720010884
seed123_C0_step6000 78 8 8 1.168669963022694
seed123_C0_step6000 78 8 9 1.2075236900127493
seed123_C0_step6000 78 9 0 1.185816069948487
seed123_C0_step6000 78 9 1 1.1854326329776086
seed123_C0_step6000 78 9 2 1.1988484199973755
seed123_C0_step6000 78 9 3 1.2101981460000388
seed123_C0_step6000 78 9 4 1.2239373699994758
seed123_C0_step6000 78 9 5 1.2329906959785149
seed123_C0_step6000 78 9 6 1.260512734996155
seed123_C0_step6000 78 9 7 1.1743408240145072
seed123_C0_step6000 78 9 8 1.1857627269928344
seed123_C0_step6000 78 9 9 1.1709947480121627
{'model': 'seed123_C0_step6000', 'completed_pairs': 2000, 'requested_pairs': 2000, 'completed': True, 'complete_source_count': 20, 'FRD': 428.1685964379011, 'new_pairs': 1999, 'wall_seconds': 486.0363424390089}
