seed123_C1_step6000 0 0 0 0.9795186859555542
seed123_C1_step6000 0 0 1 0.1131031489931047
seed123_C1_step6000 0 0 2 0.10226774000329897
seed123_C1_step6000 0 0 3 0.0997511720051989
seed123_C1_step6000 0 0 4 0.09698680596193299
seed123_C1_step6000 0 0 5 0.09871732199098915
seed123_C1_step6000 0 0 6 0.0970665059867315
seed123_C1_step6000 0 0 7 0.09874219098128378
seed123_C1_step6000 0 0 8 0.09789135801838711
seed123_C1_step6000 0 0 9 0.10946527705527842
seed123_C1_step6000 0 1 0 0.10226238903123885
seed123_C1_step6000 0 1 1 0.1029512719833292
seed123_C1_step6000 0 1 2 0.10367809800663963
seed123_C1_step6000 0 1 3 0.10267086798558012
seed123_C1_step6000 0 1 4 0.09726850304286927
seed123_C1_step6000 0 1 5 0.09720693499548361
seed123_C1_step6000 0 1 6 0.10131674696458504
seed123_C1_step6000 0 1 7 0.10772283596452326
seed123_C1_step6000 0 1 8 0.10857048199977726
seed123_C1_step6000 0 1 9 0.10559245705371723
seed123_C1_step6000 0 2 0 0.11211290303617716
seed123_C1_step6000 0 2 1 0.10665199597133324
seed123_C1_step6000 0 2 2 0.10508974798722193
seed123_C1_step6000 0 2 3 0.10090807895176113
seed123_C1_step6000 0 2 4 0.10452726698713377
seed123_C1_step6000 0 2 5 0.11037689400836825
seed123_C1_step6000 0 2 6 0.1112209539860487
seed123_C1_step6000 0 2 7 0.1059237879817374
seed123_C1_step6000 0 2 8 0.10338289599167183
seed123_C1_step6000 0 2 9 0.10319272504420951
seed123_C1_step6000 0 3 0 0.10427616804372519
seed123_C1_step6000 0 3 1 0.10327247600071132
seed123_C1_step6000 0 3 2 0.10825275798561051
seed123_C1_step6000 0 3 3 0.10117119102505967
seed123_C1_step6000 0 3 4 0.10212331498041749
seed123_C1_step6000 0 3 5 0.0982353770523332
seed123_C1_step6000 0 3 6 0.10015918198041618
seed123_C1_step6000 0 3 7 0.10295291699003428
seed123_C1_step6000 0 3 8 0.10340188402915373
seed123_C1_step6000 0 3 9 0.10006566502852365
seed123_C1_step6000 0 4 0 0.10093666397733614
seed123_C1_step6000 0 4 1 0.10103919100947678
seed123_C1_step6000 0 4 2 0.10211639298358932
seed123_C1_step6000 0 4 3 0.10194168001180515
seed123_C1_step6000 0 4 4 0.10371116298483685
seed123_C1_step6000 0 4 5 0.1035599639872089
seed123_C1_step6000 0 4 6 0.1048344629816711
seed123_C1_step6000 0 4 7 0.09977933001937345
seed123_C1_step6000 0 4 8 0.09673548804130405
seed123_C1_step6000 0 4 9 0.10017542500281706
seed123_C1_step6000 0 5 0 0.09697298100218177
seed123_C1_step6000 0 5 1 0.10409010498551652
seed123_C1_step6000 0 5 2 0.10590137698454782
seed123_C1_step6000 0 5 3 0.10130460700020194
seed123_C1_step6000 0 5 4 0.09976857900619507
seed123_C1_step6000 0 5 5 0.09735111199552193
seed123_C1_step6000 0 5 6 0.10118914698250592
seed123_C1_step6000 0 5 7 0.09661779494490474
seed123_C1_step6000 0 5 8 0.10098255303455517
seed123_C1_step6000 0 5 9 0.09961163101252168
seed123_C1_step6000 0 6 0 0.10767026903340593
seed123_C1_step6000 0 6 1 0.10308033198816702
seed123_C1_step6000 0 6 2 0.1006592980120331
seed123_C1_step6000 0 6 3 0.1040826520184055
seed123_C1_step6000 0 6 4 0.0981094180024229
seed123_C1_step6000 0 6 5 0.09404314897255972
seed123_C1_step6000 0 6 6 0.09572930197464302
seed123_C1_step6000 0 6 7 0.10377344297012314
seed123_C1_step6000 0 6 8 0.09501548204571009
seed123_C1_step6000 0 6 9 0.10036162100732327
seed123_C1_step6000 0 7 0 0.09914917103014886
seed123_C1_step6000 0 7 1 0.09520933200838044
seed123_C1_step6000 0 7 2 0.09639322699513286
seed123_C1_step6000 0 7 3 0.09928467799909413
seed123_C1_step6000 0 7 4 0.10453682800289243
seed123_C1_step6000 0 7 5 0.09728986700065434
seed123_C1_step6000 0 7 6 0.10872501000994816
seed123_C1_step6000 0 7 7 0.10820004995912313
seed123_C1_step6000 0 7 8 0.10216627101181075
seed123_C1_step6000 0 7 9 0.10543573199538514
seed123_C1_step6000 0 8 0 0.10112405498512089
seed123_C1_step6000 0 8 1 0.09839521301910281
seed123_C1_step6000 0 8 2 0.09755348996259272
seed123_C1_step6000 0 8 3 0.09753410198027268
seed123_C1_step6000 0 8 4 0.09690212801797315
seed123_C1_step6000 0 8 5 0.10574178502429277
seed123_C1_step6000 0 8 6 0.09939287597080693
seed123_C1_step6000 0 8 7 0.1007465259754099
seed123_C1_step6000 0 8 8 0.09976862196344882
seed123_C1_step6000 0 8 9 0.09551947395084426
seed123_C1_step6000 0 9 0 0.09627067600376904
seed123_C1_step6000 0 9 1 0.09587547299452126
seed123_C1_step6000 0 9 2 0.09556149400305003
seed123_C1_step6000 0 9 3 0.0965498480363749
seed123_C1_step6000 0 9 4 0.0962054209667258
seed123_C1_step6000 0 9 5 0.09713991201715544
seed123_C1_step6000 0 9 6 0.09666843299055472
seed123_C1_step6000 0 9 7 0.09774291201028973
seed123_C1_step6000 0 9 8 0.10058604000369087
seed123_C1_step6000 0 9 9 0.09873972198693082
seed123_C1_step6000 6 0 0 0.15837077802279964
seed123_C1_step6000 6 0 1 0.15685199399013072
seed123_C1_step6000 6 0 2 0.1541244660038501
seed123_C1_step6000 6 0 3 0.15282571100397035
seed123_C1_step6000 6 0 4 0.15137415402568877
seed123_C1_step6000 6 0 5 0.1514298419933766
seed123_C1_step6000 6 0 6 0.14972008299082518
seed123_C1_step6000 6 0 7 0.1506146480096504
seed123_C1_step6000 6 0 8 0.15813917794730514
seed123_C1_step6000 6 0 9 0.15924735099542886
seed123_C1_step6000 6 1 0 0.1622470979928039
seed123_C1_step6000 6 1 1 0.15212968504056334
seed123_C1_step6000 6 1 2 0.15113314701011404
seed123_C1_step6000 6 1 3 0.15646886499598622
seed123_C1_step6000 6 1 4 0.15487496805144474
seed123_C1_step6000 6 1 5 0.15607561700744554
seed123_C1_step6000 6 1 6 0.15848295501200482
seed123_C1_step6000 6 1 7 0.15424245304893702
seed123_C1_step6000 6 1 8 0.15892111998982728
seed123_C1_step6000 6 1 9 0.1524296379648149
seed123_C1_step6000 6 2 0 0.15528394799912348
seed123_C1_step6000 6 2 1 0.1552809840068221
seed123_C1_step6000 6 2 2 0.15524972300045192
seed123_C1_step6000 6 2 3 0.1536837980384007
seed123_C1_step6000 6 2 4 0.1530774140264839
seed123_C1_step6000 6 2 5 0.15421802800847217
seed123_C1_step6000 6 2 6 0.1557671710033901
seed123_C1_step6000 6 2 7 0.15739803796168417
seed123_C1_step6000 6 2 8 0.1548477989854291
seed123_C1_step6000 6 2 9 0.16415345401037484
seed123_C1_step6000 6 3 0 0.17064991500228643
seed123_C1_step6000 6 3 1 0.16713562898803502
seed123_C1_step6000 6 3 2 0.1593098330195062
seed123_C1_step6000 6 3 3 0.15558340097777545
seed123_C1_step6000 6 3 4 0.15486211597453803
seed123_C1_step6000 6 3 5 0.16342873295070603
seed123_C1_step6000 6 3 6 0.16379396000411361
seed123_C1_step6000 6 3 7 0.15943685604725033
seed123_C1_step6000 6 3 8 0.1562400339753367
seed123_C1_step6000 6 3 9 0.15897409501485527
seed123_C1_step6000 6 4 0 0.1577444210415706
seed123_C1_step6000 6 4 1 0.15550106496084481
seed123_C1_step6000 6 4 2 0.1585500570363365
seed123_C1_step6000 6 4 3 0.1581595329917036
seed123_C1_step6000 6 4 4 0.1569013249827549
seed123_C1_step6000 6 4 5 0.1574058060068637
seed123_C1_step6000 6 4 6 0.15815318102249876
seed123_C1_step6000 6 4 7 0.16641818301286548
seed123_C1_step6000 6 4 8 0.1535445679910481
seed123_C1_step6000 6 4 9 0.1552736039739102
seed123_C1_step6000 6 5 0 0.15981172304600477
seed123_C1_step6000 6 5 1 0.15862401999766007
seed123_C1_step6000 6 5 2 0.1614395040087402
seed123_C1_step6000 6 5 3 0.15697013802127913
seed123_C1_step6000 6 5 4 0.15609567100182176
seed123_C1_step6000 6 5 5 0.15688596601830795
seed123_C1_step6000 6 5 6 0.1576107990113087
seed123_C1_step6000 6 5 7 0.1532843830063939
seed123_C1_step6000 6 5 8 0.15465738996863365
seed123_C1_step6000 6 5 9 0.15998742799274623
seed123_C1_step6000 6 6 0 0.15377142099896446
seed123_C1_step6000 6 6 1 0.15059253299841657
seed123_C1_step6000 6 6 2 0.1512753349961713
seed123_C1_step6000 6 6 3 0.15053487394470721
seed123_C1_step6000 6 6 4 0.1509137160028331
seed123_C1_step6000 6 6 5 0.15436631598277017
seed123_C1_step6000 6 6 6 0.15497206099098548
seed123_C1_step6000 6 6 7 0.15574429201660678
seed123_C1_step6000 6 6 8 0.15121035202173516
seed123_C1_step6000 6 6 9 0.15518396598054096
seed123_C1_step6000 6 7 0 0.15674653300084174
seed123_C1_step6000 6 7 1 0.15667847299482673
seed123_C1_step6000 6 7 2 0.14869937702314928
seed123_C1_step6000 6 7 3 0.15805676998570561
seed123_C1_step6000 6 7 4 0.1569500009645708
seed123_C1_step6000 6 7 5 0.14904368395218626
seed123_C1_step6000 6 7 6 0.15043999499175698
seed123_C1_step6000 6 7 7 0.1500878439983353
seed123_C1_step6000 6 7 8 0.1507402270217426
seed123_C1_step6000 6 7 9 0.15192959399428219
seed123_C1_step6000 6 8 0 0.1656512269983068
seed123_C1_step6000 6 8 1 0.17673046299023554
seed123_C1_step6000 6 8 2 0.16360410599736497
seed123_C1_step6000 6 8 3 0.15553786198142916
seed123_C1_step6000 6 8 4 0.15517472004285082
seed123_C1_step6000 6 8 5 0.1540190569940023
seed123_C1_step6000 6 8 6 0.15835242700995877
seed123_C1_step6000 6 8 7 0.1637144570122473
seed123_C1_step6000 6 8 8 0.16303557303035632
seed123_C1_step6000 6 8 9 0.16559420997509733
seed123_C1_step6000 6 9 0 0.159537075960543
seed123_C1_step6000 6 9 1 0.1583475079969503
seed123_C1_step6000 6 9 2 0.15555385302286595
seed123_C1_step6000 6 9 3 0.15496338898083195
seed123_C1_step6000 6 9 4 0.15284871798940003
seed123_C1_step6000 6 9 5 0.1545719729620032
seed123_C1_step6000 6 9 6 0.15418025699909776
seed123_C1_step6000 6 9 7 0.1533581800176762
seed123_C1_step6000 6 9 8 0.15216313197743148
seed123_C1_step6000 6 9 9 0.14767425699392334
seed123_C1_step6000 9 0 0 0.04987350502051413
seed123_C1_step6000 9 0 1 0.04046209796797484
seed123_C1_step6000 9 0 2 0.04118968499824405
seed123_C1_step6000 9 0 3 0.04327046999242157
seed123_C1_step6000 9 0 4 0.04304218594916165
seed123_C1_step6000 9 0 5 0.04066352202789858
seed123_C1_step6000 9 0 6 0.04076623800210655
seed123_C1_step6000 9 0 7 0.04071988898795098
seed123_C1_step6000 9 0 8 0.040604589972645044
seed123_C1_step6000 9 0 9 0.04125904804095626
seed123_C1_step6000 9 1 0 0.043275840987917036
seed123_C1_step6000 9 1 1 0.04297155101085082
seed123_C1_step6000 9 1 2 0.042151096975430846
seed123_C1_step6000 9 1 3 0.042389783018734306
seed123_C1_step6000 9 1 4 0.04330262099392712
seed123_C1_step6000 9 1 5 0.04115163296228275
seed123_C1_step6000 9 1 6 0.04122964199632406
seed123_C1_step6000 9 1 7 0.0412189609487541
seed123_C1_step6000 9 1 8 0.040754845016635954
seed123_C1_step6000 9 1 9 0.04154408100293949
seed123_C1_step6000 9 2 0 0.04166458995314315
seed123_C1_step6000 9 2 1 0.0411613910109736
seed123_C1_step6000 9 2 2 0.0410535050323233
seed123_C1_step6000 9 2 3 0.04091109405271709
seed123_C1_step6000 9 2 4 0.04583144199568778
seed123_C1_step6000 9 2 5 0.04619719897164032
seed123_C1_step6000 9 2 6 0.040411101013887674
seed123_C1_step6000 9 2 7 0.040521121001802385
seed123_C1_step6000 9 2 8 0.0403601840371266
seed123_C1_step6000 9 2 9 0.04111270798603073
seed123_C1_step6000 9 3 0 0.04282848001457751
seed123_C1_step6000 9 3 1 0.04414994700346142
seed123_C1_step6000 9 3 2 0.04373372398549691
seed123_C1_step6000 9 3 3 0.0426731530460529
seed123_C1_step6000 9 3 4 0.043314395006746054
seed123_C1_step6000 9 3 5 0.04243634198792279
seed123_C1_step6000 9 3 6 0.04560909798601642
seed123_C1_step6000 9 3 7 0.04137271404033527
seed123_C1_step6000 9 3 8 0.04087058699224144
seed123_C1_step6000 9 3 9 0.044051329023204744
seed123_C1_step6000 9 4 0 0.04379191598854959
seed123_C1_step6000 9 4 1 0.04401224502362311
seed123_C1_step6000 9 4 2 0.04182581801433116
seed123_C1_step6000 9 4 3 0.04305675398791209
seed123_C1_step6000 9 4 4 0.040516922948881984
seed123_C1_step6000 9 4 5 0.04097618901869282
seed123_C1_step6000 9 4 6 0.04311024502385408
seed123_C1_step6000 9 4 7 0.045691926032304764
seed123_C1_step6000 9 4 8 0.04232295497786254
seed123_C1_step6000 9 4 9 0.04049478005617857
seed123_C1_step6000 9 5 0 0.04043232201365754
seed123_C1_step6000 9 5 1 0.04048628394957632
seed123_C1_step6000 9 5 2 0.04070323897758499
seed123_C1_step6000 9 5 3 0.04049345798557624
seed123_C1_step6000 9 5 4 0.040400912053883076
seed123_C1_step6000 9 5 5 0.04049654403934255
seed123_C1_step6000 9 5 6 0.04043120896676555
seed123_C1_step6000 9 5 7 0.040559886023402214
seed123_C1_step6000 9 5 8 0.04091475100722164
seed123_C1_step6000 9 5 9 0.04094905703095719
seed123_C1_step6000 9 6 0 0.04198488098336384
seed123_C1_step6000 9 6 1 0.040683479979634285
seed123_C1_step6000 9 6 2 0.042044984991662204
seed123_C1_step6000 9 6 3 0.04671262198826298
seed123_C1_step6000 9 6 4 0.04041472799144685
seed123_C1_step6000 9 6 5 0.04069938097381964
seed123_C1_step6000 9 6 6 0.040879073028918356
seed123_C1_step6000 9 6 7 0.04103594203479588
seed123_C1_step6000 9 6 8 0.044898845022544265
seed123_C1_step6000 9 6 9 0.04525767802260816
seed123_C1_step6000 9 7 0 0.044173682981636375
seed123_C1_step6000 9 7 1 0.04412926797522232
seed123_C1_step6000 9 7 2 0.04597074701450765
seed123_C1_step6000 9 7 3 0.04077932401560247
seed123_C1_step6000 9 7 4 0.04042064899113029
seed123_C1_step6000 9 7 5 0.040399730030912906
seed123_C1_step6000 9 7 6 0.04220772598637268
seed123_C1_step6000 9 7 7 0.040594090009108186
seed123_C1_step6000 9 7 8 0.04051111201988533
seed123_C1_step6000 9 7 9 0.04063838499132544
seed123_C1_step6000 9 8 0 0.040588739968370646
seed123_C1_step6000 9 8 1 0.03999239404220134
seed123_C1_step6000 9 8 2 0.04051963798701763
seed123_C1_step6000 9 8 3 0.04069772799266502
seed123_C1_step6000 9 8 4 0.04145592299755663
seed123_C1_step6000 9 8 5 0.04429699800675735
seed123_C1_step6000 9 8 6 0.04099025600589812
seed123_C1_step6000 9 8 7 0.04444083198904991
seed123_C1_step6000 9 8 8 0.04323120595654473
seed123_C1_step6000 9 8 9 0.04128332401160151
seed123_C1_step6000 9 9 0 0.04101236799033359
seed123_C1_step6000 9 9 1 0.040413636015728116
seed123_C1_step6000 9 9 2 0.04068748897407204
seed123_C1_step6000 9 9 3 0.04057972296141088
seed123_C1_step6000 9 9 4 0.041635024012066424
seed123_C1_step6000 9 9 5 0.04123126500053331
seed123_C1_step6000 9 9 6 0.04183542600367218
seed123_C1_step6000 9 9 7 0.0427809790126048
seed123_C1_step6000 9 9 8 0.040465254976879805
seed123_C1_step6000 9 9 9 0.040670135989785194
seed123_C1_step6000 12 0 0 0.46190569299506024
seed123_C1_step6000 12 0 1 0.4624908890109509
seed123_C1_step6000 12 0 2 0.46693641401361674
seed123_C1_step6000 12 0 3 0.4618560009985231
seed123_C1_step6000 12 0 4 0.47833706496749073
seed123_C1_step6000 12 0 5 0.4648680950049311
seed123_C1_step6000 12 0 6 0.46711723500629887
seed123_C1_step6000 12 0 7 0.4631697000004351
seed123_C1_step6000 12 0 8 0.46802948601543903
seed123_C1_step6000 12 0 9 0.4679190359893255
seed123_C1_step6000 12 1 0 0.46853637299500406
seed123_C1_step6000 12 1 1 0.47184079297585413
seed123_C1_step6000 12 1 2 0.46598475403152406
seed123_C1_step6000 12 1 3 0.4638651240384206
seed123_C1_step6000 12 1 4 0.471310657041613
seed123_C1_step6000 12 1 5 0.4665792799787596
seed123_C1_step6000 12 1 6 0.4656979499850422
seed123_C1_step6000 12 1 7 0.46823073003906757
seed123_C1_step6000 12 1 8 0.46103295200737193
seed123_C1_step6000 12 1 9 0.4787391619756818
seed123_C1_step6000 12 2 0 0.468492241052445
seed123_C1_step6000 12 2 1 0.46638638101285324
seed123_C1_step6000 12 2 2 0.47966400801669806
seed123_C1_step6000 12 2 3 0.47426879697013646
seed123_C1_step6000 12 2 4 0.4679225209983997
seed123_C1_step6000 12 2 5 0.46395413897698745
seed123_C1_step6000 12 2 6 0.4727960940217599
seed123_C1_step6000 12 2 7 0.47423125099157915
seed123_C1_step6000 12 2 8 0.46823566302191466
seed123_C1_step6000 12 2 9 0.4702232739655301
seed123_C1_step6000 12 3 0 0.48046367400093004
seed123_C1_step6000 12 3 1 0.47160882595926523
seed123_C1_step6000 12 3 2 0.4827192350057885
seed123_C1_step6000 12 3 3 0.4712404969613999
seed123_C1_step6000 12 3 4 0.46415978303411976
seed123_C1_step6000 12 3 5 0.4695705869817175
seed123_C1_step6000 12 3 6 0.47110200801398605
seed123_C1_step6000 12 3 7 0.46528757497435436
seed123_C1_step6000 12 3 8 0.4711105559836142
seed123_C1_step6000 12 3 9 0.4827009490109049
seed123_C1_step6000 12 4 0 0.46929015003843233
seed123_C1_step6000 12 4 1 0.4622004859847948
seed123_C1_step6000 12 4 2 0.470194294990506
seed123_C1_step6000 12 4 3 0.46808568702545017
seed123_C1_step6000 12 4 4 0.4760369450086728
seed123_C1_step6000 12 4 5 0.4768660050467588
seed123_C1_step6000 12 4 6 0.46703097003046423
seed123_C1_step6000 12 4 7 0.47385727398796007
seed123_C1_step6000 12 4 8 0.4727363979909569
seed123_C1_step6000 12 4 9 0.4696417400264181
seed123_C1_step6000 12 5 0 0.4780173260369338
seed123_C1_step6000 12 5 1 0.48315192497102544
seed123_C1_step6000 12 5 2 0.4915070319548249
seed123_C1_step6000 12 5 3 0.4711925020092167
seed123_C1_step6000 12 5 4 0.4679256149684079
seed123_C1_step6000 12 5 5 0.4753257440170273
seed123_C1_step6000 12 5 6 0.4690015289816074
seed123_C1_step6000 12 5 7 0.46126037603244185
seed123_C1_step6000 12 5 8 0.4643986870069057
seed123_C1_step6000 12 5 9 0.4677264529746026
seed123_C1_step6000 12 6 0 0.4562265630229376
seed123_C1_step6000 12 6 1 0.470486837963108
seed123_C1_step6000 12 6 2 0.4559284179704264
seed123_C1_step6000 12 6 3 0.46478315704734996
seed123_C1_step6000 12 6 4 0.4660032440442592
seed123_C1_step6000 12 6 5 0.46601200097939
seed123_C1_step6000 12 6 6 0.46132631198270246
seed123_C1_step6000 12 6 7 0.4683147629839368
seed123_C1_step6000 12 6 8 0.459747263987083
seed123_C1_step6000 12 6 9 0.46683674899395555
seed123_C1_step6000 12 7 0 0.4578790559899062
seed123_C1_step6000 12 7 1 0.45799541799351573
seed123_C1_step6000 12 7 2 0.4727179440087639
seed123_C1_step6000 12 7 3 0.46157522295834497
seed123_C1_step6000 12 7 4 0.46636044699698687
seed123_C1_step6000 12 7 5 0.463935766951181
seed123_C1_step6000 12 7 6 0.45531130803283304
seed123_C1_step6000 12 7 7 0.4719415979925543
seed123_C1_step6000 12 7 8 0.4656520420103334
seed123_C1_step6000 12 7 9 0.4661670950008556
seed123_C1_step6000 12 8 0 0.45756135100964457
seed123_C1_step6000 12 8 1 0.46419869497185573
seed123_C1_step6000 12 8 2 0.46830892097204924
seed123_C1_step6000 12 8 3 0.46382684900891036
seed123_C1_step6000 12 8 4 0.47224097803700715
seed123_C1_step6000 12 8 5 0.4707720900187269
seed123_C1_step6000 12 8 6 0.4599023200571537
seed123_C1_step6000 12 8 7 0.46967325801961124
seed123_C1_step6000 12 8 8 0.460530309996102
seed123_C1_step6000 12 8 9 0.46353684400673956
seed123_C1_step6000 12 9 0 0.4584812360117212
seed123_C1_step6000 12 9 1 0.46228702197549865
seed123_C1_step6000 12 9 2 0.4851124939741567
seed123_C1_step6000 12 9 3 0.4727432369836606
seed123_C1_step6000 12 9 4 0.4580085009802133
seed123_C1_step6000 12 9 5 0.4802680929424241
seed123_C1_step6000 12 9 6 0.4672392079955898
seed123_C1_step6000 12 9 7 0.4655360330361873
seed123_C1_step6000 12 9 8 0.47494811698561534
seed123_C1_step6000 12 9 9 0.46913258195854723
seed123_C1_step6000 18 0 0 0.11009375296998769
seed123_C1_step6000 18 0 1 0.1111274340073578
seed123_C1_step6000 18 0 2 0.11101108201546595
seed123_C1_step6000 18 0 3 0.11535705701680854
seed123_C1_step6000 18 0 4 0.11087835999205709
seed123_C1_step6000 18 0 5 0.11088057397864759
seed123_C1_step6000 18 0 6 0.11346553097246215
seed123_C1_step6000 18 0 7 0.11841259099310264
seed123_C1_step6000 18 0 8 0.11448398302309215
seed123_C1_step6000 18 0 9 0.11345368897309527
seed123_C1_step6000 18 1 0 0.112597547005862
seed123_C1_step6000 18 1 1 0.11275329400086775
seed123_C1_step6000 18 1 2 0.11221038899384439
seed123_C1_step6000 18 1 3 0.1127306409762241
seed123_C1_step6000 18 1 4 0.1138823659857735
seed123_C1_step6000 18 1 5 0.10861704900162295
seed123_C1_step6000 18 1 6 0.11168840399477631
seed123_C1_step6000 18 1 7 0.10924252198310569
seed123_C1_step6000 18 1 8 0.11080023203976452
seed123_C1_step6000 18 1 9 0.10755732998950407
seed123_C1_step6000 18 2 0 0.1106316699879244
seed123_C1_step6000 18 2 1 0.1103827659972012
seed123_C1_step6000 18 2 2 0.115685123950243
seed123_C1_step6000 18 2 3 0.11217130499426275
seed123_C1_step6000 18 2 4 0.11357494100229815
seed123_C1_step6000 18 2 5 0.11238884000340477
seed123_C1_step6000 18 2 6 0.11215878202347085
seed123_C1_step6000 18 2 7 0.11175326904049143
seed123_C1_step6000 18 2 8 0.1136017229873687
seed123_C1_step6000 18 2 9 0.11140337202232331
seed123_C1_step6000 18 3 0 0.11246537696570158
seed123_C1_step6000 18 3 1 0.10864463401958346
seed123_C1_step6000 18 3 2 0.10679593903478235
seed123_C1_step6000 18 3 3 0.10669715999392793
seed123_C1_step6000 18 3 4 0.10695162595948204
seed123_C1_step6000 18 3 5 0.10647649102611467
seed123_C1_step6000 18 3 6 0.10676616203272715
seed123_C1_step6000 18 3 7 0.10663049400318414
seed123_C1_step6000 18 3 8 0.1068108279723674
seed123_C1_step6000 18 3 9 0.10854787897551432
seed123_C1_step6000 18 4 0 0.110791134997271
seed123_C1_step6000 18 4 1 0.11314583302009851
seed123_C1_step6000 18 4 2 0.11037564399885014
seed123_C1_step6000 18 4 3 0.11306363699259236
seed123_C1_step6000 18 4 4 0.11007049196632579
seed123_C1_step6000 18 4 5 0.1099058379768394
seed123_C1_step6000 18 4 6 0.11088588600978255
seed123_C1_step6000 18 4 7 0.11107322404859588
seed123_C1_step6000 18 4 8 0.11182148999068886
seed123_C1_step6000 18 4 9 0.11699000204680488
seed123_C1_step6000 18 5 0 0.1161309250164777
seed123_C1_step6000 18 5 1 0.11111216800054535
seed123_C1_step6000 18 5 2 0.11295963998418301
seed123_C1_step6000 18 5 3 0.11175032501341775
seed123_C1_step6000 18 5 4 0.11048980202758685
seed123_C1_step6000 18 5 5 0.11129225202603266
seed123_C1_step6000 18 5 6 0.11307041201507673
seed123_C1_step6000 18 5 7 0.11293944099452347
seed123_C1_step6000 18 5 8 0.11675461399136111
seed123_C1_step6000 18 5 9 0.11295227595837787
seed123_C1_step6000 18 6 0 0.10975191602483392
seed123_C1_step6000 18 6 1 0.10857504198793322
seed123_C1_step6000 18 6 2 0.11083522095577791
seed123_C1_step6000 18 6 3 0.10974769800668582
seed123_C1_step6000 18 6 4 0.11224276496795937
seed123_C1_step6000 18 6 5 0.11028548300964758
seed123_C1_step6000 18 6 6 0.1095486189587973
seed123_C1_step6000 18 6 7 0.11015000502811745
seed123_C1_step6000 18 6 8 0.10876209998968989
seed123_C1_step6000 18 6 9 0.10875054699135944
seed123_C1_step6000 18 7 0 0.10900113498792052
seed123_C1_step6000 18 7 1 0.11492422700393945
seed123_C1_step6000 18 7 2 0.10951713897520676
seed123_C1_step6000 18 7 3 0.11045838304562494
seed123_C1_step6000 18 7 4 0.11270125897135586
seed123_C1_step6000 18 7 5 0.10938300396082923
seed123_C1_step6000 18 7 6 0.1092952869948931
seed123_C1_step6000 18 7 7 0.11137948895338923
seed123_C1_step6000 18 7 8 0.11049536400241777
seed123_C1_step6000 18 7 9 0.1144217390101403
seed123_C1_step6000 18 8 0 0.11689483403461054
seed123_C1_step6000 18 8 1 0.10971709102159366
seed123_C1_step6000 18 8 2 0.11044687300454825
seed123_C1_step6000 18 8 3 0.1098537520156242
seed123_C1_step6000 18 8 4 0.1105336369946599
seed123_C1_step6000 18 8 5 0.11891903303330764
seed123_C1_step6000 18 8 6 0.11036685999715701
seed123_C1_step6000 18 8 7 0.11378279101336375
seed123_C1_step6000 18 8 8 0.11368485499406233
seed123_C1_step6000 18 8 9 0.10980897699482739
seed123_C1_step6000 18 9 0 0.11072280898224562
seed123_C1_step6000 18 9 1 0.11011882696766406
seed123_C1_step6000 18 9 2 0.1138857479672879
seed123_C1_step6000 18 9 3 0.10878838103963062
seed123_C1_step6000 18 9 4 0.10785434098215774
seed123_C1_step6000 18 9 5 0.11093230900587514
seed123_C1_step6000 18 9 6 0.11733675596769899
seed123_C1_step6000 18 9 7 0.11073017300805077
seed123_C1_step6000 18 9 8 0.1062928750179708
seed123_C1_step6000 18 9 9 0.10541878797812387
seed123_C1_step6000 22 0 0 0.016375756997149438
seed123_C1_step6000 22 0 1 0.01578059297753498
seed123_C1_step6000 22 0 2 0.015927252010442317
seed123_C1_step6000 22 0 3 0.01594734995160252
seed123_C1_step6000 22 0 4 0.015895662014372647
seed123_C1_step6000 22 0 5 0.0158807429834269
seed123_C1_step6000 22 0 6 0.015939133998472244
seed123_C1_step6000 22 0 7 0.016111421980895102
seed123_C1_step6000 22 0 8 0.015795100014656782
seed123_C1_step6000 22 0 9 0.01588494097813964
seed123_C1_step6000 22 1 0 0.015886984998360276
seed123_C1_step6000 22 1 1 0.015921982005238533
seed123_C1_step6000 22 1 2 0.015907344000879675
seed123_C1_step6000 22 1 3 0.015811762015800923
seed123_C1_step6000 22 1 4 0.01577048300532624
seed123_C1_step6000 22 1 5 0.015878840000368655
seed123_C1_step6000 22 1 6 0.01583607797510922
seed123_C1_step6000 22 1 7 0.016544959042221308
seed123_C1_step6000 22 1 8 0.015941880003083497
seed123_C1_step6000 22 1 9 0.016550360014662147
seed123_C1_step6000 22 2 0 0.01608803798444569
seed123_C1_step6000 22 2 1 0.01602365600410849
seed123_C1_step6000 22 2 2 0.01599614304723218
seed123_C1_step6000 22 2 3 0.016223917016759515
seed123_C1_step6000 22 2 4 0.01617783901747316
seed123_C1_step6000 22 2 5 0.015840606996789575
seed123_C1_step6000 22 2 6 0.015796523017343134
seed123_C1_step6000 22 2 7 0.015937662043143064
seed123_C1_step6000 22 2 8 0.015764130977913737
seed123_C1_step6000 22 2 9 0.0161538629909046
seed123_C1_step6000 22 3 0 0.01741244300501421
seed123_C1_step6000 22 3 1 0.01745535503141582
seed123_C1_step6000 22 3 2 0.015833512996323407
seed123_C1_step6000 22 3 3 0.01576587400631979
seed123_C1_step6000 22 3 4 0.016021791961975396
seed123_C1_step6000 22 3 5 0.01831656601279974
seed123_C1_step6000 22 3 6 0.01559836498927325
seed123_C1_step6000 22 3 7 0.015581873012706637
seed123_C1_step6000 22 3 8 0.015562687010969967
seed123_C1_step6000 22 3 9 0.015591110975947231
seed123_C1_step6000 22 4 0 0.015624113031663
seed123_C1_step6000 22 4 1 0.01556610403349623
seed123_C1_step6000 22 4 2 0.015543270041234791
seed123_C1_step6000 22 4 3 0.0155621959711425
seed123_C1_step6000 22 4 4 0.01570950698805973
seed123_C1_step6000 22 4 5 0.015845615998841822
seed123_C1_step6000 22 4 6 0.015757938963361084
seed123_C1_step6000 22 4 7 0.01586988300550729
seed123_C1_step6000 22 4 8 0.015990303014405072
seed123_C1_step6000 22 4 9 0.015978369978256524
seed123_C1_step6000 22 5 0 0.015620676975231618
seed123_C1_step6000 22 5 1 0.015641287027392536
seed123_C1_step6000 22 5 2 0.01564025500556454
seed123_C1_step6000 22 5 3 0.015574891003780067
seed123_C1_step6000 22 5 4 0.015564570028800517
seed123_C1_step6000 22 5 5 0.015553709992673248
seed123_C1_step6000 22 5 6 0.015569469949696213
seed123_C1_step6000 22 5 7 0.015562687010969967
seed123_C1_step6000 22 5 8 0.015579889004584402
seed123_C1_step6000 22 5 9 0.015556716010905802
seed123_C1_step6000 22 6 0 0.015613624011166394
seed123_C1_step6000 22 6 1 0.016661091009154916
seed123_C1_step6000 22 6 2 0.01655179198132828
seed123_C1_step6000 22 6 3 0.01614970702212304
seed123_C1_step6000 22 6 4 0.01610107405576855
seed123_C1_step6000 22 6 5 0.0191037769545801
seed123_C1_step6000 22 6 6 0.015819496009498835
seed123_C1_step6000 22 6 7 0.015942660975269973
seed123_C1_step6000 22 6 8 0.015795661020092666
seed123_C1_step6000 22 6 9 0.015763710951432586
seed123_C1_step6000 22 7 0 0.01623241399647668
seed123_C1_step6000 22 7 1 0.015946779982186854
seed123_C1_step6000 22 7 2 0.015988789033144712
seed123_C1_step6000 22 7 3 0.015943302016239613
seed123_C1_step6000 22 7 4 0.015925839019473642
seed123_C1_step6000 22 7 5 0.015927772969007492
seed123_C1_step6000 22 7 6 0.0159237360348925
seed123_C1_step6000 22 7 7 0.01603707199683413
seed123_C1_step6000 22 7 8 0.016998142993543297
seed123_C1_step6000 22 7 9 0.01586151705123484
seed123_C1_step6000 22 8 0 0.016088960983324796
seed123_C1_step6000 22 8 1 0.017768502002581954
seed123_C1_step6000 22 8 2 0.017596354009583592
seed123_C1_step6000 22 8 3 0.01577312801964581
seed123_C1_step6000 22 8 4 0.016684094036463648
seed123_C1_step6000 22 8 5 0.016309480997733772
seed123_C1_step6000 22 8 6 0.015916380973067135
seed123_C1_step6000 22 8 7 0.01611981901805848
seed123_C1_step6000 22 8 8 0.015781263005919755
seed123_C1_step6000 22 8 9 0.015992085973266512
seed123_C1_step6000 22 9 0 0.015996985021047294
seed123_C1_step6000 22 9 1 0.0159636220196262
seed123_C1_step6000 22 9 2 0.016296404995955527
seed123_C1_step6000 22 9 3 0.01576479198411107
seed123_C1_step6000 22 9 4 0.015778647968545556
seed123_C1_step6000 22 9 5 0.01584977499442175
seed123_C1_step6000 22 9 6 0.016332986007910222
seed123_C1_step6000 22 9 7 0.016365907969884574
seed123_C1_step6000 22 9 8 0.016247442981693894
seed123_C1_step6000 22 9 9 0.016441512037999928
seed123_C1_step6000 24 0 0 0.018013780005276203
seed123_C1_step6000 24 0 1 0.017580222978722304
seed123_C1_step6000 24 0 2 0.017562479013577104
seed123_C1_step6000 24 0 3 0.017331508977804333
seed123_C1_step6000 24 0 4 0.017352299008052796
seed123_C1_step6000 24 0 5 0.017418244970031083
seed123_C1_step6000 24 0 6 0.017514827952254564
seed123_C1_step6000 24 0 7 0.017722563992720097
seed123_C1_step6000 24 0 8 0.01737865904578939
seed123_C1_step6000 24 0 9 0.01742767298128456
seed123_C1_step6000 24 1 0 0.01780541305197403
seed123_C1_step6000 24 1 1 0.018584848032332957
seed123_C1_step6000 24 1 2 0.019404181046411395
seed123_C1_step6000 24 1 3 0.019452913023997098
seed123_C1_step6000 24 1 4 0.01883099798578769
seed123_C1_step6000 24 1 5 0.018107887997757643
seed123_C1_step6000 24 1 6 0.018946877971757203
seed123_C1_step6000 24 1 7 0.017890996008645743
seed123_C1_step6000 24 1 8 0.017779643996618688
seed123_C1_step6000 24 1 9 0.017736822017468512
seed123_C1_step6000 24 2 0 0.018722759967204183
seed123_C1_step6000 24 2 1 0.018929855956230313
seed123_C1_step6000 24 2 2 0.018264546990394592
seed123_C1_step6000 24 2 3 0.01773687294917181
seed123_C1_step6000 24 2 4 0.01753668999299407
seed123_C1_step6000 24 2 5 0.01756742800353095
seed123_C1_step6000 24 2 6 0.018695659993682057
seed123_C1_step6000 24 2 7 0.018364437972195446
seed123_C1_step6000 24 2 8 0.01785451703472063
seed123_C1_step6000 24 2 9 0.01794770295964554
seed123_C1_step6000 24 3 0 0.017858734005130827
seed123_C1_step6000 24 3 1 0.018983537971507758
seed123_C1_step6000 24 3 2 0.020340706047136337
seed123_C1_step6000 24 3 3 0.018987294984981418
seed123_C1_step6000 24 3 4 0.018678005028050393
seed123_C1_step6000 24 3 5 0.018288672959897667
seed123_C1_step6000 24 3 6 0.018558748997747898
seed123_C1_step6000 24 3 7 0.018295286979991943
seed123_C1_step6000 24 3 8 0.01795622904319316
seed123_C1_step6000 24 3 9 0.017701114004012197
seed123_C1_step6000 24 4 0 0.017675926035735756
seed123_C1_step6000 24 4 1 0.01761588198132813
seed123_C1_step6000 24 4 2 0.01775059796636924
seed123_C1_step6000 24 4 3 0.0193522100453265
seed123_C1_step6000 24 4 4 0.017768420977517962
seed123_C1_step6000 24 4 5 0.01807135995477438
seed123_C1_step6000 24 4 6 0.019493461004458368
seed123_C1_step6000 24 4 7 0.01968685898464173
seed123_C1_step6000 24 4 8 0.01824864698573947
seed123_C1_step6000 24 4 9 0.018087350006680936
seed123_C1_step6000 24 5 0 0.017713999026454985
seed123_C1_step6000 24 5 1 0.018500978010706604
seed123_C1_step6000 24 5 2 0.018159117025788873
seed123_C1_step6000 24 5 3 0.017683340003713965
seed123_C1_step6000 24 5 4 0.017637762997765094
seed123_C1_step6000 24 5 5 0.017711714026518166
seed123_C1_step6000 24 5 6 0.018972988007590175
seed123_C1_step6000 24 5 7 0.01916470396099612
seed123_C1_step6000 24 5 8 0.018469117989297956
seed123_C1_step6000 24 5 9 0.0187224309775047
seed123_C1_step6000 24 6 0 0.018854321038816124
seed123_C1_step6000 24 6 1 0.018914707005023956
seed123_C1_step6000 24 6 2 0.020170211035292596
seed123_C1_step6000 24 6 3 0.01783156197052449
seed123_C1_step6000 24 6 4 0.01860245200805366
seed123_C1_step6000 24 6 5 0.01786504703341052
seed123_C1_step6000 24 6 6 0.017376775038428605
seed123_C1_step6000 24 6 7 0.017459903960116208
seed123_C1_step6000 24 6 8 0.01750020100735128
seed123_C1_step6000 24 6 9 0.01749199494952336
seed123_C1_step6000 24 7 0 0.017385071027092636
seed123_C1_step6000 24 7 1 0.018095044943038374
seed123_C1_step6000 24 7 2 0.017369442037306726
seed123_C1_step6000 24 7 3 0.017393418005667627
seed123_C1_step6000 24 7 4 0.018701029010117054
seed123_C1_step6000 24 7 5 0.017705040983855724
seed123_C1_step6000 24 7 6 0.017554605030454695
seed123_C1_step6000 24 7 7 0.017551038006786257
seed123_C1_step6000 24 7 8 0.0175171930459328
seed123_C1_step6000 24 7 9 0.018005354970227927
seed123_C1_step6000 24 8 0 0.017553612997289747
seed123_C1_step6000 24 8 1 0.017536710016429424
seed123_C1_step6000 24 8 2 0.01756322104483843
seed123_C1_step6000 24 8 3 0.017571507021784782
seed123_C1_step6000 24 8 4 0.017864555004052818
seed123_C1_step6000 24 8 5 0.017567750008311123
seed123_C1_step6000 24 8 6 0.0175209500011988
seed123_C1_step6000 24 8 7 0.017689901986159384
seed123_C1_step6000 24 8 8 0.01796553796157241
seed123_C1_step6000 24 8 9 0.01789451204240322
seed123_C1_step6000 24 9 0 0.018153605982661247
seed123_C1_step6000 24 9 1 0.01781431003473699
seed123_C1_step6000 24 9 2 0.017647461034357548
seed123_C1_step6000 24 9 3 0.01758305897237733
seed123_C1_step6000 24 9 4 0.01768339000409469
seed123_C1_step6000 24 9 5 0.01766124804271385
seed123_C1_step6000 24 9 6 0.01789551501860842
seed123_C1_step6000 24 9 7 0.0180517120170407
seed123_C1_step6000 24 9 8 0.018730986979790032
seed123_C1_step6000 24 9 9 0.020258418982848525
seed123_C1_step6000 30 0 0 0.027782199962530285
seed123_C1_step6000 30 0 1 0.026982718030922115
seed123_C1_step6000 30 0 2 0.026872206013649702
seed123_C1_step6000 30 0 3 0.026638381008524448
seed123_C1_step6000 30 0 4 0.027574634994380176
seed123_C1_step6000 30 0 5 0.02757995598949492
seed123_C1_step6000 30 0 6 0.027859107998665422
seed123_C1_step6000 30 0 7 0.028513455006759614
seed123_C1_step6000 30 0 8 0.027001562993973494
seed123_C1_step6000 30 0 9 0.02807909599505365
seed123_C1_step6000 30 1 0 0.027822890027891845
seed123_C1_step6000 30 1 1 0.027439919009339064
seed123_C1_step6000 30 1 2 0.027930244046729058
seed123_C1_step6000 30 1 3 0.02787388500291854
seed123_C1_step6000 30 1 4 0.02795806695939973
seed123_C1_step6000 30 1 5 0.02761764801107347
seed123_C1_step6000 30 1 6 0.027168370957951993
seed123_C1_step6000 30 1 7 0.027446752006653696
seed123_C1_step6000 30 1 8 0.027357091021258384
seed123_C1_step6000 30 1 9 0.031243300007190555
seed123_C1_step6000 30 2 0 0.027079563005827367
seed123_C1_step6000 30 2 1 0.027299210021737963
seed123_C1_step6000 30 2 2 0.02769584598718211
seed123_C1_step6000 30 2 3 0.02708918001735583
seed123_C1_step6000 30 2 4 0.029900739958975464
seed123_C1_step6000 30 2 5 0.028088374994695187
seed123_C1_step6000 30 2 6 0.030146649049129337
seed123_C1_step6000 30 2 7 0.030830332019831985
seed123_C1_step6000 30 2 8 0.03289046999998391
seed123_C1_step6000 30 2 9 0.030344986997079104
seed123_C1_step6000 30 3 0 0.028014264011289924
seed123_C1_step6000 30 3 1 0.027517186012119055
seed123_C1_step6000 30 3 2 0.02842812199378386
seed123_C1_step6000 30 3 3 0.028411721985321492
seed123_C1_step6000 30 3 4 0.030582929961383343
seed123_C1_step6000 30 3 5 0.032143124961294234
seed123_C1_step6000 30 3 6 0.02719185600290075
seed123_C1_step6000 30 3 7 0.027796196984127164
seed123_C1_step6000 30 3 8 0.02892269502626732
seed123_C1_step6000 30 3 9 0.027564827003516257
seed123_C1_step6000 30 4 0 0.02722868596902117
seed123_C1_step6000 30 4 1 0.027298658969812095
seed123_C1_step6000 30 4 2 0.02736737101804465
seed123_C1_step6000 30 4 3 0.027328616997692734
seed123_C1_step6000 30 4 4 0.029792153043672442
seed123_C1_step6000 30 4 5 0.0313282809802331
seed123_C1_step6000 30 4 6 0.028100407973397523
seed123_C1_step6000 30 4 7 0.02866410295246169
seed123_C1_step6000 30 4 8 0.0315762140089646
seed123_C1_step6000 30 4 9 0.030252900964114815
seed123_C1_step6000 30 5 0 0.029265669989399612
seed123_C1_step6000 30 5 1 0.029056360945105553
seed123_C1_step6000 30 5 2 0.028610170003958046
seed123_C1_step6000 30 5 3 0.031204163969960064
seed123_C1_step6000 30 5 4 0.026839223981369287
seed123_C1_step6000 30 5 5 0.028222922002896667
seed123_C1_step6000 30 5 6 0.02991656999802217
seed123_C1_step6000 30 5 7 0.028820361010730267
seed123_C1_step6000 30 5 8 0.02728938200743869
seed123_C1_step6000 30 5 9 0.027000320958904922
seed123_C1_step6000 30 6 0 0.026988587982486933
seed123_C1_step6000 30 6 1 0.026762027002405375
seed123_C1_step6000 30 6 2 0.026788647985085845
seed123_C1_step6000 30 6 3 0.026962648960761726
seed123_C1_step6000 30 6 4 0.02681023901095614
seed123_C1_step6000 30 6 5 0.027085854031611234
seed123_C1_step6000 30 6 6 0.026956918998621404
seed123_C1_step6000 30 6 7 0.02706076600588858
seed123_C1_step6000 30 6 8 0.02671490696957335
seed123_C1_step6000 30 6 9 0.029734634037595242
seed123_C1_step6000 30 7 0 0.027279953996185213
seed123_C1_step6000 30 7 1 0.028275782009586692
seed123_C1_step6000 30 7 2 0.03033907600911334
seed123_C1_step6000 30 7 3 0.030697108013555408
seed123_C1_step6000 30 7 4 0.02820863400120288
seed123_C1_step6000 30 7 5 0.02882260497426614
seed123_C1_step6000 30 7 6 0.028955678979400545
seed123_C1_step6000 30 7 7 0.02946163300657645
seed123_C1_step6000 30 7 8 0.030362260004039854
seed123_C1_step6000 30 7 9 0.027417154982686043
seed123_C1_step6000 30 8 0 0.027220560994464904
seed123_C1_step6000 30 8 1 0.027541163028217852
seed123_C1_step6000 30 8 2 0.027406384993810207
seed123_C1_step6000 30 8 3 0.027259805996436626
seed123_C1_step6000 30 8 4 0.02745016902917996
seed123_C1_step6000 30 8 5 0.027039795997552574
seed123_C1_step6000 30 8 6 0.029195626033470035
seed123_C1_step6000 30 8 7 0.02835351094836369
seed123_C1_step6000 30 8 8 0.027744549966882914
seed123_C1_step6000 30 8 9 0.027838989975862205
seed123_C1_step6000 30 9 0 0.027817970025353134
seed123_C1_step6000 30 9 1 0.028858634002972394
seed123_C1_step6000 30 9 2 0.027987913985271007
seed123_C1_step6000 30 9 3 0.027856422995682806
seed123_C1_step6000 30 9 4 0.030452160979621112
seed123_C1_step6000 30 9 5 0.029935937956906855
seed123_C1_step6000 30 9 6 0.03107765398453921
seed123_C1_step6000 30 9 7 0.03035843197721988
seed123_C1_step6000 30 9 8 0.03115215600701049
seed123_C1_step6000 30 9 9 0.030748456018045545
seed123_C1_step6000 33 0 0 0.009122510033193976
seed123_C1_step6000 33 0 1 0.008519981987774372
seed123_C1_step6000 33 0 2 0.007775162055622786
seed123_C1_step6000 33 0 3 0.008324208029080182
seed123_C1_step6000 33 0 4 0.007430644996929914
seed123_C1_step6000 33 0 5 0.007810860057361424
seed123_C1_step6000 33 0 6 0.008245447999797761
seed123_C1_step6000 33 0 7 0.007823073014151305
seed123_C1_step6000 33 0 8 0.008132574032060802
seed123_C1_step6000 33 0 9 0.008023344969842583
seed123_C1_step6000 33 1 0 0.007672987994737923
seed123_C1_step6000 33 1 1 0.007987867051269859
seed123_C1_step6000 33 1 2 0.00802641996415332
seed123_C1_step6000 33 1 3 0.007389637001324445
seed123_C1_step6000 33 1 4 0.007558619021438062
seed123_C1_step6000 33 1 5 0.007397362031042576
seed123_C1_step6000 33 1 6 0.0076821750262752175
seed123_C1_step6000 33 1 7 0.007453218044247478
seed123_C1_step6000 33 1 8 0.007706630975008011
seed123_C1_step6000 33 1 9 0.008235158980824053
seed123_C1_step6000 33 2 0 0.007702803995925933
seed123_C1_step6000 33 2 1 0.00748132198350504
seed123_C1_step6000 33 2 2 0.008013256010599434
seed123_C1_step6000 33 2 3 0.00744792795740068
seed123_C1_step6000 33 2 4 0.007538901991210878
seed123_C1_step6000 33 2 5 0.008519652008544654
seed123_C1_step6000 33 2 6 0.0077969630365259945
seed123_C1_step6000 33 2 7 0.00765752699226141
seed123_C1_step6000 33 2 8 0.00747684296220541
seed123_C1_step6000 33 2 9 0.007473025994841009
seed123_C1_step6000 33 3 0 0.007880954013671726
seed123_C1_step6000 33 3 1 0.007402051007375121
seed123_C1_step6000 33 3 2 0.0074172900058329105
seed123_C1_step6000 33 3 3 0.007405056967400014
seed123_C1_step6000 33 3 4 0.007389276986941695
seed123_C1_step6000 33 3 5 0.007430023979395628
seed123_C1_step6000 33 3 6 0.007431265956256539
seed123_C1_step6000 33 3 7 0.007829566020518541
seed123_C1_step6000 33 3 8 0.008046388975344598
seed123_C1_step6000 33 3 9 0.007870403002016246
seed123_C1_step6000 33 4 0 0.00757547200191766
seed123_C1_step6000 33 4 1 0.007810158014763147
seed123_C1_step6000 33 4 2 0.007865483989007771
seed123_C1_step6000 33 4 3 0.007734915998298675
seed123_C1_step6000 33 4 4 0.007827550987713039
seed123_C1_step6000 33 4 5 0.007724474999122322
seed123_C1_step6000 33 4 6 0.007525105029344559
seed123_C1_step6000 33 4 7 0.007509074988774955
seed123_C1_step6000 33 4 8 0.007459660992026329
seed123_C1_step6000 33 4 9 0.0074582279776223
seed123_C1_step6000 33 5 0 0.007440424000378698
seed123_C1_step6000 33 5 1 0.007445483992341906
seed123_C1_step6000 33 5 2 0.007419072964694351
seed123_C1_step6000 33 5 3 0.007430874975398183
seed123_C1_step6000 33 5 4 0.007436326995957643
seed123_C1_step6000 33 5 5 0.007466222974471748
seed123_C1_step6000 33 5 6 0.00744820898398757
seed123_C1_step6000 33 5 7 0.007450261968187988
seed123_C1_step6000 33 5 8 0.007425515039358288
seed123_C1_step6000 33 5 9 0.007427029020618647
seed123_C1_step6000 33 6 0 0.007937730988487601
seed123_C1_step6000 33 6 1 0.007762597990222275
seed123_C1_step6000 33 6 2 0.007775503036100417
seed123_C1_step6000 33 6 3 0.007803204993251711
seed123_C1_step6000 33 6 4 0.007742339977994561
seed123_C1_step6000 33 6 5 0.007713353959843516
seed123_C1_step6000 33 6 6 0.007712953025475144
seed123_C1_step6000 33 6 7 0.007693455961998552
seed123_C1_step6000 33 6 8 0.007711109996307641
seed123_C1_step6000 33 6 9 0.007701763010118157
seed123_C1_step6000 33 7 0 0.007392001047264785
seed123_C1_step6000 33 7 1 0.007380990020465106
seed123_C1_step6000 33 7 2 0.0073976319981738925
seed123_C1_step6000 33 7 3 0.007419653993565589
seed123_C1_step6000 33 7 4 0.0075423180242069066
seed123_C1_step6000 33 7 5 0.007487793976906687
seed123_C1_step6000 33 7 6 0.007754783029668033
seed123_C1_step6000 33 7 7 0.007491400989238173
seed123_C1_step6000 33 7 8 0.007464169000741094
seed123_C1_step6000 33 7 9 0.0074654920026659966
seed123_C1_step6000 33 8 0 0.007491841970477253
seed123_C1_step6000 33 8 1 0.007389787002466619
seed123_C1_step6000 33 8 2 0.007466893992386758
seed123_C1_step6000 33 8 3 0.007511139032430947
seed123_C1_step6000 33 8 4 0.0074576460174284875
seed123_C1_step6000 33 8 5 0.007468978001270443
seed123_C1_step6000 33 8 6 0.007423151051625609
seed123_C1_step6000 33 8 7 0.007975713990163058
seed123_C1_step6000 33 8 8 0.00808604503981769
seed123_C1_step6000 33 8 9 0.007498614024370909
seed123_C1_step6000 33 9 0 0.007689518970437348
seed123_C1_step6000 33 9 1 0.007450323028024286
seed123_C1_step6000 33 9 2 0.007521338004153222
seed123_C1_step6000 33 9 3 0.008033544989302754
seed123_C1_step6000 33 9 4 0.007460351975169033
seed123_C1_step6000 33 9 5 0.007801803003530949
seed123_C1_step6000 33 9 6 0.007447907992172986
seed123_C1_step6000 33 9 7 0.007454971026163548
seed123_C1_step6000 33 9 8 0.007413772982545197
seed123_C1_step6000 33 9 9 0.007545755011960864
seed123_C1_step6000 36 0 0 0.008040719025302678
seed123_C1_step6000 36 0 1 0.008150547044351697
seed123_C1_step6000 36 0 2 0.008107024012133479
seed123_C1_step6000 36 0 3 0.008103148022200912
seed123_C1_step6000 36 0 4 0.008101482992060483
seed123_C1_step6000 36 0 5 0.008058812993112952
seed123_C1_step6000 36 0 6 0.008036268991418183
seed123_C1_step6000 36 0 7 0.008055817044805735
seed123_C1_step6000 36 0 8 0.008057970961090177
seed123_C1_step6000 36 0 9 0.008185183978639543
seed123_C1_step6000 36 1 0 0.008725403982680291
seed123_C1_step6000 36 1 1 0.008565347990952432
seed123_C1_step6000 36 1 2 0.009212171018589288
seed123_C1_step6000 36 1 3 0.008842816983815283
seed123_C1_step6000 36 1 4 0.15919201204087585
seed123_C1_step6000 36 1 5 0.008592850994318724
seed123_C1_step6000 36 1 6 0.0085316639742814
seed123_C1_step6000 36 1 7 0.008851514023263007
seed123_C1_step6000 36 1 8 0.008415672986302525
seed123_C1_step6000 36 1 9 0.008411224000155926
seed123_C1_step6000 36 2 0 0.008106193970888853
seed123_C1_step6000 36 2 1 0.008253432984929532
seed123_C1_step6000 36 2 2 0.008328576979693025
seed123_C1_step6000 36 2 3 0.00861296901712194
seed123_C1_step6000 36 2 4 0.00892393197864294
seed123_C1_step6000 36 2 5 0.008406695968005806
seed123_C1_step6000 36 2 6 0.008078489976469427
seed123_C1_step6000 36 2 7 0.008744189981371164
seed123_C1_step6000 36 2 8 0.008535120985470712
seed123_C1_step6000 36 2 9 0.009006268985103816
seed123_C1_step6000 36 3 0 0.008081836043857038
seed123_C1_step6000 36 3 1 0.008056677994318306
seed123_C1_step6000 36 3 2 0.008052371034864336
seed123_C1_step6000 36 3 3 0.008056267979554832
seed123_C1_step6000 36 3 4 0.00835457694483921
seed123_C1_step6000 36 3 5 0.008122354047372937
seed123_C1_step6000 36 3 6 0.008091735013294965
seed123_C1_step6000 36 3 7 0.008112716022878885
seed123_C1_step6000 36 3 8 0.008107635017950088
seed123_C1_step6000 36 3 9 0.008102225954644382
seed123_C1_step6000 36 4 0 0.008678955025970936
seed123_C1_step6000 36 4 1 0.008265275973826647
seed123_C1_step6000 36 4 2 0.008964329026639462
seed123_C1_step6000 36 4 3 0.008690145972650498
seed123_C1_step6000 36 4 4 0.009787518996745348
seed123_C1_step6000 36 4 5 0.00843817600980401
seed123_C1_step6000 36 4 6 0.008161648991517723
seed123_C1_step6000 36 4 7 0.008146059000864625
seed123_C1_step6000 36 4 8 0.00809832796221599
seed123_C1_step6000 36 4 9 0.008048532996326685
seed123_C1_step6000 36 5 0 0.008045708003919572
seed123_C1_step6000 36 5 1 0.008061569009441882
seed123_C1_step6000 36 5 2 0.008251168997958302
seed123_C1_step6000 36 5 3 0.008376548008527607
seed123_C1_step6000 36 5 4 0.008055346028413624
seed123_C1_step6000 36 5 5 0.008067999966442585
seed123_C1_step6000 36 5 6 0.00808681600028649
seed123_C1_step6000 36 5 7 0.008490435953717679
seed123_C1_step6000 36 5 8 0.008055336016695946
seed123_C1_step6000 36 5 9 0.00819482299266383
seed123_C1_step6000 36 6 0 0.008043514040764421
seed123_C1_step6000 36 6 1 0.008073721022810787
seed123_C1_step6000 36 6 2 0.008344075991772115
seed123_C1_step6000 36 6 3 0.008038032974582165
seed123_C1_step6000 36 6 4 0.008257660956587642
seed123_C1_step6000 36 6 5 0.008038625004701316
seed123_C1_step6000 36 6 6 0.008051078009884804
seed123_C1_step6000 36 6 7 0.00804618903202936
seed123_C1_step6000 36 6 8 0.008042422006838024
seed123_C1_step6000 36 6 9 0.008074582961853594
seed123_C1_step6000 36 7 0 0.008137882978189737
seed123_C1_step6000 36 7 1 0.008316665014717728
seed123_C1_step6000 36 7 2 0.0099271530052647
seed123_C1_step6000 36 7 3 0.008730633009690791
seed123_C1_step6000 36 7 4 0.008079071994870901
seed123_C1_step6000 36 7 5 0.008258733956608921
seed123_C1_step6000 36 7 6 0.008107586007099599
seed123_C1_step6000 36 7 7 0.008231201965827495
seed123_C1_step6000 36 7 8 0.008548115030862391
seed123_C1_step6000 36 7 9 0.008481148979626596
seed123_C1_step6000 36 8 0 0.008143444021698087
seed123_C1_step6000 36 8 1 0.008240860013756901
seed123_C1_step6000 36 8 2 0.008137502009049058
seed123_C1_step6000 36 8 3 0.008119689009618014
seed123_C1_step6000 36 8 4 0.008101303013972938
seed123_C1_step6000 36 8 5 0.008083200023975223
seed123_C1_step6000 36 8 6 0.008173269976396114
seed123_C1_step6000 36 8 7 0.010047063988167793
seed123_C1_step6000 36 8 8 0.00874628295423463
seed123_C1_step6000 36 8 9 0.008173641981557012
seed123_C1_step6000 36 9 0 0.008179413038305938
seed123_C1_step6000 36 9 1 0.008154554991051555
seed123_C1_step6000 36 9 2 0.008166507992427796
seed123_C1_step6000 36 9 3 0.00804253196110949
seed123_C1_step6000 36 9 4 0.00816642795689404
seed123_C1_step6000 36 9 5 0.008170776010956615
seed123_C1_step6000 36 9 6 0.008056027989368886
seed123_C1_step6000 36 9 7 0.008432375034317374
seed123_C1_step6000 36 9 8 0.008717738033737987
seed123_C1_step6000 36 9 9 0.008196685987059027
seed123_C1_step6000 40 0 0 0.00530332897324115
seed123_C1_step6000 40 0 1 0.0052743039559572935
seed123_C1_step6000 40 0 2 0.005147443036548793
seed123_C1_step6000 40 0 3 0.005219148995820433
seed123_C1_step6000 40 0 4 0.005265057028736919
seed123_C1_step6000 40 0 5 0.005151851044502109
seed123_C1_step6000 40 0 6 0.0052385469898581505
seed123_C1_step6000 40 0 7 0.005377109977416694
seed123_C1_step6000 40 0 8 0.0051808159914799035
seed123_C1_step6000 40 0 9 0.005618962983135134
seed123_C1_step6000 40 1 0 0.004945616994518787
seed123_C1_step6000 40 1 1 0.004965155036188662
seed123_C1_step6000 40 1 2 0.004945327993482351
seed123_C1_step6000 40 1 3 0.004961478000041097
seed123_C1_step6000 40 1 4 0.004962870967574418
seed123_C1_step6000 40 1 5 0.005150900047738105
seed123_C1_step6000 40 1 6 0.005185925983823836
seed123_C1_step6000 40 1 7 0.004997146024834365
seed123_C1_step6000 40 1 8 0.0050496659823693335
seed123_C1_step6000 40 1 9 0.005191037023905665
seed123_C1_step6000 40 2 0 0.0050215829978697
seed123_C1_step6000 40 2 1 0.004937563033308834
seed123_C1_step6000 40 2 2 0.0049468009965494275
seed123_C1_step6000 40 2 3 0.004912864998914301
seed123_C1_step6000 40 2 4 0.004941168997902423
seed123_C1_step6000 40 2 5 0.005020982003770769
seed123_C1_step6000 40 2 6 0.005024679005146027
seed123_C1_step6000 40 2 7 0.004893989011179656
seed123_C1_step6000 40 2 8 0.004913265991490334
seed123_C1_step6000 40 2 9 0.0049777699750848114
seed123_C1_step6000 40 3 0 0.004924907989334315
seed123_C1_step6000 40 3 1 0.004874192003626376
seed123_C1_step6000 40 3 2 0.004862750007305294
seed123_C1_step6000 40 3 3 0.004921901971101761
seed123_C1_step6000 40 3 4 0.004907215014100075
seed123_C1_step6000 40 3 5 0.005091426020953804
seed123_C1_step6000 40 3 6 0.005100092967040837
seed123_C1_step6000 40 3 7 0.00495415402110666
seed123_C1_step6000 40 3 8 0.004921051033306867
seed123_C1_step6000 40 3 9 0.004963491985108703
seed123_C1_step6000 40 4 0 0.004965034953784198
seed123_C1_step6000 40 4 1 0.004937321995384991
seed123_C1_step6000 40 4 2 0.004947182023897767
seed123_C1_step6000 40 4 3 0.004945187014527619
seed123_C1_step6000 40 4 4 0.004903256020043045
seed123_C1_step6000 40 4 5 0.00508046499453485
seed123_C1_step6000 40 4 6 0.004956730001140386
seed123_C1_step6000 40 4 7 0.0062436420121230185
seed123_C1_step6000 40 4 8 0.006071203970350325
seed123_C1_step6000 40 4 9 0.005284643964841962
seed123_C1_step6000 40 5 0 0.005326643993612379
seed123_C1_step6000 40 5 1 0.005657135043293238
seed123_C1_step6000 40 5 2 0.0050101010128855705
seed123_C1_step6000 40 5 3 0.005030289001297206
seed123_C1_step6000 40 5 4 0.005006364022847265
seed123_C1_step6000 40 5 5 0.004899470019154251
seed123_C1_step6000 40 5 6 0.004893128003459424
seed123_C1_step6000 40 5 7 0.004880663997028023
seed123_C1_step6000 40 5 8 0.004892727010883391
seed123_C1_step6000 40 5 9 0.004889130999799818
seed123_C1_step6000 40 6 0 0.0051293979631736875
seed123_C1_step6000 40 6 1 0.005102457012981176
seed123_C1_step6000 40 6 2 0.005069554026704282
seed123_C1_step6000 40 6 3 0.005154345999471843
seed123_C1_step6000 40 6 4 0.005290424975100905
seed123_C1_step6000 40 6 5 0.005083572003059089
seed123_C1_step6000 40 6 6 0.005384324002079666
seed123_C1_step6000 40 6 7 0.005094301013741642
seed123_C1_step6000 40 6 8 0.005057391012087464
seed123_C1_step6000 40 6 9 0.005063221964519471
seed123_C1_step6000 40 7 0 0.004889190022367984
seed123_C1_step6000 40 7 1 0.00486581603763625
seed123_C1_step6000 40 7 2 0.0049958949675783515
seed123_C1_step6000 40 7 3 0.00499236595351249
seed123_C1_step6000 40 7 4 0.004895792983006686
seed123_C1_step6000 40 7 5 0.004888899973593652
seed123_C1_step6000 40 7 6 0.004916061006952077
seed123_C1_step6000 40 7 7 0.004879381973296404
seed123_C1_step6000 40 7 8 0.0048833999899216
seed123_C1_step6000 40 7 9 0.004897826001979411
seed123_C1_step6000 40 8 0 0.004858892993070185
seed123_C1_step6000 40 8 1 0.0049078650190494955
seed123_C1_step6000 40 8 2 0.004873610974755138
seed123_C1_step6000 40 8 3 0.004885963979177177
seed123_C1_step6000 40 8 4 0.004877098021097481
seed123_C1_step6000 40 8 5 0.004873420984949917
seed123_C1_step6000 40 8 6 0.004885163041763008
seed123_C1_step6000 40 8 7 0.004885583010036498
seed123_C1_step6000 40 8 8 0.004881004977505654
seed123_C1_step6000 40 8 9 0.0049754559877328575
seed123_C1_step6000 40 9 0 0.004923796048387885
seed123_C1_step6000 40 9 1 0.0050747739733196795
seed123_C1_step6000 40 9 2 0.004884150985162705
seed123_C1_step6000 40 9 3 0.004888569004833698
seed123_C1_step6000 40 9 4 0.004897166043519974
seed123_C1_step6000 40 9 5 0.00489297800231725
seed123_C1_step6000 40 9 6 0.0048930280026979744
seed123_C1_step6000 40 9 7 0.004879512009210885
seed123_C1_step6000 40 9 8 0.004900361993350089
seed123_C1_step6000 40 9 9 0.004879551997873932
seed123_C1_step6000 47 0 0 0.0645018609939143
seed123_C1_step6000 47 0 1 0.06044307496631518
seed123_C1_step6000 47 0 2 0.060648776998277754
seed123_C1_step6000 47 0 3 0.06149713398190215
seed123_C1_step6000 47 0 4 0.06107508996501565
seed123_C1_step6000 47 0 5 0.061264510033652186
seed123_C1_step6000 47 0 6 0.061365251953247935
seed123_C1_step6000 47 0 7 0.059969171008560807
seed123_C1_step6000 47 0 8 0.06285494304029271
seed123_C1_step6000 47 0 9 0.060858907003421336
seed123_C1_step6000 47 1 0 0.0602295680437237
seed123_C1_step6000 47 1 1 0.061276112974155694
seed123_C1_step6000 47 1 2 0.059934756020084023
seed123_C1_step6000 47 1 3 0.06055453699082136
seed123_C1_step6000 47 1 4 0.06045861396705732
seed123_C1_step6000 47 1 5 0.06096707301912829
seed123_C1_step6000 47 1 6 0.06148948898771778
seed123_C1_step6000 47 1 7 0.060574266011826694
seed123_C1_step6000 47 1 8 0.06158220604993403
seed123_C1_step6000 47 1 9 0.06258740299381316
seed123_C1_step6000 47 2 0 0.06017161800991744
seed123_C1_step6000 47 2 1 0.06039831996895373
seed123_C1_step6000 47 2 2 0.061846190015785396
seed123_C1_step6000 47 2 3 0.060342713026329875
seed123_C1_step6000 47 2 4 0.06097430799854919
seed123_C1_step6000 47 2 5 0.060462952009402215
seed123_C1_step6000 47 2 6 0.06124870100757107
seed123_C1_step6000 47 2 7 0.0638652479974553
seed123_C1_step6000 47 2 8 0.06037454499164596
seed123_C1_step6000 47 2 9 0.059725166007410735
seed123_C1_step6000 47 3 0 0.06029957201099023
seed123_C1_step6000 47 3 1 0.06024646997684613
seed123_C1_step6000 47 3 2 0.060523577965795994
seed123_C1_step6000 47 3 3 0.06077497801743448
seed123_C1_step6000 47 3 4 0.060802942025475204
seed123_C1_step6000 47 3 5 0.060637846996542066
seed123_C1_step6000 47 3 6 0.06391806103056297
seed123_C1_step6000 47 3 7 0.06173171196132898
seed123_C1_step6000 47 3 8 0.06031942897243425
seed123_C1_step6000 47 3 9 0.06032515998231247
seed123_C1_step6000 47 4 0 0.06528735102619976
seed123_C1_step6000 47 4 1 0.0610143140074797
seed123_C1_step6000 47 4 2 0.06178297899896279
seed123_C1_step6000 47 4 3 0.06019269797252491
seed123_C1_step6000 47 4 4 0.06108358601341024
seed123_C1_step6000 47 4 5 0.06198703800328076
seed123_C1_step6000 47 4 6 0.06458993098931387
seed123_C1_step6000 47 4 7 0.06289735401514918
seed123_C1_step6000 47 4 8 0.06148926995228976
seed123_C1_step6000 47 4 9 0.06295014603529125
seed123_C1_step6000 47 5 0 0.06279907701537013
seed123_C1_step6000 47 5 1 0.06657468498451635
seed123_C1_step6000 47 5 2 0.06579778401646763
seed123_C1_step6000 47 5 3 0.060578724020160735
seed123_C1_step6000 47 5 4 0.06088768399786204
seed123_C1_step6000 47 5 5 0.06193449895363301
seed123_C1_step6000 47 5 6 0.0651024790131487
seed123_C1_step6000 47 5 7 0.06349534395849332
seed123_C1_step6000 47 5 8 0.06537099997512996
seed123_C1_step6000 47 5 9 0.06493016995955259
seed123_C1_step6000 47 6 0 0.06136446201708168
seed123_C1_step6000 47 6 1 0.06086660304572433
seed123_C1_step6000 47 6 2 0.061246086028404534
seed123_C1_step6000 47 6 3 0.05978582298848778
seed123_C1_step6000 47 6 4 0.060228215996176004
seed123_C1_step6000 47 6 5 0.06112221098737791
seed123_C1_step6000 47 6 6 0.06050034600775689
seed123_C1_step6000 47 6 7 0.06295379198854789
seed123_C1_step6000 47 6 8 0.06600210297619924
seed123_C1_step6000 47 6 9 0.06580815400229767
seed123_C1_step6000 47 7 0 0.06594342197058722
seed123_C1_step6000 47 7 1 0.06445344199892133
seed123_C1_step6000 47 7 2 0.062443038972560316
seed123_C1_step6000 47 7 3 0.06181654398096725
seed123_C1_step6000 47 7 4 0.06028228998184204
seed123_C1_step6000 47 7 5 0.062258457008283585
seed123_C1_step6000 47 7 6 0.06086300598690286
seed123_C1_step6000 47 7 7 0.06337450398132205
seed123_C1_step6000 47 7 8 0.0655194339924492
seed123_C1_step6000 47 7 9 0.067716742050834
seed123_C1_step6000 47 8 0 0.06701280100969598
seed123_C1_step6000 47 8 1 0.06625718000577763
seed123_C1_step6000 47 8 2 0.06222829001490027
seed123_C1_step6000 47 8 3 0.06196728197392076
seed123_C1_step6000 47 8 4 0.062141053029336035
seed123_C1_step6000 47 8 5 0.06118808698374778
seed123_C1_step6000 47 8 6 0.06170576298609376
seed123_C1_step6000 47 8 7 0.06078129104571417
seed123_C1_step6000 47 8 8 0.06250583799555898
seed123_C1_step6000 47 8 9 0.0616204509860836
seed123_C1_step6000 47 9 0 0.06158286001300439
seed123_C1_step6000 47 9 1 0.06045107200043276
seed123_C1_step6000 47 9 2 0.06035306502599269
seed123_C1_step6000 47 9 3 0.061748325009830296
seed123_C1_step6000 47 9 4 0.06062889099121094
seed123_C1_step6000 47 9 5 0.059733092028182
seed123_C1_step6000 47 9 6 0.059916952974162996
seed123_C1_step6000 47 9 7 0.06015598902013153
seed123_C1_step6000 47 9 8 0.06362058396916837
seed123_C1_step6000 47 9 9 0.06001388799631968
seed123_C1_step6000 51 0 0 0.023518525005783886
seed123_C1_step6000 51 0 1 0.022966040996834636
seed123_C1_step6000 51 0 2 0.02362024801550433
seed123_C1_step6000 51 0 3 0.02366476401221007
seed123_C1_step6000 51 0 4 0.02296487899729982
seed123_C1_step6000 51 0 5 0.02292307000607252
seed123_C1_step6000 51 0 6 0.022885819023940712
seed123_C1_step6000 51 0 7 0.02310780104016885
seed123_C1_step6000 51 0 8 0.0228604199946858
seed123_C1_step6000 51 0 9 0.02293596399249509
seed123_C1_step6000 51 1 0 0.023318463994655758
seed123_C1_step6000 51 1 1 0.02296752401161939
seed123_C1_step6000 51 1 2 0.022848277003504336
seed123_C1_step6000 51 1 3 0.022838549048174173
seed123_C1_step6000 51 1 4 0.022847305983304977
seed123_C1_step6000 51 1 5 0.022947274963371456
seed123_C1_step6000 51 1 6 0.024819835962262005
seed123_C1_step6000 51 1 7 0.02321425499394536
seed123_C1_step6000 51 1 8 0.023129192006308585
seed123_C1_step6000 51 1 9 0.022924132004845887
seed123_C1_step6000 51 2 0 0.02292468200903386
seed123_C1_step6000 51 2 1 0.022835383017081767
seed123_C1_step6000 51 2 2 0.023560194007586688
seed123_C1_step6000 51 2 3 0.02310213097371161
seed123_C1_step6000 51 2 4 0.02358525199815631
seed123_C1_step6000 51 2 5 0.02334514498943463
seed123_C1_step6000 51 2 6 0.024698364024516195
seed123_C1_step6000 51 2 7 0.023035924008581787
seed123_C1_step6000 51 2 8 0.023113724018912762
seed123_C1_step6000 51 2 9 0.02323126798728481
seed123_C1_step6000 51 3 0 0.023026666953228414
seed123_C1_step6000 51 3 1 0.02299750200472772
seed123_C1_step6000 51 3 2 0.024169837008230388
seed123_C1_step6000 51 3 3 0.023204205033835024
seed123_C1_step6000 51 3 4 0.023042336979415268
seed123_C1_step6000 51 3 5 0.027533309010323137
seed123_C1_step6000 51 3 6 0.02337050304049626
seed123_C1_step6000 51 3 7 0.023068265989422798
seed123_C1_step6000 51 3 8 0.023203714983537793
seed123_C1_step6000 51 3 9 0.02410573500674218
seed123_C1_step6000 51 4 0 0.023194056993816048
seed123_C1_step6000 51 4 1 0.023358900973107666
seed123_C1_step6000 51 4 2 0.02313085604691878
seed123_C1_step6000 51 4 3 0.02311358303995803
seed123_C1_step6000 51 4 4 0.02288988698273897
seed123_C1_step6000 51 4 5 0.02306160400621593
seed123_C1_step6000 51 4 6 0.02290813100989908
seed123_C1_step6000 51 4 7 0.023114364012144506
seed123_C1_step6000 51 4 8 0.025026499992236495
seed123_C1_step6000 51 4 9 0.023329474963247776
seed123_C1_step6000 51 5 0 0.023924780020024627
seed123_C1_step6000 51 5 1 0.023535166983492672
seed123_C1_step6000 51 5 2 0.022773895994760096
seed123_C1_step6000 51 5 3 0.02294203598285094
seed123_C1_step6000 51 5 4 0.022844780993182212
seed123_C1_step6000 51 5 5 0.022755521000362933
seed123_C1_step6000 51 5 6 0.023613597033545375
seed123_C1_step6000 51 5 7 0.024757456965744495
seed123_C1_step6000 51 5 8 0.023176351969596
seed123_C1_step6000 51 5 9 0.023167335020843893
seed123_C1_step6000 51 6 0 0.02283804799662903
seed123_C1_step6000 51 6 1 0.022660168004222214
seed123_C1_step6000 51 6 2 0.023175871989224106
seed123_C1_step6000 51 6 3 0.024248745990917087
seed123_C1_step6000 51 6 4 0.0242198120104149
seed123_C1_step6000 51 6 5 0.025054081983398646
seed123_C1_step6000 51 6 6 0.024736145976930857
seed123_C1_step6000 51 6 7 0.022979807981755584
seed123_C1_step6000 51 6 8 0.023048589006066322
seed123_C1_step6000 51 6 9 0.023275130952242762
seed123_C1_step6000 51 7 0 0.02368507202481851
seed123_C1_step6000 51 7 1 0.023064940993208438
seed123_C1_step6000 51 7 2 0.023082453990355134
seed123_C1_step6000 51 7 3 0.02311781095340848
seed123_C1_step6000 51 7 4 0.02297143201576546
seed123_C1_step6000 51 7 5 0.022826555999927223
seed123_C1_step6000 51 7 6 0.02288802299881354
seed123_C1_step6000 51 7 7 0.0253007430001162
seed123_C1_step6000 51 7 8 0.023080509970895946
seed123_C1_step6000 51 7 9 0.02324606600450352
seed123_C1_step6000 51 8 0 0.023316068982239813
seed123_C1_step6000 51 8 1 0.02416313497815281
seed123_C1_step6000 51 8 2 0.023205078032333404
seed123_C1_step6000 51 8 3 0.023121047008316964
seed123_C1_step6000 51 8 4 0.022943839023355395
seed123_C1_step6000 51 8 5 0.0232030629995279
seed123_C1_step6000 51 8 6 0.022824382001999766
seed123_C1_step6000 51 8 7 0.02279395400546491
seed123_C1_step6000 51 8 8 0.02262950100703165
seed123_C1_step6000 51 8 9 0.02329563000239432
seed123_C1_step6000 51 9 0 0.023302664048969746
seed123_C1_step6000 51 9 1 0.02491831296356395
seed123_C1_step6000 51 9 2 0.024802904052194208
seed123_C1_step6000 51 9 3 0.02306859800592065
seed123_C1_step6000 51 9 4 0.022907881997525692
seed123_C1_step6000 51 9 5 0.02292947203386575
seed123_C1_step6000 51 9 6 0.024051680986303836
seed123_C1_step6000 51 9 7 0.02367977303219959
seed123_C1_step6000 51 9 8 0.02594679401954636
seed123_C1_step6000 51 9 9 0.026131396007258445
seed123_C1_step6000 52 0 0 0.9008436279837042
seed123_C1_step6000 52 0 1 0.8798654400161467
seed123_C1_step6000 52 0 2 0.8859704029746354
seed123_C1_step6000 52 0 3 0.8704683439573273
seed123_C1_step6000 52 0 4 0.8986575179733336
seed123_C1_step6000 52 0 5 0.8763238450046629
seed123_C1_step6000 52 0 6 0.8726025750511326
seed123_C1_step6000 52 0 7 0.8856714029680006
seed123_C1_step6000 52 0 8 0.8916403360199183
seed123_C1_step6000 52 0 9 0.8644097879878245
seed123_C1_step6000 52 1 0 0.8998188560362905
seed123_C1_step6000 52 1 1 0.8919838439906016
seed123_C1_step6000 52 1 2 0.8999800909659825
seed123_C1_step6000 52 1 3 0.8879615829791874
seed123_C1_step6000 52 1 4 0.8723118819762021
seed123_C1_step6000 52 1 5 0.8788478660280816
seed123_C1_step6000 52 1 6 0.867219892970752
seed123_C1_step6000 52 1 7 0.876890851999633
seed123_C1_step6000 52 1 8 0.8706913579953834
seed123_C1_step6000 52 1 9 0.8893598630093038
seed123_C1_step6000 52 2 0 0.8839477979927324
seed123_C1_step6000 52 2 1 0.8968568230047822
seed123_C1_step6000 52 2 2 0.9043637579889037
seed123_C1_step6000 52 2 3 0.8697327690315433
seed123_C1_step6000 52 2 4 0.8873193219769746
seed123_C1_step6000 52 2 5 0.881951080984436
seed123_C1_step6000 52 2 6 0.8834621960413642
seed123_C1_step6000 52 2 7 0.8735367269837297
seed123_C1_step6000 52 2 8 0.9015107119921595
seed123_C1_step6000 52 2 9 0.911190380982589
seed123_C1_step6000 52 3 0 0.9027899490320124
seed123_C1_step6000 52 3 1 0.8791622280259617
seed123_C1_step6000 52 3 2 0.9051769790239632
seed123_C1_step6000 52 3 3 0.8934525700169615
seed123_C1_step6000 52 3 4 0.899716705956962
seed123_C1_step6000 52 3 5 0.9105810939799994
seed123_C1_step6000 52 3 6 0.9186587479780428
seed123_C1_step6000 52 3 7 0.8929293080000207
seed123_C1_step6000 52 3 8 0.9264399820240214
seed123_C1_step6000 52 3 9 0.8961345870047808
seed123_C1_step6000 52 4 0 0.9080746750114486
seed123_C1_step6000 52 4 1 0.9163715059985407
seed123_C1_step6000 52 4 2 0.8740846790024079
seed123_C1_step6000 52 4 3 0.876494534953963
seed123_C1_step6000 52 4 4 0.8959729589987546
seed123_C1_step6000 52 4 5 0.9077826979919337
seed123_C1_step6000 52 4 6 0.9091892740107141
seed123_C1_step6000 52 4 7 0.9011163149843924
seed123_C1_step6000 52 4 8 0.8763808389776386
seed123_C1_step6000 52 4 9 0.8859248100197874
seed123_C1_step6000 52 5 0 0.8651731179561466
seed123_C1_step6000 52 5 1 0.8979416689835489
seed123_C1_step6000 52 5 2 0.8879618140053935
seed123_C1_step6000 52 5 3 0.8730478830402717
seed123_C1_step6000 52 5 4 0.8868802400538698
seed123_C1_step6000 52 5 5 0.8590204950305633
seed123_C1_step6000 52 5 6 0.8685651670093648
seed123_C1_step6000 52 5 7 0.8809702630387619
seed123_C1_step6000 52 5 8 0.8737620820174925
seed123_C1_step6000 52 5 9 0.91189220699016
seed123_C1_step6000 52 6 0 0.8891304520075209
seed123_C1_step6000 52 6 1 0.8651637990260497
seed123_C1_step6000 52 6 2 0.8812769750365987
seed123_C1_step6000 52 6 3 0.8840816870215349
seed123_C1_step6000 52 6 4 0.875899409991689
seed123_C1_step6000 52 6 5 0.889691979973577
seed123_C1_step6000 52 6 6 0.9182133749709465
seed123_C1_step6000 52 6 7 0.886407985992264
seed123_C1_step6000 52 6 8 0.8692160409991629
seed123_C1_step6000 52 6 9 0.8760099679930136
seed123_C1_step6000 52 7 0 0.881430746987462
seed123_C1_step6000 52 7 1 0.8936034709913656
seed123_C1_step6000 52 7 2 0.900662933010608
seed123_C1_step6000 52 7 3 0.8852290899958462
seed123_C1_step6000 52 7 4 0.8649434759863652
seed123_C1_step6000 52 7 5 0.8633040720014833
seed123_C1_step6000 52 7 6 0.8731429759645835
seed123_C1_step6000 52 7 7 0.913166493002791
seed123_C1_step6000 52 7 8 0.8880387349636294
seed123_C1_step6000 52 7 9 0.8793952479609288
seed123_C1_step6000 52 8 0 0.88069501001155
seed123_C1_step6000 52 8 1 0.8855146329733543
seed123_C1_step6000 52 8 2 0.8755525210290216
seed123_C1_step6000 52 8 3 0.8572612080024555
seed123_C1_step6000 52 8 4 0.879761373042129
seed123_C1_step6000 52 8 5 0.8788001849898137
seed123_C1_step6000 52 8 6 0.8741788360057399
seed123_C1_step6000 52 8 7 0.8830883579794317
seed123_C1_step6000 52 8 8 0.8791033019660972
seed123_C1_step6000 52 8 9 0.881593313999474
seed123_C1_step6000 52 9 0 0.8845100479666144
seed123_C1_step6000 52 9 1 0.8706320690107532
seed123_C1_step6000 52 9 2 0.8592194219818339
seed123_C1_step6000 52 9 3 0.8700432940386236
seed123_C1_step6000 52 9 4 0.889810168009717
seed123_C1_step6000 52 9 5 0.8726064380025491
seed123_C1_step6000 52 9 6 0.867533398035448
seed123_C1_step6000 52 9 7 0.901659031980671
seed123_C1_step6000 52 9 8 0.8832086640177295
seed123_C1_step6000 52 9 9 0.868452511029318
seed123_C1_step6000 56 0 0 0.018166959984228015
seed123_C1_step6000 56 0 1 0.01776510401396081
seed123_C1_step6000 56 0 2 0.017730117950122803
seed123_C1_step6000 56 0 3 0.017797845997847617
seed123_C1_step6000 56 0 4 0.018053475010674447
seed123_C1_step6000 56 0 5 0.018296416965313256
seed123_C1_step6000 56 0 6 0.018281279015354812
seed123_C1_step6000 56 0 7 0.01834709499962628
seed123_C1_step6000 56 0 8 0.019131370005197823
seed123_C1_step6000 56 0 9 0.017772958963178098
seed123_C1_step6000 56 1 0 0.017981836979743093
seed123_C1_step6000 56 1 1 0.018439991981722414
seed123_C1_step6000 56 1 2 0.01786665798863396
seed123_C1_step6000 56 1 3 0.01775386300869286
seed123_C1_step6000 56 1 4 0.017901734972838312
seed123_C1_step6000 56 1 5 0.01756467204540968
seed123_C1_step6000 56 1 6 0.018807222018949687
seed123_C1_step6000 56 1 7 0.020005265017971396
seed123_C1_step6000 56 1 8 0.02112532197497785
seed123_C1_step6000 56 1 9 0.021211496030446142
seed123_C1_step6000 56 2 0 0.018244259001221508
seed123_C1_step6000 56 2 1 0.019421853008680046
seed123_C1_step6000 56 2 2 0.01804857497336343
seed123_C1_step6000 56 2 3 0.017572147015016526
seed123_C1_step6000 56 2 4 0.017551586963236332
seed123_C1_step6000 56 2 5 0.017585230991244316
seed123_C1_step6000 56 2 6 0.01757280802121386
seed123_C1_step6000 56 2 7 0.01759443897753954
seed123_C1_step6000 56 2 8 0.017529845994431525
seed123_C1_step6000 56 2 9 0.018319059978239238
seed123_C1_step6000 56 3 0 0.017682647972833365
seed123_C1_step6000 56 3 1 0.01760122098494321
seed123_C1_step6000 56 3 2 0.01924738200614229
seed123_C1_step6000 56 3 3 0.018377191037870944
seed123_C1_step6000 56 3 4 0.018787483975756913
seed123_C1_step6000 56 3 5 0.01958554598968476
seed123_C1_step6000 56 3 6 0.01901356503367424
seed123_C1_step6000 56 3 7 0.019200401031412184
seed123_C1_step6000 56 3 8 0.018354127008933574
seed123_C1_step6000 56 3 9 0.020813448005355895
seed123_C1_step6000 56 4 0 0.019044243032112718
seed123_C1_step6000 56 4 1 0.017668500018771738
seed123_C1_step6000 56 4 2 0.017439572955481708
seed123_C1_step6000 56 4 3 0.017335375014226884
seed123_C1_step6000 56 4 4 0.01738656300585717
seed123_C1_step6000 56 4 5 0.017519115994218737
seed123_C1_step6000 56 4 6 0.01766184699954465
seed123_C1_step6000 56 4 7 0.017697515955660492
seed123_C1_step6000 56 4 8 0.017865577014163136
seed123_C1_step6000 56 4 9 0.01777059497544542
seed123_C1_step6000 56 5 0 0.01788841898087412
seed123_C1_step6000 56 5 1 0.0179678620188497
seed123_C1_step6000 56 5 2 0.01777549396501854
seed123_C1_step6000 56 5 3 0.017457067035138607
seed123_C1_step6000 56 5 4 0.017709097999613732
seed123_C1_step6000 56 5 5 0.01777837995905429
seed123_C1_step6000 56 5 6 0.017437700007576495
seed123_C1_step6000 56 5 7 0.017731259984429926
seed123_C1_step6000 56 5 8 0.017667188018094748
seed123_C1_step6000 56 5 9 0.01757834799354896
seed123_C1_step6000 56 6 0 0.018079955014400184
seed123_C1_step6000 56 6 1 0.01750711299246177
seed123_C1_step6000 56 6 2 0.01762423594482243
seed123_C1_step6000 56 6 3 0.01789344899589196
seed123_C1_step6000 56 6 4 0.017843414039816707
seed123_C1_step6000 56 6 5 0.01761113101383671
seed123_C1_step6000 56 6 6 0.01815694198012352
seed123_C1_step6000 56 6 7 0.017589138995390385
seed123_C1_step6000 56 6 8 0.017722934018820524
seed123_C1_step6000 56 6 9 0.01790359802544117
seed123_C1_step6000 56 7 0 0.01753065799130127
seed123_C1_step6000 56 7 1 0.017711652966681868
seed123_C1_step6000 56 7 2 0.017796404019463807
seed123_C1_step6000 56 7 3 0.01761941600125283
seed123_C1_step6000 56 7 4 0.01781235495582223
seed123_C1_step6000 56 7 5 0.017748883983585984
seed123_C1_step6000 56 7 6 0.01767183601623401
seed123_C1_step6000 56 7 7 0.017863272048998624
seed123_C1_step6000 56 7 8 0.017663610982708633
seed123_C1_step6000 56 7 9 0.017913596995640546
seed123_C1_step6000 56 8 0 0.017842361994553357
seed123_C1_step6000 56 8 1 0.018557175004389137
seed123_C1_step6000 56 8 2 0.018958160013426095
seed123_C1_step6000 56 8 3 0.018844261998310685
seed123_C1_step6000 56 8 4 0.018816299038007855
seed123_C1_step6000 56 8 5 0.01766346098156646
seed123_C1_step6000 56 8 6 0.017967268999200314
seed123_C1_step6000 56 8 7 0.019398920005187392
seed123_C1_step6000 56 8 8 0.019172307976987213
seed123_C1_step6000 56 8 9 0.018608773010782897
seed123_C1_step6000 56 9 0 0.018602882977575064
seed123_C1_step6000 56 9 1 0.018738851009402424
seed123_C1_step6000 56 9 2 0.020241716993041337
seed123_C1_step6000 56 9 3 0.01871723000658676
seed123_C1_step6000 56 9 4 0.017937163007445633
seed123_C1_step6000 56 9 5 0.017704007972497493
seed123_C1_step6000 56 9 6 0.01775107899447903
seed123_C1_step6000 56 9 7 0.018793745955917984
seed123_C1_step6000 56 9 8 0.017682337027508765
seed123_C1_step6000 56 9 9 0.017613474978134036
seed123_C1_step6000 62 0 0 0.30803966196253896
seed123_C1_step6000 62 0 1 0.29620789096225053
seed123_C1_step6000 62 0 2 0.303387991967611
seed123_C1_step6000 62 0 3 0.29175339796347544
seed123_C1_step6000 62 0 4 0.2994073040317744
seed123_C1_step6000 62 0 5 0.2979954110342078
seed123_C1_step6000 62 0 6 0.2997458300087601
seed123_C1_step6000 62 0 7 0.32179620600072667
seed123_C1_step6000 62 0 8 0.3027144509833306
seed123_C1_step6000 62 0 9 0.30178475903812796
seed123_C1_step6000 62 1 0 0.29831854900112376
seed123_C1_step6000 62 1 1 0.3016528480220586
seed123_C1_step6000 62 1 2 0.2999220979982056
seed123_C1_step6000 62 1 3 0.3002900000428781
seed123_C1_step6000 62 1 4 0.29642026097280905
seed123_C1_step6000 62 1 5 0.2976578410016373
seed123_C1_step6000 62 1 6 0.29933973000152037
seed123_C1_step6000 62 1 7 0.30250261101173237
seed123_C1_step6000 62 1 8 0.2984008190105669
seed123_C1_step6000 62 1 9 0.2997793380054645
seed123_C1_step6000 62 2 0 0.3043911429704167
seed123_C1_step6000 62 2 1 0.3022089820005931
seed123_C1_step6000 62 2 2 0.304816554998979
seed123_C1_step6000 62 2 3 0.3053899690276012
seed123_C1_step6000 62 2 4 0.30166093801381066
seed123_C1_step6000 62 2 5 0.3157879860373214
seed123_C1_step6000 62 2 6 0.3019353820127435
seed123_C1_step6000 62 2 7 0.30101811402710155
seed123_C1_step6000 62 2 8 0.2992231110110879
seed123_C1_step6000 62 2 9 0.3009777170373127
seed123_C1_step6000 62 3 0 0.3029691649717279
seed123_C1_step6000 62 3 1 0.298194300965406
seed123_C1_step6000 62 3 2 0.2938725099666044
seed123_C1_step6000 62 3 3 0.3102859089849517
seed123_C1_step6000 62 3 4 0.3055156320333481
seed123_C1_step6000 62 3 5 0.30600081803277135
seed123_C1_step6000 62 3 6 0.3035612370003946
seed123_C1_step6000 62 3 7 0.30296092201024294
seed123_C1_step6000 62 3 8 0.30641253397334367
seed123_C1_step6000 62 3 9 0.2968098240089603
seed123_C1_step6000 62 4 0 0.2964549669995904
seed123_C1_step6000 62 4 1 0.3014304250245914
seed123_C1_step6000 62 4 2 0.2995810589636676
seed123_C1_step6000 62 4 3 0.3088891379884444
seed123_C1_step6000 62 4 4 0.3015483709750697
seed123_C1_step6000 62 4 5 0.29919074598001316
seed123_C1_step6000 62 4 6 0.3036106849904172
seed123_C1_step6000 62 4 7 0.2989878500229679
seed123_C1_step6000 62 4 8 0.2996584390057251
seed123_C1_step6000 62 4 9 0.3005286790430546
seed123_C1_step6000 62 5 0 0.30068993696477264
seed123_C1_step6000 62 5 1 0.2981323199928738
seed123_C1_step6000 62 5 2 0.29824413399910554
seed123_C1_step6000 62 5 3 0.30285864404868335
seed123_C1_step6000 62 5 4 0.3204268939443864
seed123_C1_step6000 62 5 5 0.30449098598910496
seed123_C1_step6000 62 5 6 0.29977989400504157
seed123_C1_step6000 62 5 7 0.3033288920414634
seed123_C1_step6000 62 5 8 0.30024158500600606
seed123_C1_step6000 62 5 9 0.3042609409894794
seed123_C1_step6000 62 6 0 0.29928205598844215
seed123_C1_step6000 62 6 1 0.30524711101315916
seed123_C1_step6000 62 6 2 0.3052010629908182
seed123_C1_step6000 62 6 3 0.3067564310040325
seed123_C1_step6000 62 6 4 0.2951747649931349
seed123_C1_step6000 62 6 5 0.3110603870009072
seed123_C1_step6000 62 6 6 0.3042577370069921
seed123_C1_step6000 62 6 7 0.29910221497993916
seed123_C1_step6000 62 6 8 0.3047628500498831
seed123_C1_step6000 62 6 9 0.3018082369817421
seed123_C1_step6000 62 7 0 0.31968416401650757
seed123_C1_step6000 62 7 1 0.30146124499151483
seed123_C1_step6000 62 7 2 0.30831312196096405
seed123_C1_step6000 62 7 3 0.30148030299460515
seed123_C1_step6000 62 7 4 0.2970887279952876
seed123_C1_step6000 62 7 5 0.3203666069894098
seed123_C1_step6000 62 7 6 0.3035009279847145
seed123_C1_step6000 62 7 7 0.29881304799346253
seed123_C1_step6000 62 7 8 0.30403744004433975
seed123_C1_step6000 62 7 9 0.2996995790163055
seed123_C1_step6000 62 8 0 0.3021573959849775
seed123_C1_step6000 62 8 1 0.30235350999282673
seed123_C1_step6000 62 8 2 0.31204179499763995
seed123_C1_step6000 62 8 3 0.29345639498205855
seed123_C1_step6000 62 8 4 0.3026035879738629
seed123_C1_step6000 62 8 5 0.296650938980747
seed123_C1_step6000 62 8 6 0.30229995102854446
seed123_C1_step6000 62 8 7 0.3050668769865297
seed123_C1_step6000 62 8 8 0.30905499204527587
seed123_C1_step6000 62 8 9 0.3005724680260755
seed123_C1_step6000 62 9 0 0.30183978501008824
seed123_C1_step6000 62 9 1 0.3002717350027524
seed123_C1_step6000 62 9 2 0.30358164699282497
seed123_C1_step6000 62 9 3 0.29777756897965446
seed123_C1_step6000 62 9 4 0.30217296100454405
seed123_C1_step6000 62 9 5 0.29931777698220685
seed123_C1_step6000 62 9 6 0.3025102359824814
seed123_C1_step6000 62 9 7 0.3069535089889541
seed123_C1_step6000 62 9 8 0.29300984903238714
seed123_C1_step6000 62 9 9 0.3016153299831785
seed123_C1_step6000 64 0 0 0.18214436701964587
seed123_C1_step6000 64 0 1 0.178297140984796
seed123_C1_step6000 64 0 2 0.18227715999819338
seed123_C1_step6000 64 0 3 0.18575933098327368
seed123_C1_step6000 64 0 4 0.18365024001104757
seed123_C1_step6000 64 0 5 0.17873139900621027
seed123_C1_step6000 64 0 6 0.1845006609801203
seed123_C1_step6000 64 0 7 0.18209849100094289
seed123_C1_step6000 64 0 8 0.18247776303905994
seed123_C1_step6000 64 0 9 0.1830948510323651
seed123_C1_step6000 64 1 0 0.1822182000032626
seed123_C1_step6000 64 1 1 0.1835609000409022
seed123_C1_step6000 64 1 2 0.18428886804031208
seed123_C1_step6000 64 1 3 0.1803858460043557
seed123_C1_step6000 64 1 4 0.1829353680368513
seed123_C1_step6000 64 1 5 0.18497369502438232
seed123_C1_step6000 64 1 6 0.18365201499545947
seed123_C1_step6000 64 1 7 0.19037958298576996
seed123_C1_step6000 64 1 8 0.18369467603042722
seed123_C1_step6000 64 1 9 0.18221372202970088
seed123_C1_step6000 64 2 0 0.18351126596098766
seed123_C1_step6000 64 2 1 0.18006897304439917
seed123_C1_step6000 64 2 2 0.180376899021212
seed123_C1_step6000 64 2 3 0.18311798595823348
seed123_C1_step6000 64 2 4 0.17967164498986676
seed123_C1_step6000 64 2 5 0.18114888202399015
seed123_C1_step6000 64 2 6 0.17979569197632372
seed123_C1_step6000 64 2 7 0.18241958500584587
seed123_C1_step6000 64 2 8 0.18475618201773614
seed123_C1_step6000 64 2 9 0.18185283400816843
seed123_C1_step6000 64 3 0 0.18018231895985082
seed123_C1_step6000 64 3 1 0.1809154279762879
seed123_C1_step6000 64 3 2 0.1858228159835562
seed123_C1_step6000 64 3 3 0.18134672002634034
seed123_C1_step6000 64 3 4 0.18891931098187342
seed123_C1_step6000 64 3 5 0.18212635698728263
seed123_C1_step6000 64 3 6 0.18017390399472788
seed123_C1_step6000 64 3 7 0.18631874298444018
seed123_C1_step6000 64 3 8 0.1812473019817844
seed123_C1_step6000 64 3 9 0.18416077696019784
seed123_C1_step6000 64 4 0 0.1798111029784195
seed123_C1_step6000 64 4 1 0.1787101540248841
seed123_C1_step6000 64 4 2 0.18393950600875542
seed123_C1_step6000 64 4 3 0.18281905999174342
seed123_C1_step6000 64 4 4 0.18389861698960885
seed123_C1_step6000 64 4 5 0.18423023103969172
seed123_C1_step6000 64 4 6 0.17946584499441087
seed123_C1_step6000 64 4 7 0.17857580800773576
seed123_C1_step6000 64 4 8 0.1861361070186831
seed123_C1_step6000 64 4 9 0.18155900796409696
seed123_C1_step6000 64 5 0 0.1807025650050491
seed123_C1_step6000 64 5 1 0.18229642300866544
seed123_C1_step6000 64 5 2 0.1821043980307877
seed123_C1_step6000 64 5 3 0.1856482460279949
seed123_C1_step6000 64 5 4 0.1793253690120764
seed123_C1_step6000 64 5 5 0.18405759299639612
seed123_C1_step6000 64 5 6 0.18491052999161184
seed123_C1_step6000 64 5 7 0.18354511598590761
seed123_C1_step6000 64 5 8 0.1812683040043339
seed123_C1_step6000 64 5 9 0.1748703140183352
seed123_C1_step6000 64 6 0 0.18158399598905817
seed123_C1_step6000 64 6 1 0.18765264900866896
seed123_C1_step6000 64 6 2 0.18222399696242064
seed123_C1_step6000 64 6 3 0.18380168499425054
seed123_C1_step6000 64 6 4 0.17834300600225106
seed123_C1_step6000 64 6 5 0.17953225498786196
seed123_C1_step6000 64 6 6 0.1802531299763359
seed123_C1_step6000 64 6 7 0.17736518196761608
seed123_C1_step6000 64 6 8 0.18230467202374712
seed123_C1_step6000 64 6 9 0.1822831510216929
seed123_C1_step6000 64 7 0 0.1882427060045302
seed123_C1_step6000 64 7 1 0.1782354429597035
seed123_C1_step6000 64 7 2 0.17539373302133754
seed123_C1_step6000 64 7 3 0.17936112900497392
seed123_C1_step6000 64 7 4 0.18229197798063979
seed123_C1_step6000 64 7 5 0.17863825103268027
seed123_C1_step6000 64 7 6 0.18126344797201455
seed123_C1_step6000 64 7 7 0.17756437399657443
seed123_C1_step6000 64 7 8 0.17831668799044564
seed123_C1_step6000 64 7 9 0.17734176898375154
seed123_C1_step6000 64 8 0 0.1781574860215187
seed123_C1_step6000 64 8 1 0.18329722597263753
seed123_C1_step6000 64 8 2 0.17692970403004438
seed123_C1_step6000 64 8 3 0.1777471720124595
seed123_C1_step6000 64 8 4 0.18261374399298802
seed123_C1_step6000 64 8 5 0.19082051300210878
seed123_C1_step6000 64 8 6 0.1924028510111384
seed123_C1_step6000 64 8 7 0.19258508901111782
seed123_C1_step6000 64 8 8 0.19401438598288223
seed123_C1_step6000 64 8 9 0.17805493099149317
seed123_C1_step6000 64 9 0 0.1771433610119857
seed123_C1_step6000 64 9 1 0.1819000139948912
seed123_C1_step6000 64 9 2 0.17951496498426422
seed123_C1_step6000 64 9 3 0.18878039496485144
seed123_C1_step6000 64 9 4 0.18775434797862545
seed123_C1_step6000 64 9 5 0.17828362702857703
seed123_C1_step6000 64 9 6 0.17643058398971334
seed123_C1_step6000 64 9 7 0.1819717310136184
seed123_C1_step6000 64 9 8 0.1791232390096411
seed123_C1_step6000 64 9 9 0.17468211997766048
seed123_C1_step6000 69 0 0 0.5302957870298997
seed123_C1_step6000 69 0 1 0.5341644670115784
seed123_C1_step6000 69 0 2 0.5303848490002565
seed123_C1_step6000 69 0 3 0.5428164579789154
seed123_C1_step6000 69 0 4 0.541173036035616
seed123_C1_step6000 69 0 5 0.5526052580098622
seed123_C1_step6000 69 0 6 0.542109344038181
seed123_C1_step6000 69 0 7 0.5396266989992
seed123_C1_step6000 69 0 8 0.5400956950034015
seed123_C1_step6000 69 0 9 0.5503259749966674
seed123_C1_step6000 69 1 0 0.5393690619966947
seed123_C1_step6000 69 1 1 0.5412725229980424
seed123_C1_step6000 69 1 2 0.5363757360028103
seed123_C1_step6000 69 1 3 0.5417142779915594
seed123_C1_step6000 69 1 4 0.5364508510101587
seed123_C1_step6000 69 1 5 0.5208528160001151
seed123_C1_step6000 69 1 6 0.5119435070082545
seed123_C1_step6000 69 1 7 0.5220785969868302
seed123_C1_step6000 69 1 8 0.53348865598673
seed123_C1_step6000 69 1 9 0.5330880539841019
seed123_C1_step6000 69 2 0 0.5395616799942218
seed123_C1_step6000 69 2 1 0.5324066570028663
seed123_C1_step6000 69 2 2 0.5297157549648546
seed123_C1_step6000 69 2 3 0.537661170004867
seed123_C1_step6000 69 2 4 0.5397282720077783
seed123_C1_step6000 69 2 5 0.5425520300050266
seed123_C1_step6000 69 2 6 0.5336635590065271
seed123_C1_step6000 69 2 7 0.5369355600560084
seed123_C1_step6000 69 2 8 0.5365858539589681
seed123_C1_step6000 69 2 9 0.5366893030004576
seed123_C1_step6000 69 3 0 0.5714247869909741
seed123_C1_step6000 69 3 1 0.5347788810031489
seed123_C1_step6000 69 3 2 0.5466893860138953
seed123_C1_step6000 69 3 3 0.5370751320151612
seed123_C1_step6000 69 3 4 0.5452052400214598
seed123_C1_step6000 69 3 5 0.544112695963122
seed123_C1_step6000 69 3 6 0.5413578739971854
seed123_C1_step6000 69 3 7 0.5444239909993485
seed123_C1_step6000 69 3 8 0.5438812379725277
seed123_C1_step6000 69 3 9 0.5498860409716144
seed123_C1_step6000 69 4 0 0.5477479739929549
seed123_C1_step6000 69 4 1 0.5429940900066867
seed123_C1_step6000 69 4 2 0.532276661018841
seed123_C1_step6000 69 4 3 0.5298211799818091
seed123_C1_step6000 69 4 4 0.5516734150005504
seed123_C1_step6000 69 4 5 0.5418167689931579
seed123_C1_step6000 69 4 6 0.5393574879853986
seed123_C1_step6000 69 4 7 0.5406261410098523
seed123_C1_step6000 69 4 8 0.5552116489852779
seed123_C1_step6000 69 4 9 0.5559087669826113
seed123_C1_step6000 69 5 0 0.5458922670222819
seed123_C1_step6000 69 5 1 0.5233663590042852
seed123_C1_step6000 69 5 2 0.5247527629835531
seed123_C1_step6000 69 5 3 0.5382214600103907
seed123_C1_step6000 69 5 4 0.535609720973298
seed123_C1_step6000 69 5 5 0.5389747899607755
seed123_C1_step6000 69 5 6 0.5448641729890369
seed123_C1_step6000 69 5 7 0.538913925003726
seed123_C1_step6000 69 5 8 0.5507240100414492
seed123_C1_step6000 69 5 9 0.5454036139999516
seed123_C1_step6000 69 6 0 0.5398862540023401
seed123_C1_step6000 69 6 1 0.5369171819766052
seed123_C1_step6000 69 6 2 0.5537766779889353
seed123_C1_step6000 69 6 3 0.5461934450431727
seed123_C1_step6000 69 6 4 0.5494498260086402
seed123_C1_step6000 69 6 5 0.5391769059933722
seed123_C1_step6000 69 6 6 0.5364913259982131
seed123_C1_step6000 69 6 7 0.5499627080280334
seed123_C1_step6000 69 6 8 0.5463627420249395
seed123_C1_step6000 69 6 9 0.5410510050132871
seed123_C1_step6000 69 7 0 0.5413040280109271
seed123_C1_step6000 69 7 1 0.5427951130550355
seed123_C1_step6000 69 7 2 0.5358747760183178
seed123_C1_step6000 69 7 3 0.5396906249807216
seed123_C1_step6000 69 7 4 0.5386698279762641
seed123_C1_step6000 69 7 5 0.5350937200128101
seed123_C1_step6000 69 7 6 0.5345220800372772
seed123_C1_step6000 69 7 7 0.54091044398956
seed123_C1_step6000 69 7 8 0.5341468279948458
seed123_C1_step6000 69 7 9 0.5433413530117832
seed123_C1_step6000 69 8 0 0.5332863579969853
seed123_C1_step6000 69 8 1 0.5522007609833963
seed123_C1_step6000 69 8 2 0.5544397340272553
seed123_C1_step6000 69 8 3 0.5559317189618014
seed123_C1_step6000 69 8 4 0.5345493410131894
seed123_C1_step6000 69 8 5 0.5353047830285504
seed123_C1_step6000 69 8 6 0.5341293709934689
seed123_C1_step6000 69 8 7 0.5355324390111491
seed123_C1_step6000 69 8 8 0.5393848969833925
seed123_C1_step6000 69 8 9 0.5351940040127374
seed123_C1_step6000 69 9 0 0.5466754840454087
seed123_C1_step6000 69 9 1 0.5550003509852104
seed123_C1_step6000 69 9 2 0.5492718479945324
seed123_C1_step6000 69 9 3 0.5412351809791289
seed123_C1_step6000 69 9 4 0.5624787079868838
seed123_C1_step6000 69 9 5 0.5594408959732391
seed123_C1_step6000 69 9 6 0.5441918230499141
seed123_C1_step6000 69 9 7 0.5558333970257081
seed123_C1_step6000 69 9 8 0.5418630840140395
seed123_C1_step6000 69 9 9 0.5488101739902049
seed123_C1_step6000 74 0 0 0.7673200290300883
seed123_C1_step6000 74 0 1 0.7595253949984908
seed123_C1_step6000 74 0 2 0.7664493740303442
seed123_C1_step6000 74 0 3 0.7710548499599099
seed123_C1_step6000 74 0 4 0.7564387360471301
seed123_C1_step6000 74 0 5 0.7587058210046962
seed123_C1_step6000 74 0 6 0.7568825359921902
seed123_C1_step6000 74 0 7 0.7596776789869182
seed123_C1_step6000 74 0 8 0.7689306980464607
seed123_C1_step6000 74 0 9 0.7677178669837303
seed123_C1_step6000 74 1 0 0.7769880599807948
seed123_C1_step6000 74 1 1 0.7716803390067071
seed123_C1_step6000 74 1 2 0.7670485369744711
seed123_C1_step6000 74 1 3 0.7617160790250637
seed123_C1_step6000 74 1 4 0.7497862870222889
seed123_C1_step6000 74 1 5 0.7743111050222069
seed123_C1_step6000 74 1 6 0.7680458970135078
seed123_C1_step6000 74 1 7 0.7637618689914234
seed123_C1_step6000 74 1 8 0.7669109259732068
seed123_C1_step6000 74 1 9 0.7595841050497256
seed123_C1_step6000 74 2 0 0.7537918890011497
seed123_C1_step6000 74 2 1 0.7516604060074314
seed123_C1_step6000 74 2 2 0.7531601880327798
seed123_C1_step6000 74 2 3 0.7592741610133089
seed123_C1_step6000 74 2 4 0.7603028750163503
seed123_C1_step6000 74 2 5 0.7636524460394867
seed123_C1_step6000 74 2 6 0.7575775720179081
seed123_C1_step6000 74 2 7 0.777222451986745
seed123_C1_step6000 74 2 8 0.7684749090112746
seed123_C1_step6000 74 2 9 0.7765360270277597
seed123_C1_step6000 74 3 0 0.7573473100201227
seed123_C1_step6000 74 3 1 0.7692140549770556
seed123_C1_step6000 74 3 2 0.8137514839763753
seed123_C1_step6000 74 3 3 0.7587121389806271
seed123_C1_step6000 74 3 4 0.7816971099819057
seed123_C1_step6000 74 3 5 0.7540517949964851
seed123_C1_step6000 74 3 6 0.7848061440163292
seed123_C1_step6000 74 3 7 0.7854899300145917
seed123_C1_step6000 74 3 8 0.7521074319956824
seed123_C1_step6000 74 3 9 0.754492592997849
seed123_C1_step6000 74 4 0 0.76873389800312
seed123_C1_step6000 74 4 1 0.7553918220219202
seed123_C1_step6000 74 4 2 0.7682326349895447
seed123_C1_step6000 74 4 3 0.7835755010019056
seed123_C1_step6000 74 4 4 0.7642234420054592
seed123_C1_step6000 74 4 5 0.7709167409921065
seed123_C1_step6000 74 4 6 0.7578018789645284
seed123_C1_step6000 74 4 7 0.7554151680087671
seed123_C1_step6000 74 4 8 0.7617874030256644
seed123_C1_step6000 74 4 9 0.7694962600362487
seed123_C1_step6000 74 5 0 0.7571433499688283
seed123_C1_step6000 74 5 1 0.7534701760159805
seed123_C1_step6000 74 5 2 0.7601449289941229
seed123_C1_step6000 74 5 3 0.7691742330207489
seed123_C1_step6000 74 5 4 0.7554580830037594
seed123_C1_step6000 74 5 5 0.7606470719911158
seed123_C1_step6000 74 5 6 0.776416031003464
seed123_C1_step6000 74 5 7 0.7819304710137658
seed123_C1_step6000 74 5 8 0.755863573984243
seed123_C1_step6000 74 5 9 0.7588884349679574
seed123_C1_step6000 74 6 0 0.771261387038976
seed123_C1_step6000 74 6 1 0.7554982319707051
seed123_C1_step6000 74 6 2 0.7681793320225552
seed123_C1_step6000 74 6 3 0.7751444479799829
seed123_C1_step6000 74 6 4 0.7689454070059583
seed123_C1_step6000 74 6 5 0.7802979630068876
seed123_C1_step6000 74 6 6 0.7698672390542924
seed123_C1_step6000 74 6 7 0.7534201899543405
seed123_C1_step6000 74 6 8 0.7666502780048177
seed123_C1_step6000 74 6 9 0.7727447240031324
seed123_C1_step6000 74 7 0 0.7680359130026773
seed123_C1_step6000 74 7 1 0.7703619619715028
seed123_C1_step6000 74 7 2 0.7701958069810644
seed123_C1_step6000 74 7 3 0.756157111027278
seed123_C1_step6000 74 7 4 0.7812897419789806
seed123_C1_step6000 74 7 5 0.7713110210024752
seed123_C1_step6000 74 7 6 0.7691012980067171
seed123_C1_step6000 74 7 7 0.7712852139957249
seed123_C1_step6000 74 7 8 0.7737186289741658
seed123_C1_step6000 74 7 9 0.765918580989819
seed123_C1_step6000 74 8 0 0.8027857249835506
seed123_C1_step6000 74 8 1 0.7700986390118487
seed123_C1_step6000 74 8 2 0.7515438399859704
seed123_C1_step6000 74 8 3 0.7655437639914453
seed123_C1_step6000 74 8 4 0.7662722659879364
seed123_C1_step6000 74 8 5 0.7799271539552137
seed123_C1_step6000 74 8 6 0.7773376560071483
seed123_C1_step6000 74 8 7 0.7790218099835329
seed123_C1_step6000 74 8 8 0.7717378489905968
seed123_C1_step6000 74 8 9 0.788944901956711
seed123_C1_step6000 74 9 0 0.7793845389969647
seed123_C1_step6000 74 9 1 0.7627260040026158
seed123_C1_step6000 74 9 2 0.7516091919969767
seed123_C1_step6000 74 9 3 0.7564966460340656
seed123_C1_step6000 74 9 4 0.7650450040237047
seed123_C1_step6000 74 9 5 0.7656686650007032
seed123_C1_step6000 74 9 6 0.7791831549839117
seed123_C1_step6000 74 9 7 0.7672330120112747
seed123_C1_step6000 74 9 8 0.7551487640012056
seed123_C1_step6000 74 9 9 0.7666355260298587
seed123_C1_step6000 78 0 0 1.2418768639909104
seed123_C1_step6000 78 0 1 1.2275185190374032
seed123_C1_step6000 78 0 2 1.234597828995902
seed123_C1_step6000 78 0 3 1.2364568089833483
seed123_C1_step6000 78 0 4 1.2268137200153433
seed123_C1_step6000 78 0 5 1.258148994995281
seed123_C1_step6000 78 0 6 1.258336318016518
seed123_C1_step6000 78 0 7 1.2259875480085611
seed123_C1_step6000 78 0 8 1.2760521700256504
seed123_C1_step6000 78 0 9 1.2731979310046881
seed123_C1_step6000 78 1 0 1.2337829019525088
seed123_C1_step6000 78 1 1 1.2234730300260708
seed123_C1_step6000 78 1 2 1.2463502630125731
seed123_C1_step6000 78 1 3 1.2421705040032975
seed123_C1_step6000 78 1 4 1.2440325010102242
seed123_C1_step6000 78 1 5 1.2350931239780039
seed123_C1_step6000 78 1 6 1.2080778749659657
seed123_C1_step6000 78 1 7 1.242017119016964
seed123_C1_step6000 78 1 8 1.230735653953161
seed123_C1_step6000 78 1 9 1.235121404984966
seed123_C1_step6000 78 2 0 1.209798403957393
seed123_C1_step6000 78 2 1 1.2208178790169768
seed123_C1_step6000 78 2 2 1.235594248981215
seed123_C1_step6000 78 2 3 1.2638512369594537
seed123_C1_step6000 78 2 4 1.2504587129806168
seed123_C1_step6000 78 2 5 1.2364672480034642
seed123_C1_step6000 78 2 6 1.231496991997119
seed123_C1_step6000 78 2 7 1.269625048036687
seed123_C1_step6000 78 2 8 1.259524684981443
seed123_C1_step6000 78 2 9 1.2293710390222259
seed123_C1_step6000 78 3 0 1.2182961969519965
seed123_C1_step6000 78 3 1 1.2866611230419949
seed123_C1_step6000 78 3 2 1.2487486669560894
seed123_C1_step6000 78 3 3 1.2448637399938889
seed123_C1_step6000 78 3 4 1.2400877139880322
seed123_C1_step6000 78 3 5 1.2650965950451791
seed123_C1_step6000 78 3 6 1.2334732249728404
seed123_C1_step6000 78 3 7 1.2509990109829232
seed123_C1_step6000 78 3 8 1.2477603669976816
seed123_C1_step6000 78 3 9 1.25040162098594
seed123_C1_step6000 78 4 0 1.2451614790479653
seed123_C1_step6000 78 4 1 1.2595756689552218
seed123_C1_step6000 78 4 2 1.2603324279771186
seed123_C1_step6000 78 4 3 1.2414446520269848
seed123_C1_step6000 78 4 4 1.2352732330327854
seed123_C1_step6000 78 4 5 1.2707508649909869
seed123_C1_step6000 78 4 6 1.2239420460537076
seed123_C1_step6000 78 4 7 1.2396642910316586
seed123_C1_step6000 78 4 8 1.2326416200376116
seed123_C1_step6000 78 4 9 1.2440232359804213
seed123_C1_step6000 78 5 0 1.2262261679861695
seed123_C1_step6000 78 5 1 1.2454219419742003
seed123_C1_step6000 78 5 2 1.2597894940408878
seed123_C1_step6000 78 5 3 1.2576335559715517
seed123_C1_step6000 78 5 4 1.2532958340016194
seed123_C1_step6000 78 5 5 1.2467042250209488
seed123_C1_step6000 78 5 6 1.2287725419737399
seed123_C1_step6000 78 5 7 1.223841909028124
seed123_C1_step6000 78 5 8 1.2550038899644278
seed123_C1_step6000 78 5 9 1.2361138789565302
seed123_C1_step6000 78 6 0 1.2536001210100949
seed123_C1_step6000 78 6 1 1.2460734859923832
seed123_C1_step6000 78 6 2 1.2439969080151059
seed123_C1_step6000 78 6 3 1.227547714021057
seed123_C1_step6000 78 6 4 1.248891694995109
seed123_C1_step6000 78 6 5 1.246712772990577
seed123_C1_step6000 78 6 6 1.2453119939891621
seed123_C1_step6000 78 6 7 1.2490349510335363
seed123_C1_step6000 78 6 8 1.2563001139787957
seed123_C1_step6000 78 6 9 1.2133869620156474
seed123_C1_step6000 78 7 0 1.2429252860019915
seed123_C1_step6000 78 7 1 1.2271431330009364
seed123_C1_step6000 78 7 2 1.2476843839976937
seed123_C1_step6000 78 7 3 1.244569815986324
seed123_C1_step6000 78 7 4 1.2514790599816479
seed123_C1_step6000 78 7 5 1.2441368569852784
seed123_C1_step6000 78 7 6 1.2483837340259925
seed123_C1_step6000 78 7 7 1.2258511320105754
seed123_C1_step6000 78 7 8 1.217373120947741
seed123_C1_step6000 78 7 9 1.2244338149903342
seed123_C1_step6000 78 8 0 1.2601122350315563
seed123_C1_step6000 78 8 1 1.2807282180292532
seed123_C1_step6000 78 8 2 1.2434438730124384
seed123_C1_step6000 78 8 3 1.2216915690223686
seed123_C1_step6000 78 8 4 1.2210408020182513
seed123_C1_step6000 78 8 5 1.2262696999823675
seed123_C1_step6000 78 8 6 1.2125112260109745
seed123_C1_step6000 78 8 7 1.234298644005321
seed123_C1_step6000 78 8 8 1.2213923870003782
seed123_C1_step6000 78 8 9 1.2223063840065151
seed123_C1_step6000 78 9 0 1.237447323044762
seed123_C1_step6000 78 9 1 1.2522323930170387
seed123_C1_step6000 78 9 2 1.2426418800023384
seed123_C1_step6000 78 9 3 1.2709895150037482
seed123_C1_step6000 78 9 4 1.2324935980141163
seed123_C1_step6000 78 9 5 1.2284823480295017
seed123_C1_step6000 78 9 6 1.2179359320434742
seed123_C1_step6000 78 9 7 1.2543532410054468
seed123_C1_step6000 78 9 8 1.2547531389864162
seed123_C1_step6000 78 9 9 1.2440741790342145
{'model': 'seed123_C1_step6000', 'completed_pairs': 2000, 'requested_pairs': 2000, 'completed': True, 'complete_source_count': 20, 'FRD': 376.8879860945843, 'new_pairs': 2000, 'wall_seconds': 500.5898350129719}
