seed123_C2_step6000 0 0 0 0.9899869959917851
seed123_C2_step6000 0 0 1 0.09655357897281647
seed123_C2_step6000 0 0 2 0.10688507900340483
seed123_C2_step6000 0 0 3 0.0987941799685359
seed123_C2_step6000 0 0 4 0.1081210839911364
seed123_C2_step6000 0 0 5 0.09174855198943987
seed123_C2_step6000 0 0 6 0.09207487397361547
seed123_C2_step6000 0 0 7 0.09616383595857769
seed123_C2_step6000 0 0 8 0.09540256601758301
seed123_C2_step6000 0 0 9 0.10437754000304267
seed123_C2_step6000 0 1 0 0.09766033897176385
seed123_C2_step6000 0 1 1 0.10767725895857438
seed123_C2_step6000 0 1 2 0.10455417697085068
seed123_C2_step6000 0 1 3 0.09973734698724002
seed123_C2_step6000 0 1 4 0.09444919897941872
seed123_C2_step6000 0 1 5 0.09506663598585874
seed123_C2_step6000 0 1 6 0.09824037400539964
seed123_C2_step6000 0 1 7 0.10378778702579439
seed123_C2_step6000 0 1 8 0.10688680299790576
seed123_C2_step6000 0 1 9 0.0982658329885453
seed123_C2_step6000 0 2 0 0.1068012899486348
seed123_C2_step6000 0 2 1 0.100804571993649
seed123_C2_step6000 0 2 2 0.09767677099443972
seed123_C2_step6000 0 2 3 0.09551317698787898
seed123_C2_step6000 0 2 4 0.09635268797865137
seed123_C2_step6000 0 2 5 0.10860585898626596
seed123_C2_step6000 0 2 6 0.11551840300671756
seed123_C2_step6000 0 2 7 0.0980654620216228
seed123_C2_step6000 0 2 8 0.0984490230330266
seed123_C2_step6000 0 2 9 0.09635151596739888
seed123_C2_step6000 0 3 0 0.09584263601573184
seed123_C2_step6000 0 3 1 0.09358138596871868
seed123_C2_step6000 0 3 2 0.09595286601688713
seed123_C2_step6000 0 3 3 0.10039598395815119
seed123_C2_step6000 0 3 4 0.09652038803324103
seed123_C2_step6000 0 3 5 0.0977760209934786
seed123_C2_step6000 0 3 6 0.10153216903563589
seed123_C2_step6000 0 3 7 0.11299847200280055
seed123_C2_step6000 0 3 8 0.0980263680103235
seed123_C2_step6000 0 3 9 0.10719985095784068
seed123_C2_step6000 0 4 0 0.10982167901238427
seed123_C2_step6000 0 4 1 0.09765411901753396
seed123_C2_step6000 0 4 2 0.09589339402737096
seed123_C2_step6000 0 4 3 0.09793265996268019
seed123_C2_step6000 0 4 4 0.09633007500087842
seed123_C2_step6000 0 4 5 0.09535168099682778
seed123_C2_step6000 0 4 6 0.09375014895340428
seed123_C2_step6000 0 4 7 0.09700145502574742
seed123_C2_step6000 0 4 8 0.09731209697201848
seed123_C2_step6000 0 4 9 0.09512846602592617
seed123_C2_step6000 0 5 0 0.09523044095840305
seed123_C2_step6000 0 5 1 0.09397715202067047
seed123_C2_step6000 0 5 2 0.09390782099217176
seed123_C2_step6000 0 5 3 0.09338365099392831
seed123_C2_step6000 0 5 4 0.09780350496293977
seed123_C2_step6000 0 5 5 0.09879965300206095
seed123_C2_step6000 0 5 6 0.09851994999917224
seed123_C2_step6000 0 5 7 0.0979772150167264
seed123_C2_step6000 0 5 8 0.1021709680208005
seed123_C2_step6000 0 5 9 0.09604746795957908
seed123_C2_step6000 0 6 0 0.09980032098246738
seed123_C2_step6000 0 6 1 0.10182945796987042
seed123_C2_step6000 0 6 2 0.10597785300342366
seed123_C2_step6000 0 6 3 0.09683846600819379
seed123_C2_step6000 0 6 4 0.09947379701770842
seed123_C2_step6000 0 6 5 0.0984041600022465
seed123_C2_step6000 0 6 6 0.09900407399982214
seed123_C2_step6000 0 6 7 0.09579143096925691
seed123_C2_step6000 0 6 8 0.0958449020399712
seed123_C2_step6000 0 6 9 0.09683499997481704
seed123_C2_step6000 0 7 0 0.09780439699534327
seed123_C2_step6000 0 7 1 0.1029616660089232
seed123_C2_step6000 0 7 2 0.09706331498455256
seed123_C2_step6000 0 7 3 0.09819941001478583
seed123_C2_step6000 0 7 4 0.09540969401132315
seed123_C2_step6000 0 7 5 0.10109816398471594
seed123_C2_step6000 0 7 6 0.09688193904003128
seed123_C2_step6000 0 7 7 0.10095084499334916
seed123_C2_step6000 0 7 8 0.10928589903051034
seed123_C2_step6000 0 7 9 0.10694174299715087
seed123_C2_step6000 0 8 0 0.10405351803638041
seed123_C2_step6000 0 8 1 0.10409763205097988
seed123_C2_step6000 0 8 2 0.1020304819685407
seed123_C2_step6000 0 8 3 0.1003761290339753
seed123_C2_step6000 0 8 4 0.10046528000384569
seed123_C2_step6000 0 8 5 0.09746367897605523
seed123_C2_step6000 0 8 6 0.10291574895381927
seed123_C2_step6000 0 8 7 0.10306766902795061
seed123_C2_step6000 0 8 8 0.09981979802250862
seed123_C2_step6000 0 8 9 0.10515570902498439
seed123_C2_step6000 0 9 0 0.09566368797095492
seed123_C2_step6000 0 9 1 0.10142148099839687
seed123_C2_step6000 0 9 2 0.0947187680285424
seed123_C2_step6000 0 9 3 0.09471107402350754
seed123_C2_step6000 0 9 4 0.09548998699756339
seed123_C2_step6000 0 9 5 0.09640773700084537
seed123_C2_step6000 0 9 6 0.09624697099206969
seed123_C2_step6000 0 9 7 0.09676580899395049
seed123_C2_step6000 0 9 8 0.09650189598323777
seed123_C2_step6000 0 9 9 0.09777166601270437
seed123_C2_step6000 6 0 0 0.15427964099217206
seed123_C2_step6000 6 0 1 0.15565991296898574
seed123_C2_step6000 6 0 2 0.15254360297694802
seed123_C2_step6000 6 0 3 0.1523751729982905
seed123_C2_step6000 6 0 4 0.15587351901922375
seed123_C2_step6000 6 0 5 0.14952696301043034
seed123_C2_step6000 6 0 6 0.1498166480450891
seed123_C2_step6000 6 0 7 0.14894645800814033
seed123_C2_step6000 6 0 8 0.14925020700320601
seed123_C2_step6000 6 0 9 0.1577811660245061
seed123_C2_step6000 6 1 0 0.15778001298895106
seed123_C2_step6000 6 1 1 0.16063491499517113
seed123_C2_step6000 6 1 2 0.1535798999830149
seed123_C2_step6000 6 1 3 0.15081799600739032
seed123_C2_step6000 6 1 4 0.15491355198901147
seed123_C2_step6000 6 1 5 0.15571664198068902
seed123_C2_step6000 6 1 6 0.15441835799720138
seed123_C2_step6000 6 1 7 0.15877119405195117
seed123_C2_step6000 6 1 8 0.16489668900612742
seed123_C2_step6000 6 1 9 0.15793996100546792
seed123_C2_step6000 6 2 0 0.15451894095167518
seed123_C2_step6000 6 2 1 0.15635457797907293
seed123_C2_step6000 6 2 2 0.15363792097195983
seed123_C2_step6000 6 2 3 0.1544539569877088
seed123_C2_step6000 6 2 4 0.1529418549616821
seed123_C2_step6000 6 2 5 0.15452728798845783
seed123_C2_step6000 6 2 6 0.1541833120281808
seed123_C2_step6000 6 2 7 0.15497416898142546
seed123_C2_step6000 6 2 8 0.15459158894373104
seed123_C2_step6000 6 2 9 0.1547213079757057
seed123_C2_step6000 6 3 0 0.16042866499628872
seed123_C2_step6000 6 3 1 0.1704572690068744
seed123_C2_step6000 6 3 2 0.16780512500554323
seed123_C2_step6000 6 3 3 0.15972173894988373
seed123_C2_step6000 6 3 4 0.15541985898744315
seed123_C2_step6000 6 3 5 0.15598658000817522
seed123_C2_step6000 6 3 6 0.16352797200670466
seed123_C2_step6000 6 3 7 0.16079794999677688
seed123_C2_step6000 6 3 8 0.16043096099747345
seed123_C2_step6000 6 3 9 0.15826732700224966
seed123_C2_step6000 6 4 0 0.16281577601330355
seed123_C2_step6000 6 4 1 0.15669933997560292
seed123_C2_step6000 6 4 2 0.15808486996684223
seed123_C2_step6000 6 4 3 0.1551970459986478
seed123_C2_step6000 6 4 4 0.15743002301314846
seed123_C2_step6000 6 4 5 0.15845357399666682
seed123_C2_step6000 6 4 6 0.156894851999823
seed123_C2_step6000 6 4 7 0.15587297501042485
seed123_C2_step6000 6 4 8 0.16158722602995113
seed123_C2_step6000 6 4 9 0.15648645401233807
seed123_C2_step6000 6 5 0 0.15699605603003874
seed123_C2_step6000 6 5 1 0.1564172329963185
seed123_C2_step6000 6 5 2 0.16077408695127815
seed123_C2_step6000 6 5 3 0.15997937199426815
seed123_C2_step6000 6 5 4 0.1572583059896715
seed123_C2_step6000 6 5 5 0.1576051070005633
seed123_C2_step6000 6 5 6 0.1582657769904472
seed123_C2_step6000 6 5 7 0.15911837300518528
seed123_C2_step6000 6 5 8 0.15554975101258606
seed123_C2_step6000 6 5 9 0.15520429302705452
seed123_C2_step6000 6 6 0 0.15738844498991966
seed123_C2_step6000 6 6 1 0.15846176096238196
seed123_C2_step6000 6 6 2 0.15144435700494796
seed123_C2_step6000 6 6 3 0.151316644041799
seed123_C2_step6000 6 6 4 0.1520541689824313
seed123_C2_step6000 6 6 5 0.14879250299418345
seed123_C2_step6000 6 6 6 0.1500420449883677
seed123_C2_step6000 6 6 7 0.15215008199447766
seed123_C2_step6000 6 6 8 0.15426646603737026
seed123_C2_step6000 6 6 9 0.15200896299211308
seed123_C2_step6000 6 7 0 0.15555106598185375
seed123_C2_step6000 6 7 1 0.1551487579708919
seed123_C2_step6000 6 7 2 0.15681528497952968
seed123_C2_step6000 6 7 3 0.15052006696350873
seed123_C2_step6000 6 7 4 0.15668283199192956
seed123_C2_step6000 6 7 5 0.1585493790335022
seed123_C2_step6000 6 7 6 0.15156226401450112
seed123_C2_step6000 6 7 7 0.15190191101282835
seed123_C2_step6000 6 7 8 0.152995545999147
seed123_C2_step6000 6 7 9 0.14983997103990987
seed123_C2_step6000 6 8 0 0.1535151560092345
seed123_C2_step6000 6 8 1 0.16468259901739657
seed123_C2_step6000 6 8 2 0.17693847900955006
seed123_C2_step6000 6 8 3 0.16452322801342234
seed123_C2_step6000 6 8 4 0.15481099701719359
seed123_C2_step6000 6 8 5 0.15519020904321223
seed123_C2_step6000 6 8 6 0.1532993859727867
seed123_C2_step6000 6 8 7 0.15780969202751294
seed123_C2_step6000 6 8 8 0.16465061000781134
seed123_C2_step6000 6 8 9 0.16304065298754722
seed123_C2_step6000 6 9 0 0.1667463449994102
seed123_C2_step6000 6 9 1 0.15754384599858895
seed123_C2_step6000 6 9 2 0.15472650696756318
seed123_C2_step6000 6 9 3 0.15436250303173438
seed123_C2_step6000 6 9 4 0.1546599300345406
seed123_C2_step6000 6 9 5 0.15236218099016696
seed123_C2_step6000 6 9 6 0.15304172603646293
seed123_C2_step6000 6 9 7 0.15305637498386204
seed123_C2_step6000 6 9 8 0.14960240200161934
seed123_C2_step6000 6 9 9 0.15915140003198758
seed123_C2_step6000 9 0 0 0.0515089129912667
seed123_C2_step6000 9 0 1 0.0429671430028975
seed123_C2_step6000 9 0 2 0.042413025978021324
seed123_C2_step6000 9 0 3 0.041697592998389155
seed123_C2_step6000 9 0 4 0.040290250966791064
seed123_C2_step6000 9 0 5 0.040286594012286514
seed123_C2_step6000 9 0 6 0.040812695981003344
seed123_C2_step6000 9 0 7 0.0423274629865773
seed123_C2_step6000 9 0 8 0.04055480501847342
seed123_C2_step6000 9 0 9 0.040388007008004934
seed123_C2_step6000 9 1 0 0.04035611596191302
seed123_C2_step6000 9 1 1 0.04017525096423924
seed123_C2_step6000 9 1 2 0.04023520601913333
seed123_C2_step6000 9 1 3 0.04179593099979684
seed123_C2_step6000 9 1 4 0.04227047396125272
seed123_C2_step6000 9 1 5 0.04237959295278415
seed123_C2_step6000 9 1 6 0.04262364795431495
seed123_C2_step6000 9 1 7 0.04139614902669564
seed123_C2_step6000 9 1 8 0.04130445298505947
seed123_C2_step6000 9 1 9 0.04111178597668186
seed123_C2_step6000 9 2 0 0.04121263901470229
seed123_C2_step6000 9 2 1 0.04143710702192038
seed123_C2_step6000 9 2 2 0.04051402595359832
seed123_C2_step6000 9 2 3 0.041602901997976005
seed123_C2_step6000 9 2 4 0.040881837951019406
seed123_C2_step6000 9 2 5 0.04078347102040425
seed123_C2_step6000 9 2 6 0.04076584702124819
seed123_C2_step6000 9 2 7 0.04108754999469966
seed123_C2_step6000 9 2 8 0.04943214496597648
seed123_C2_step6000 9 2 9 0.04138638899894431
seed123_C2_step6000 9 3 0 0.040288346994202584
seed123_C2_step6000 9 3 1 0.04025410197209567
seed123_C2_step6000 9 3 2 0.04030276398407295
seed123_C2_step6000 9 3 3 0.041369849001057446
seed123_C2_step6000 9 3 4 0.04329765297006816
seed123_C2_step6000 9 3 5 0.044590546982362866
seed123_C2_step6000 9 3 6 0.04429050500039011
seed123_C2_step6000 9 3 7 0.041941508010495454
seed123_C2_step6000 9 3 8 0.04310747003182769
seed123_C2_step6000 9 3 9 0.04379450000124052
seed123_C2_step6000 9 4 0 0.04250409995438531
seed123_C2_step6000 9 4 1 0.0405084160156548
seed123_C2_step6000 9 4 2 0.041486600995995104
seed123_C2_step6000 9 4 3 0.044077309023123235
seed123_C2_step6000 9 4 4 0.043061242962721735
seed123_C2_step6000 9 4 5 0.04388920002384111
seed123_C2_step6000 9 4 6 0.04172742000082508
seed123_C2_step6000 9 4 7 0.04419809899991378
seed123_C2_step6000 9 4 8 0.0403748219832778
seed123_C2_step6000 9 4 9 0.04135979898273945
seed123_C2_step6000 9 5 0 0.043375622015446424
seed123_C2_step6000 9 5 1 0.04486669402103871
seed123_C2_step6000 9 5 2 0.04171481600496918
seed123_C2_step6000 9 5 3 0.040827404998708516
seed123_C2_step6000 9 5 4 0.040826503012795
seed123_C2_step6000 9 5 5 0.04100269899936393
seed123_C2_step6000 9 5 6 0.040712135029025376
seed123_C2_step6000 9 5 7 0.040670585993211716
seed123_C2_step6000 9 5 8 0.040544015006162226
seed123_C2_step6000 9 5 9 0.04066495498409495
seed123_C2_step6000 9 6 0 0.04062391596380621
seed123_C2_step6000 9 6 1 0.04057947202818468
seed123_C2_step6000 9 6 2 0.04048493102891371
seed123_C2_step6000 9 6 3 0.04074204305652529
seed123_C2_step6000 9 6 4 0.04118589696008712
seed123_C2_step6000 9 6 5 0.040951080969534814
seed123_C2_step6000 9 6 6 0.04488194198347628
seed123_C2_step6000 9 6 7 0.04328264499781653
seed123_C2_step6000 9 6 8 0.04038275603670627
seed123_C2_step6000 9 6 9 0.04058396100299433
seed123_C2_step6000 9 7 0 0.04107436496997252
seed123_C2_step6000 9 7 1 0.041863479011226445
seed123_C2_step6000 9 7 2 0.04524198902072385
seed123_C2_step6000 9 7 3 0.04441004298860207
seed123_C2_step6000 9 7 4 0.04428067698609084
seed123_C2_step6000 9 7 5 0.044380987994372845
seed123_C2_step6000 9 7 6 0.044864299998153
seed123_C2_step6000 9 7 7 0.04134295700350776
seed123_C2_step6000 9 7 8 0.041298753989394754
seed123_C2_step6000 9 7 9 0.04137294495012611
seed123_C2_step6000 9 8 0 0.04298649000702426
seed123_C2_step6000 9 8 1 0.04143944202223793
seed123_C2_step6000 9 8 2 0.041635075001977384
seed123_C2_step6000 9 8 3 0.041357073991093785
seed123_C2_step6000 9 8 4 0.04114084300817922
seed123_C2_step6000 9 8 5 0.04352233203826472
seed123_C2_step6000 9 8 6 0.04163385200081393
seed123_C2_step6000 9 8 7 0.04378323903074488
seed123_C2_step6000 9 8 8 0.044500946009065956
seed123_C2_step6000 9 8 9 0.04126664198702201
seed123_C2_step6000 9 9 0 0.04204744996968657
seed123_C2_step6000 9 9 1 0.045306982996407896
seed123_C2_step6000 9 9 2 0.04175848001614213
seed123_C2_step6000 9 9 3 0.04120781098026782
seed123_C2_step6000 9 9 4 0.041040991025511175
seed123_C2_step6000 9 9 5 0.04097251099301502
seed123_C2_step6000 9 9 6 0.0411322460277006
seed123_C2_step6000 9 9 7 0.04159046895802021
seed123_C2_step6000 9 9 8 0.04118123999796808
seed123_C2_step6000 9 9 9 0.04127637099009007
seed123_C2_step6000 12 0 0 0.4643651000224054
seed123_C2_step6000 12 0 1 0.46471477701561525
seed123_C2_step6000 12 0 2 0.47147842100821435
seed123_C2_step6000 12 0 3 0.4655807599774562
seed123_C2_step6000 12 0 4 0.47491732699563727
seed123_C2_step6000 12 0 5 0.4686157369869761
seed123_C2_step6000 12 0 6 0.4618668759940192
seed123_C2_step6000 12 0 7 0.46915561897912994
seed123_C2_step6000 12 0 8 0.46875215199543163
seed123_C2_step6000 12 0 9 0.46380062599200755
seed123_C2_step6000 12 1 0 0.4628876770148054
seed123_C2_step6000 12 1 1 0.4646095900097862
seed123_C2_step6000 12 1 2 0.4720682260231115
seed123_C2_step6000 12 1 3 0.4714047549641691
seed123_C2_step6000 12 1 4 0.46659744100179523
seed123_C2_step6000 12 1 5 0.4647706130053848
seed123_C2_step6000 12 1 6 0.46140511805424467
seed123_C2_step6000 12 1 7 0.46653768297983333
seed123_C2_step6000 12 1 8 0.45832670299569145
seed123_C2_step6000 12 1 9 0.49680759001057595
seed123_C2_step6000 12 2 0 0.47998819302301854
seed123_C2_step6000 12 2 1 0.4719020929769613
seed123_C2_step6000 12 2 2 0.4617745199939236
seed123_C2_step6000 12 2 3 0.47030523198191077
seed123_C2_step6000 12 2 4 0.4628822549711913
seed123_C2_step6000 12 2 5 0.4675286409910768
seed123_C2_step6000 12 2 6 0.4671070500044152
seed123_C2_step6000 12 2 7 0.46082820295123383
seed123_C2_step6000 12 2 8 0.4669863620074466
seed123_C2_step6000 12 2 9 0.48228878004010767
seed123_C2_step6000 12 3 0 0.48532940703444183
seed123_C2_step6000 12 3 1 0.47322644002269953
seed123_C2_step6000 12 3 2 0.4753836540039629
seed123_C2_step6000 12 3 3 0.4715649249847047
seed123_C2_step6000 12 3 4 0.47320776799460873
seed123_C2_step6000 12 3 5 0.46124029805650935
seed123_C2_step6000 12 3 6 0.4686687489738688
seed123_C2_step6000 12 3 7 0.473986305994913
seed123_C2_step6000 12 3 8 0.476721009996254
seed123_C2_step6000 12 3 9 0.48569079802837223
seed123_C2_step6000 12 4 0 0.46452581795165315
seed123_C2_step6000 12 4 1 0.4607091130455956
seed123_C2_step6000 12 4 2 0.46720886399270967
seed123_C2_step6000 12 4 3 0.46943608997389674
seed123_C2_step6000 12 4 4 0.4780479469918646
seed123_C2_step6000 12 4 5 0.4761592790018767
seed123_C2_step6000 12 4 6 0.4619212800171226
seed123_C2_step6000 12 4 7 0.4744728659861721
seed123_C2_step6000 12 4 8 0.4674155249958858
seed123_C2_step6000 12 4 9 0.47192277800058946
seed123_C2_step6000 12 5 0 0.4621365640196018
seed123_C2_step6000 12 5 1 0.46747506404062733
seed123_C2_step6000 12 5 2 0.4821968449978158
seed123_C2_step6000 12 5 3 0.47238739900058135
seed123_C2_step6000 12 5 4 0.46268363296985626
seed123_C2_step6000 12 5 5 0.46202898799674585
seed123_C2_step6000 12 5 6 0.4634778390172869
seed123_C2_step6000 12 5 7 0.4701556909712963
seed123_C2_step6000 12 5 8 0.4615041310316883
seed123_C2_step6000 12 5 9 0.465925419004634
seed123_C2_step6000 12 6 0 0.46216965100029483
seed123_C2_step6000 12 6 1 0.4607641930342652
seed123_C2_step6000 12 6 2 0.4564872729824856
seed123_C2_step6000 12 6 3 0.4690290599828586
seed123_C2_step6000 12 6 4 0.46852873696479946
seed123_C2_step6000 12 6 5 0.4674087629537098
seed123_C2_step6000 12 6 6 0.45870864199241623
seed123_C2_step6000 12 6 7 0.46752744202967733
seed123_C2_step6000 12 6 8 0.4666704999981448
seed123_C2_step6000 12 6 9 0.469657092995476
seed123_C2_step6000 12 7 0 0.46601443202234805
seed123_C2_step6000 12 7 1 0.4599390330258757
seed123_C2_step6000 12 7 2 0.4656818709918298
seed123_C2_step6000 12 7 3 0.4575707110343501
seed123_C2_step6000 12 7 4 0.47222323197638616
seed123_C2_step6000 12 7 5 0.4735161770367995
seed123_C2_step6000 12 7 6 0.4565838730195537
seed123_C2_step6000 12 7 7 0.46363618702162057
seed123_C2_step6000 12 7 8 0.4611949559766799
seed123_C2_step6000 12 7 9 0.4600638709962368
seed123_C2_step6000 12 8 0 0.46057583700167015
seed123_C2_step6000 12 8 1 0.45806116599123925
seed123_C2_step6000 12 8 2 0.46059508697362617
seed123_C2_step6000 12 8 3 0.462181631999556
seed123_C2_step6000 12 8 4 0.46106729900930077
seed123_C2_step6000 12 8 5 0.45284898398676887
seed123_C2_step6000 12 8 6 0.44853402103763074
seed123_C2_step6000 12 8 7 0.44947896304074675
seed123_C2_step6000 12 8 8 0.4595696880132891
seed123_C2_step6000 12 8 9 0.45737258199369535
seed123_C2_step6000 12 9 0 0.4547424100455828
seed123_C2_step6000 12 9 1 0.455606737989001
seed123_C2_step6000 12 9 2 0.4580471909721382
seed123_C2_step6000 12 9 3 0.46194959100103006
seed123_C2_step6000 12 9 4 0.4650959810242057
seed123_C2_step6000 12 9 5 0.46223440597532317
seed123_C2_step6000 12 9 6 0.46732843795325607
seed123_C2_step6000 12 9 7 0.47045953798806295
seed123_C2_step6000 12 9 8 0.46852242603199556
seed123_C2_step6000 12 9 9 0.46819221798796207
seed123_C2_step6000 18 0 0 0.10830304899718612
seed123_C2_step6000 18 0 1 0.11088796699186787
seed123_C2_step6000 18 0 2 0.1075333830085583
seed123_C2_step6000 18 0 3 0.11231436702655628
seed123_C2_step6000 18 0 4 0.11475314595736563
seed123_C2_step6000 18 0 5 0.11166545900050551
seed123_C2_step6000 18 0 6 0.11517402803292498
seed123_C2_step6000 18 0 7 0.11323593300767243
seed123_C2_step6000 18 0 8 0.11683500400977209
seed123_C2_step6000 18 0 9 0.11513025395106524
seed123_C2_step6000 18 1 0 0.11541950597893447
seed123_C2_step6000 18 1 1 0.115358198992908
seed123_C2_step6000 18 1 2 0.11541374598164111
seed123_C2_step6000 18 1 3 0.11211458599427715
seed123_C2_step6000 18 1 4 0.11257587495492771
seed123_C2_step6000 18 1 5 0.11458267201669514
seed123_C2_step6000 18 1 6 0.1115538869635202
seed123_C2_step6000 18 1 7 0.11358304601162672
seed123_C2_step6000 18 1 8 0.12109192897332832
seed123_C2_step6000 18 1 9 0.11349752300884575
seed123_C2_step6000 18 2 0 0.10933299496537074
seed123_C2_step6000 18 2 1 0.10825110203586519
seed123_C2_step6000 18 2 2 0.1063985510263592
seed123_C2_step6000 18 2 3 0.10661285900278017
seed123_C2_step6000 18 2 4 0.10762905701994896
seed123_C2_step6000 18 2 5 0.11417348199756816
seed123_C2_step6000 18 2 6 0.11064696003450081
seed123_C2_step6000 18 2 7 0.11267032695468515
seed123_C2_step6000 18 2 8 0.11158571904525161
seed123_C2_step6000 18 2 9 0.11099456297233701
seed123_C2_step6000 18 3 0 0.11128061701310799
seed123_C2_step6000 18 3 1 0.11199974897317588
seed123_C2_step6000 18 3 2 0.11088444199413061
seed123_C2_step6000 18 3 3 0.11090584303019568
seed123_C2_step6000 18 3 4 0.12168156402185559
seed123_C2_step6000 18 3 5 0.10825151397148147
seed123_C2_step6000 18 3 6 0.10815667296992615
seed123_C2_step6000 18 3 7 0.10886759805725887
seed123_C2_step6000 18 3 8 0.10568052297458053
seed123_C2_step6000 18 3 9 0.10549833497498184
seed123_C2_step6000 18 4 0 0.1125175659544766
seed123_C2_step6000 18 4 1 0.10871571896132082
seed123_C2_step6000 18 4 2 0.11164901102893054
seed123_C2_step6000 18 4 3 0.11263383697951213
seed123_C2_step6000 18 4 4 0.11627419799333438
seed123_C2_step6000 18 4 5 0.10994701599702239
seed123_C2_step6000 18 4 6 0.11127549898810685
seed123_C2_step6000 18 4 7 0.10963618499226868
seed123_C2_step6000 18 4 8 0.11267592897638679
seed123_C2_step6000 18 4 9 0.11726986599387601
seed123_C2_step6000 18 5 0 0.11080115498043597
seed123_C2_step6000 18 5 1 0.1104021150385961
seed123_C2_step6000 18 5 2 0.11748257098952308
seed123_C2_step6000 18 5 3 0.11571194702992216
seed123_C2_step6000 18 5 4 0.11294124403502792
seed123_C2_step6000 18 5 5 0.11197114497190341
seed123_C2_step6000 18 5 6 0.11197985301259905
seed123_C2_step6000 18 5 7 0.1127597390441224
seed123_C2_step6000 18 5 8 0.11154975299723446
seed123_C2_step6000 18 5 9 0.11412078404100612
seed123_C2_step6000 18 6 0 0.11473672796273604
seed123_C2_step6000 18 6 1 0.11449029797222465
seed123_C2_step6000 18 6 2 0.11553318699588999
seed123_C2_step6000 18 6 3 0.11569801100995392
seed123_C2_step6000 18 6 4 0.10843006597133353
seed123_C2_step6000 18 6 5 0.10805766598787159
seed123_C2_step6000 18 6 6 0.109413850994315
seed123_C2_step6000 18 6 7 0.11403364897705615
seed123_C2_step6000 18 6 8 0.10910518298624083
seed123_C2_step6000 18 6 9 0.10973985295277089
seed123_C2_step6000 18 7 0 0.11054553894791752
seed123_C2_step6000 18 7 1 0.10840594198089093
seed123_C2_step6000 18 7 2 0.10951489495346323
seed123_C2_step6000 18 7 3 0.10962430399376899
seed123_C2_step6000 18 7 4 0.11492994800209999
seed123_C2_step6000 18 7 5 0.10852135100867599
seed123_C2_step6000 18 7 6 0.11049638601252809
seed123_C2_step6000 18 7 7 0.1078922119922936
seed123_C2_step6000 18 7 8 0.11301980604184791
seed123_C2_step6000 18 7 9 0.10873889602953568
seed123_C2_step6000 18 8 0 0.10829283500788733
seed123_C2_step6000 18 8 1 0.1105824499973096
seed123_C2_step6000 18 8 2 0.10941271099727601
seed123_C2_step6000 18 8 3 0.11071691702818498
seed123_C2_step6000 18 8 4 0.11032586201326922
seed123_C2_step6000 18 8 5 0.11210234794998541
seed123_C2_step6000 18 8 6 0.11127593304263428
seed123_C2_step6000 18 8 7 0.11594503303058445
seed123_C2_step6000 18 8 8 0.11367577698547393
seed123_C2_step6000 18 8 9 0.11136062501464039
seed123_C2_step6000 18 9 0 0.11498945200582966
seed123_C2_step6000 18 9 1 0.11080081795807928
seed123_C2_step6000 18 9 2 0.1110908500268124
seed123_C2_step6000 18 9 3 0.1107918510097079
seed123_C2_step6000 18 9 4 0.1109085829812102
seed123_C2_step6000 18 9 5 0.11944718903396279
seed123_C2_step6000 18 9 6 0.10770176001824439
seed123_C2_step6000 18 9 7 0.10842179198516533
seed123_C2_step6000 18 9 8 0.11336951400153339
seed123_C2_step6000 18 9 9 0.11317813000641763
seed123_C2_step6000 22 0 0 0.016823610989376903
seed123_C2_step6000 22 0 1 0.015578596969135106
seed123_C2_step6000 22 0 2 0.01570302399341017
seed123_C2_step6000 22 0 3 0.01573043700773269
seed123_C2_step6000 22 0 4 0.015561745036393404
seed123_C2_step6000 22 0 5 0.015605819004122168
seed123_C2_step6000 22 0 6 0.01588492200244218
seed123_C2_step6000 22 0 7 0.01588474097661674
seed123_C2_step6000 22 0 8 0.015709337021689862
seed123_C2_step6000 22 0 9 0.015668479027226567
seed123_C2_step6000 22 1 0 0.015862247964832932
seed123_C2_step6000 22 1 1 0.015731638995930552
seed123_C2_step6000 22 1 2 0.015971024986356497
seed123_C2_step6000 22 1 3 0.017151496023871005
seed123_C2_step6000 22 1 4 0.015888988971710205
seed123_C2_step6000 22 1 5 0.015790591947734356
seed123_C2_step6000 22 1 6 0.015728753991425037
seed123_C2_step6000 22 1 7 0.015766335010994226
seed123_C2_step6000 22 1 8 0.01585152803454548
seed123_C2_step6000 22 1 9 0.015750384016428143
seed123_C2_step6000 22 2 0 0.01580711198039353
seed123_C2_step6000 22 2 1 0.015774950967170298
seed123_C2_step6000 22 2 2 0.01575433200923726
seed123_C2_step6000 22 2 3 0.01578589202836156
seed123_C2_step6000 22 2 4 0.016146871028468013
seed123_C2_step6000 22 2 5 0.016086716030258685
seed123_C2_step6000 22 2 6 0.015974803012795746
seed123_C2_step6000 22 2 7 0.01609369902871549
seed123_C2_step6000 22 2 8 0.015969051979482174
seed123_C2_step6000 22 2 9 0.016109049029182643
seed123_C2_step6000 22 3 0 0.015552658005617559
seed123_C2_step6000 22 3 1 0.015524504007771611
seed123_C2_step6000 22 3 2 0.01564716803841293
seed123_C2_step6000 22 3 3 0.016554276982787997
seed123_C2_step6000 22 3 4 0.015971216023899615
seed123_C2_step6000 22 3 5 0.016586999990977347
seed123_C2_step6000 22 3 6 0.01584676804486662
seed123_C2_step6000 22 3 7 0.016222163976635784
seed123_C2_step6000 22 3 8 0.015953972993884236
seed123_C2_step6000 22 3 9 0.015559519990347326
seed123_C2_step6000 22 4 0 0.015535153972450644
seed123_C2_step6000 22 4 1 0.0157605639542453
seed123_C2_step6000 22 4 2 0.015550244017504156
seed123_C2_step6000 22 4 3 0.015780873014591634
seed123_C2_step6000 22 4 4 0.015764651994686574
seed123_C2_step6000 22 4 5 0.015950325992889702
seed123_C2_step6000 22 4 6 0.01617178798187524
seed123_C2_step6000 22 4 7 0.016455489036161453
seed123_C2_step6000 22 4 8 0.018363656010478735
seed123_C2_step6000 22 4 9 0.016443495987914503
seed123_C2_step6000 22 5 0 0.016052731953095645
seed123_C2_step6000 22 5 1 0.015835686994250864
seed123_C2_step6000 22 5 2 0.015819146006833762
seed123_C2_step6000 22 5 3 0.01594078802736476
seed123_C2_step6000 22 5 4 0.015814808022696525
seed123_C2_step6000 22 5 5 0.015610298025421798
seed123_C2_step6000 22 5 6 0.015600198006723076
seed123_C2_step6000 22 5 7 0.015880923019722104
seed123_C2_step6000 22 5 8 0.016481918981298804
seed123_C2_step6000 22 5 9 0.01585786900250241
seed123_C2_step6000 22 6 0 0.01579532102914527
seed123_C2_step6000 22 6 1 0.015755774977151304
seed123_C2_step6000 22 6 2 0.015811602002941072
seed123_C2_step6000 22 6 3 0.015782215050421655
seed123_C2_step6000 22 6 4 0.015739223978016526
seed123_C2_step6000 22 6 5 0.015747008030302823
seed123_C2_step6000 22 6 6 0.015821902023162693
seed123_C2_step6000 22 6 7 0.0160672590136528
seed123_C2_step6000 22 6 8 0.01595826103584841
seed123_C2_step6000 22 6 9 0.01579132303595543
seed123_C2_step6000 22 7 0 0.015764882031362504
seed123_C2_step6000 22 7 1 0.015862849017139524
seed123_C2_step6000 22 7 2 0.01562215102603659
seed123_C2_step6000 22 7 3 0.015582694963086396
seed123_C2_step6000 22 7 4 0.015596161014400423
seed123_C2_step6000 22 7 5 0.015609455993399024
seed123_C2_step6000 22 7 6 0.015655583993066102
seed123_C2_step6000 22 7 7 0.015661104989703745
seed123_C2_step6000 22 7 8 0.015817862993571907
seed123_C2_step6000 22 7 9 0.016110280994325876
seed123_C2_step6000 22 8 0 0.016012654989026487
seed123_C2_step6000 22 8 1 0.015932021022308618
seed123_C2_step6000 22 8 2 0.015926099033094943
seed123_C2_step6000 22 8 3 0.015566583955660462
seed123_C2_step6000 22 8 4 0.015821641020011157
seed123_C2_step6000 22 8 5 0.017391913977917284
seed123_C2_step6000 22 8 6 0.015778939006850123
seed123_C2_step6000 22 8 7 0.015881655039265752
seed123_C2_step6000 22 8 8 0.016603010008111596
seed123_C2_step6000 22 8 9 0.01614255300955847
seed123_C2_step6000 22 9 0 0.0159581609768793
seed123_C2_step6000 22 9 1 0.015891975024715066
seed123_C2_step6000 22 9 2 0.015795019979123026
seed123_C2_step6000 22 9 3 0.015623972984030843
seed123_C2_step6000 22 9 4 0.01556213601725176
seed123_C2_step6000 22 9 5 0.01588015299057588
seed123_C2_step6000 22 9 6 0.016571800981182605
seed123_C2_step6000 22 9 7 0.015590569993946701
seed123_C2_step6000 22 9 8 0.015830677992198616
seed123_C2_step6000 22 9 9 0.017601082974579185
seed123_C2_step6000 24 0 0 0.01896756695350632
seed123_C2_step6000 24 0 1 0.017700862954370677
seed123_C2_step6000 24 0 2 0.01814121298957616
seed123_C2_step6000 24 0 3 0.01737331901676953
seed123_C2_step6000 24 0 4 0.017338632023893297
seed123_C2_step6000 24 0 5 0.017482034978456795
seed123_C2_step6000 24 0 6 0.017634305986575782
seed123_C2_step6000 24 0 7 0.01778714801184833
seed123_C2_step6000 24 0 8 0.017764844989869744
seed123_C2_step6000 24 0 9 0.0180629130336456
seed123_C2_step6000 24 1 0 0.017345786036457866
seed123_C2_step6000 24 1 1 0.017459121998399496
seed123_C2_step6000 24 1 2 0.0184485079953447
seed123_C2_step6000 24 1 3 0.01744647795567289
seed123_C2_step6000 24 1 4 0.017623554973397404
seed123_C2_step6000 24 1 5 0.017958152981009334
seed123_C2_step6000 24 1 6 0.017760477028787136
seed123_C2_step6000 24 1 7 0.01776199898449704
seed123_C2_step6000 24 1 8 0.017613866017200053
seed123_C2_step6000 24 1 9 0.017549815005622804
seed123_C2_step6000 24 2 0 0.017541648994665593
seed123_C2_step6000 24 2 1 0.017532792990095913
seed123_C2_step6000 24 2 2 0.017537371022626758
seed123_C2_step6000 24 2 3 0.017580112034920603
seed123_C2_step6000 24 2 4 0.017533944977913052
seed123_C2_step6000 24 2 5 0.017557569954078645
seed123_C2_step6000 24 2 6 0.01755246100947261
seed123_C2_step6000 24 2 7 0.018015081994235516
seed123_C2_step6000 24 2 8 0.018560231023002416
seed123_C2_step6000 24 2 9 0.020010676002129912
seed123_C2_step6000 24 3 0 0.019010069023352116
seed123_C2_step6000 24 3 1 0.017747461970429868
seed123_C2_step6000 24 3 2 0.018604084965772927
seed123_C2_step6000 24 3 3 0.01819063600851223
seed123_C2_step6000 24 3 4 0.017571565986145288
seed123_C2_step6000 24 3 5 0.0175377230043523
seed123_C2_step6000 24 3 6 0.017563831992447376
seed123_C2_step6000 24 3 7 0.01839887397363782
seed123_C2_step6000 24 3 8 0.018648038967512548
seed123_C2_step6000 24 3 9 0.017630447982810438
seed123_C2_step6000 24 4 0 0.01779754797462374
seed123_C2_step6000 24 4 1 0.017562138964422047
seed123_C2_step6000 24 4 2 0.017676796996966004
seed123_C2_step6000 24 4 3 0.019455667992588133
seed123_C2_step6000 24 4 4 0.017923337989486754
seed123_C2_step6000 24 4 5 0.01752756303176284
seed123_C2_step6000 24 4 6 0.017552069970406592
seed123_C2_step6000 24 4 7 0.017704278987366706
seed123_C2_step6000 24 4 8 0.017907676985487342
seed123_C2_step6000 24 4 9 0.018541797006037086
seed123_C2_step6000 24 5 0 0.017577708000317216
seed123_C2_step6000 24 5 1 0.017542311048600823
seed123_C2_step6000 24 5 2 0.017864824971184134
seed123_C2_step6000 24 5 3 0.017549645039252937
seed123_C2_step6000 24 5 4 0.01756009500240907
seed123_C2_step6000 24 5 5 0.01754667900968343
seed123_C2_step6000 24 5 6 0.01763488701544702
seed123_C2_step6000 24 5 7 0.017547930998262018
seed123_C2_step6000 24 5 8 0.017539355030748993
seed123_C2_step6000 24 5 9 0.017537651991005987
seed123_C2_step6000 24 6 0 0.01876362902112305
seed123_C2_step6000 24 6 1 0.01755787100410089
seed123_C2_step6000 24 6 2 0.01793817599536851
seed123_C2_step6000 24 6 3 0.019227043027058244
seed123_C2_step6000 24 6 4 0.020043448021169752
seed123_C2_step6000 24 6 5 0.018657605978660285
seed123_C2_step6000 24 6 6 0.018174666038248688
seed123_C2_step6000 24 6 7 0.017893409996759146
seed123_C2_step6000 24 6 8 0.018527489039115608
seed123_C2_step6000 24 6 9 0.018087419972289354
seed123_C2_step6000 24 7 0 0.017780905007384717
seed123_C2_step6000 24 7 1 0.017820812005084008
seed123_C2_step6000 24 7 2 0.018174016033299267
seed123_C2_step6000 24 7 3 0.017983653000555933
seed123_C2_step6000 24 7 4 0.018035570974461734
seed123_C2_step6000 24 7 5 0.01771500997710973
seed123_C2_step6000 24 7 6 0.01776895299553871
seed123_C2_step6000 24 7 7 0.017999813018832356
seed123_C2_step6000 24 7 8 0.017792027036193758
seed123_C2_step6000 24 7 9 0.01759526302339509
seed123_C2_step6000 24 8 0 0.017583428998477757
seed123_C2_step6000 24 8 1 0.0186168989748694
seed123_C2_step6000 24 8 2 0.018612401967402548
seed123_C2_step6000 24 8 3 0.01756137702614069
seed123_C2_step6000 24 8 4 0.017568752053193748
seed123_C2_step6000 24 8 5 0.01756772998487577
seed123_C2_step6000 24 8 6 0.01770115300314501
seed123_C2_step6000 24 8 7 0.017709078965708613
seed123_C2_step6000 24 8 8 0.01845196500653401
seed123_C2_step6000 24 8 9 0.01758999197045341
seed123_C2_step6000 24 9 0 0.017560234991833568
seed123_C2_step6000 24 9 1 0.02310624800156802
seed123_C2_step6000 24 9 2 0.02159210102399811
seed123_C2_step6000 24 9 3 0.01754631899530068
seed123_C2_step6000 24 9 4 0.017647931992542
seed123_C2_step6000 24 9 5 0.017654543975368142
seed123_C2_step6000 24 9 6 0.017926884989719838
seed123_C2_step6000 24 9 7 0.017550226009916514
seed123_C2_step6000 24 9 8 0.017533524020109326
seed123_C2_step6000 24 9 9 0.017689833010081202
seed123_C2_step6000 30 0 0 0.02824076497927308
seed123_C2_step6000 30 0 1 0.027606075978837907
seed123_C2_step6000 30 0 2 0.027460847981274128
seed123_C2_step6000 30 0 3 0.02714201103663072
seed123_C2_step6000 30 0 4 0.027222754957620054
seed123_C2_step6000 30 0 5 0.02745248202700168
seed123_C2_step6000 30 0 6 0.027306645002681762
seed123_C2_step6000 30 0 7 0.02742097299778834
seed123_C2_step6000 30 0 8 0.02816084399819374
seed123_C2_step6000 30 0 9 0.027731293987017125
seed123_C2_step6000 30 1 0 0.030205993039999157
seed123_C2_step6000 30 1 1 0.02735790197039023
seed123_C2_step6000 30 1 2 0.027740292018279433
seed123_C2_step6000 30 1 3 0.0271908639697358
seed123_C2_step6000 30 1 4 0.026774029014632106
seed123_C2_step6000 30 1 5 0.027374683995731175
seed123_C2_step6000 30 1 6 0.027925454021897167
seed123_C2_step6000 30 1 7 0.026938413036987185
seed123_C2_step6000 30 1 8 0.02766713104210794
seed123_C2_step6000 30 1 9 0.02700395800638944
seed123_C2_step6000 30 2 0 0.02758318098494783
seed123_C2_step6000 30 2 1 0.027245859033428133
seed123_C2_step6000 30 2 2 0.027039174980018288
seed123_C2_step6000 30 2 3 0.027416183962486684
seed123_C2_step6000 30 2 4 0.027500614000018686
seed123_C2_step6000 30 2 5 0.028068476996850222
seed123_C2_step6000 30 2 6 0.027357861981727183
seed123_C2_step6000 30 2 7 0.02733417699346319
seed123_C2_step6000 30 2 8 0.02739228802965954
seed123_C2_step6000 30 2 9 0.027336691971868277
seed123_C2_step6000 30 3 0 0.031587584991939366
seed123_C2_step6000 30 3 1 0.027769497013650835
seed123_C2_step6000 30 3 2 0.026918445015326142
seed123_C2_step6000 30 3 3 0.026912884030025452
seed123_C2_step6000 30 3 4 0.026991433987859637
seed123_C2_step6000 30 3 5 0.029569248028565198
seed123_C2_step6000 30 3 6 0.028616431984119117
seed123_C2_step6000 30 3 7 0.030241589003708214
seed123_C2_step6000 30 3 8 0.03053417697083205
seed123_C2_step6000 30 3 9 0.029745314037427306
seed123_C2_step6000 30 4 0 0.028263729996979237
seed123_C2_step6000 30 4 1 0.028480002016294748
seed123_C2_step6000 30 4 2 0.02724126901011914
seed123_C2_step6000 30 4 3 0.02887751901289448
seed123_C2_step6000 30 4 4 0.027878645982127637
seed123_C2_step6000 30 4 5 0.030432723986450583
seed123_C2_step6000 30 4 6 0.029399244987871498
seed123_C2_step6000 30 4 7 0.02701812400482595
seed123_C2_step6000 30 4 8 0.026830156974028796
seed123_C2_step6000 30 4 9 0.027698581980075687
seed123_C2_step6000 30 5 0 0.027713179995771497
seed123_C2_step6000 30 5 1 0.0269209899706766
seed123_C2_step6000 30 5 2 0.027083920955192298
seed123_C2_step6000 30 5 3 0.026772657001856714
seed123_C2_step6000 30 5 4 0.027074823039583862
seed123_C2_step6000 30 5 5 0.026996242988388985
seed123_C2_step6000 30 5 6 0.027494363021105528
seed123_C2_step6000 30 5 7 0.028049040003679693
seed123_C2_step6000 30 5 8 0.02786978898802772
seed123_C2_step6000 30 5 9 0.028764764952939004
seed123_C2_step6000 30 6 0 0.03192327596480027
seed123_C2_step6000 30 6 1 0.030078579031396657
seed123_C2_step6000 30 6 2 0.029956305981613696
seed123_C2_step6000 30 6 3 0.028762400965206325
seed123_C2_step6000 30 6 4 0.029515184985939413
seed123_C2_step6000 30 6 5 0.02989283500937745
seed123_C2_step6000 30 6 6 0.02799496700754389
seed123_C2_step6000 30 6 7 0.03138002997729927
seed123_C2_step6000 30 6 8 0.03110339300474152
seed123_C2_step6000 30 6 9 0.029113719996530563
seed123_C2_step6000 30 7 0 0.027363803994376212
seed123_C2_step6000 30 7 1 0.027226252015680075
seed123_C2_step6000 30 7 2 0.0272166840150021
seed123_C2_step6000 30 7 3 0.027367892034817487
seed123_C2_step6000 30 7 4 0.027204510988667607
seed123_C2_step6000 30 7 5 0.027298199012875557
seed123_C2_step6000 30 7 6 0.027117945021018386
seed123_C2_step6000 30 7 7 0.02717436198145151
seed123_C2_step6000 30 7 8 0.02719390904530883
seed123_C2_step6000 30 7 9 0.026954333996400237
seed123_C2_step6000 30 8 0 0.027439218014478683
seed123_C2_step6000 30 8 1 0.02821619901806116
seed123_C2_step6000 30 8 2 0.029631577024701983
seed123_C2_step6000 30 8 3 0.03093747701495886
seed123_C2_step6000 30 8 4 0.03125272796023637
seed123_C2_step6000 30 8 5 0.03041328798281029
seed123_C2_step6000 30 8 6 0.03000492899445817
seed123_C2_step6000 30 8 7 0.030298969009891152
seed123_C2_step6000 30 8 8 0.031641849025618285
seed123_C2_step6000 30 8 9 0.03104348899796605
seed123_C2_step6000 30 9 0 0.028098725015297532
seed123_C2_step6000 30 9 1 0.02754630200797692
seed123_C2_step6000 30 9 2 0.029777946998365223
seed123_C2_step6000 30 9 3 0.027407407003920525
seed123_C2_step6000 30 9 4 0.027121972991153598
seed123_C2_step6000 30 9 5 0.027893683989532292
seed123_C2_step6000 30 9 6 0.027293538965750486
seed123_C2_step6000 30 9 7 0.02860951004549861
seed123_C2_step6000 30 9 8 0.028783830988686532
seed123_C2_step6000 30 9 9 0.027488521998748183
seed123_C2_step6000 33 0 0 0.008219668990932405
seed123_C2_step6000 33 0 1 0.0075710429809987545
seed123_C2_step6000 33 0 2 0.007499886967707425
seed123_C2_step6000 33 0 3 0.007472193974535912
seed123_C2_step6000 33 0 4 0.007499487022869289
seed123_C2_step6000 33 0 5 0.007452056044712663
seed123_C2_step6000 33 0 6 0.007439562003128231
seed123_C2_step6000 33 0 7 0.007916230999398977
seed123_C2_step6000 33 0 8 0.007451665005646646
seed123_C2_step6000 33 0 9 0.007497953018173575
seed123_C2_step6000 33 1 0 0.0074438200099393725
seed123_C2_step6000 33 1 1 0.007697905006352812
seed123_C2_step6000 33 1 2 0.007448830001521856
seed123_C2_step6000 33 1 3 0.007417169981636107
seed123_C2_step6000 33 1 4 0.007823353982530534
seed123_C2_step6000 33 1 5 0.007478767016436905
seed123_C2_step6000 33 1 6 0.007559321005828679
seed123_C2_step6000 33 1 7 0.007469989999663085
seed123_C2_step6000 33 1 8 0.007587814994622022
seed123_C2_step6000 33 1 9 0.0074930639821104705
seed123_C2_step6000 33 2 0 0.007673058018554002
seed123_C2_step6000 33 2 1 0.007732341007795185
seed123_C2_step6000 33 2 2 0.007443228969350457
seed123_C2_step6000 33 2 3 0.007667205994948745
seed123_C2_step6000 33 2 4 0.007485089008696377
seed123_C2_step6000 33 2 5 0.007405096956063062
seed123_C2_step6000 33 2 6 0.007592083013150841
seed123_C2_step6000 33 2 7 0.007800199033226818
seed123_C2_step6000 33 2 8 0.007594747992698103
seed123_C2_step6000 33 2 9 0.007539512007497251
seed123_C2_step6000 33 3 0 0.007462816021870822
seed123_C2_step6000 33 3 1 0.007663709984626621
seed123_C2_step6000 33 3 2 0.007517410034779459
seed123_C2_step6000 33 3 3 0.007533341005910188
seed123_C2_step6000 33 3 4 0.008142954029608518
seed123_C2_step6000 33 3 5 0.008473513007629663
seed123_C2_step6000 33 3 6 0.00774048495804891
seed123_C2_step6000 33 3 7 0.007690991973504424
seed123_C2_step6000 33 3 8 0.007744925038423389
seed123_C2_step6000 33 3 9 0.0074385100160725415
seed123_C2_step6000 33 4 0 0.008177759998943657
seed123_C2_step6000 33 4 1 0.007904267986305058
seed123_C2_step6000 33 4 2 0.007817652018275112
seed123_C2_step6000 33 4 3 0.007946838974021375
seed123_C2_step6000 33 4 4 0.008855220978148282
seed123_C2_step6000 33 4 5 0.008517456997651607
seed123_C2_step6000 33 4 6 0.0073953180108219385
seed123_C2_step6000 33 4 7 0.007584798033349216
seed123_C2_step6000 33 4 8 0.007518603000789881
seed123_C2_step6000 33 4 9 0.00771836400963366
seed123_C2_step6000 33 5 0 0.00780855497578159
seed123_C2_step6000 33 5 1 0.007843841973226517
seed123_C2_step6000 33 5 2 0.007562888029497117
seed123_C2_step6000 33 5 3 0.0075565449660643935
seed123_C2_step6000 33 5 4 0.007653470034711063
seed123_C2_step6000 33 5 5 0.007401469978503883
seed123_C2_step6000 33 5 6 0.007526286994107068
seed123_C2_step6000 33 5 7 0.007398573972750455
seed123_C2_step6000 33 5 8 0.007339472009334713
seed123_C2_step6000 33 5 9 0.008119328005705029
seed123_C2_step6000 33 6 0 0.007770713011268526
seed123_C2_step6000 33 6 1 0.007844815030694008
seed123_C2_step6000 33 6 2 0.0077286529703997076
seed123_C2_step6000 33 6 3 0.007425295014400035
seed123_C2_step6000 33 6 4 0.007877938041929156
seed123_C2_step6000 33 6 5 0.0075635690009221435
seed123_C2_step6000 33 6 6 0.007603996025864035
seed123_C2_step6000 33 6 7 0.0080957529717125
seed123_C2_step6000 33 6 8 0.0076631479896605015
seed123_C2_step6000 33 6 9 0.007536938006523997
seed123_C2_step6000 33 7 0 0.007463428017217666
seed123_C2_step6000 33 7 1 0.007448658987414092
seed123_C2_step6000 33 7 2 0.007774149999022484
seed123_C2_step6000 33 7 3 0.007434853992890567
seed123_C2_step6000 33 7 4 0.007441866036970168
seed123_C2_step6000 33 7 5 0.007437227992340922
seed123_C2_step6000 33 7 6 0.007443490030709654
seed123_C2_step6000 33 7 7 0.007528451969847083
seed123_C2_step6000 33 7 8 0.007537668978329748
seed123_C2_step6000 33 7 9 0.00795622798614204
seed123_C2_step6000 33 8 0 0.007780841959174722
seed123_C2_step6000 33 8 1 0.007479829015210271
seed123_C2_step6000 33 8 2 0.007495369005482644
seed123_C2_step6000 33 8 3 0.007474658952560276
seed123_C2_step6000 33 8 4 0.00791542895603925
seed123_C2_step6000 33 8 5 0.007374487991910428
seed123_C2_step6000 33 8 6 0.007683688018005341
seed123_C2_step6000 33 8 7 0.007799038023222238
seed123_C2_step6000 33 8 8 0.007704867981374264
seed123_C2_step6000 33 8 9 0.007397891953587532
seed123_C2_step6000 33 9 0 0.007455441984347999
seed123_C2_step6000 33 9 1 0.00741806102450937
seed123_C2_step6000 33 9 2 0.007439111010171473
seed123_C2_step6000 33 9 3 0.007423772010952234
seed123_C2_step6000 33 9 4 0.0073975620325654745
seed123_C2_step6000 33 9 5 0.007427449047099799
seed123_C2_step6000 33 9 6 0.007446927018463612
seed123_C2_step6000 33 9 7 0.007419925008434802
seed123_C2_step6000 33 9 8 0.0074129109852947295
seed123_C2_step6000 33 9 9 0.007410676975268871
seed123_C2_step6000 36 0 0 0.008106302993837744
seed123_C2_step6000 36 0 1 0.00804059801157564
seed123_C2_step6000 36 0 2 0.00806223799008876
seed123_C2_step6000 36 0 3 0.008058122009970248
seed123_C2_step6000 36 0 4 0.00805560703156516
seed123_C2_step6000 36 0 5 0.008062168955802917
seed123_C2_step6000 36 0 6 0.008048393006902188
seed123_C2_step6000 36 0 7 0.008081045001745224
seed123_C2_step6000 36 0 8 0.008051149023231119
seed123_C2_step6000 36 0 9 0.008071377000305802
seed123_C2_step6000 36 1 0 0.00803656899370253
seed123_C2_step6000 36 1 1 0.0080204900004901
seed123_C2_step6000 36 1 2 0.008033594000153244
seed123_C2_step6000 36 1 3 0.00801294599659741
seed123_C2_step6000 36 1 4 0.008015900966711342
seed123_C2_step6000 36 1 5 0.008061949047259986
seed123_C2_step6000 36 1 6 0.008342002984136343
seed123_C2_step6000 36 1 7 0.01001407898729667
seed123_C2_step6000 36 1 8 0.00800473999697715
seed123_C2_step6000 36 1 9 0.008013927028514445
seed123_C2_step6000 36 2 0 0.008003247028682381
seed123_C2_step6000 36 2 1 0.008053281984757632
seed123_C2_step6000 36 2 2 0.008009408018551767
seed123_C2_step6000 36 2 3 0.008013136044610292
seed123_C2_step6000 36 2 4 0.008015800034627318
seed123_C2_step6000 36 2 5 0.008016021049115807
seed123_C2_step6000 36 2 6 0.00803305400768295
seed123_C2_step6000 36 2 7 0.00839664600789547
seed123_C2_step6000 36 2 8 0.008151358983013779
seed123_C2_step6000 36 2 9 0.008204379992093891
seed123_C2_step6000 36 3 0 0.008344697998836637
seed123_C2_step6000 36 3 1 0.00820496102096513
seed123_C2_step6000 36 3 2 0.008169453009031713
seed123_C2_step6000 36 3 3 0.008512126980349422
seed123_C2_step6000 36 3 4 0.008012974984012544
seed123_C2_step6000 36 3 5 0.008012575039174408
seed123_C2_step6000 36 3 6 0.007994500047061592
seed123_C2_step6000 36 3 7 0.008011362981051207
seed123_C2_step6000 36 3 8 0.0080048399977386
seed123_C2_step6000 36 3 9 0.008001713023986667
seed123_C2_step6000 36 4 0 0.008014487975742668
seed123_C2_step6000 36 4 1 0.008032361976802349
seed123_C2_step6000 36 4 2 0.008055786951445043
seed123_C2_step6000 36 4 3 0.008039795968215913
seed123_C2_step6000 36 4 4 0.00802023895084858
seed123_C2_step6000 36 4 5 0.00805133895482868
seed123_C2_step6000 36 4 6 0.0080449259839952
seed123_C2_step6000 36 4 7 0.008010742021724582
seed123_C2_step6000 36 4 8 0.00804106896976009
seed123_C2_step6000 36 4 9 0.008026570954825729
seed123_C2_step6000 36 5 0 0.008475105976685882
seed123_C2_step6000 36 5 1 0.008217705006245524
seed123_C2_step6000 36 5 2 0.008158483018632978
seed123_C2_step6000 36 5 3 0.008220209972932935
seed123_C2_step6000 36 5 4 0.008208076993469149
seed123_C2_step6000 36 5 5 0.00805671903071925
seed123_C2_step6000 36 5 6 0.008013887039851397
seed123_C2_step6000 36 5 7 0.008070264011621475
seed123_C2_step6000 36 5 8 0.008054353995248675
seed123_C2_step6000 36 5 9 0.008029929012991488
seed123_C2_step6000 36 6 0 0.00805558601859957
seed123_C2_step6000 36 6 1 0.008050014963373542
seed123_C2_step6000 36 6 2 0.008044224989134818
seed123_C2_step6000 36 6 3 0.17715377296553925
seed123_C2_step6000 36 6 4 0.008343214984051883
seed123_C2_step6000 36 6 5 0.008625673013739288
seed123_C2_step6000 36 6 6 0.008737275027669966
seed123_C2_step6000 36 6 7 0.00917567202122882
seed123_C2_step6000 36 6 8 0.008352181990630925
seed123_C2_step6000 36 6 9 0.008065614965744317
seed123_C2_step6000 36 7 0 0.008074553043115884
seed123_C2_step6000 36 7 1 0.008001113019417971
seed123_C2_step6000 36 7 2 0.008078940969426185
seed123_C2_step6000 36 7 3 0.008162198995705694
seed123_C2_step6000 36 7 4 0.008102305990178138
seed123_C2_step6000 36 7 5 0.008076275989878923
seed123_C2_step6000 36 7 6 0.008008075994439423
seed123_C2_step6000 36 7 7 0.0079930680221878
seed123_C2_step6000 36 7 8 0.008065425034146756
seed123_C2_step6000 36 7 9 0.008696928969584405
seed123_C2_step6000 36 8 0 0.008616687031462789
seed123_C2_step6000 36 8 1 0.008147159998770803
seed123_C2_step6000 36 8 2 0.00924150797072798
seed123_C2_step6000 36 8 3 0.009140825015492737
seed123_C2_step6000 36 8 4 0.00801274599507451
seed123_C2_step6000 36 8 5 0.008112144016195089
seed123_C2_step6000 36 8 6 0.008041880035307258
seed123_C2_step6000 36 8 7 0.008088739996310323
seed123_C2_step6000 36 8 8 0.00803262199042365
seed123_C2_step6000 36 8 9 0.00801425805548206
seed123_C2_step6000 36 9 0 0.008170614950358868
seed123_C2_step6000 36 9 1 0.008203439007047564
seed123_C2_step6000 36 9 2 0.008052519988268614
seed123_C2_step6000 36 9 3 0.008063371991738677
seed123_C2_step6000 36 9 4 0.008000420988537371
seed123_C2_step6000 36 9 5 0.00799418002134189
seed123_C2_step6000 36 9 6 0.008152912021614611
seed123_C2_step6000 36 9 7 0.008176748000551015
seed123_C2_step6000 36 9 8 0.008305563009344041
seed123_C2_step6000 36 9 9 0.008220560965128243
seed123_C2_step6000 40 0 0 0.005020671000238508
seed123_C2_step6000 40 0 1 0.00522953801555559
seed123_C2_step6000 40 0 2 0.004979913006536663
seed123_C2_step6000 40 0 3 0.005058432987425476
seed123_C2_step6000 40 0 4 0.00498371000867337
seed123_C2_step6000 40 0 5 0.0050373729900456965
seed123_C2_step6000 40 0 6 0.004973781993612647
seed123_C2_step6000 40 0 7 0.005002646008506417
seed123_C2_step6000 40 0 8 0.004998458025511354
seed123_C2_step6000 40 0 9 0.005037934053689241
seed123_C2_step6000 40 1 0 0.004944655986037105
seed123_C2_step6000 40 1 1 0.005003697995562106
seed123_C2_step6000 40 1 2 0.004974422976374626
seed123_C2_step6000 40 1 3 0.004974974028300494
seed123_C2_step6000 40 1 4 0.0050131670432165265
seed123_C2_step6000 40 1 5 0.005885320017114282
seed123_C2_step6000 40 1 6 0.006578661035746336
seed123_C2_step6000 40 1 7 0.005587952036876231
seed123_C2_step6000 40 1 8 0.004988158994819969
seed123_C2_step6000 40 1 9 0.004975145042408258
seed123_C2_step6000 40 2 0 0.0050044499803334475
seed123_C2_step6000 40 2 1 0.005109650024678558
seed123_C2_step6000 40 2 2 0.004960466991178691
seed123_C2_step6000 40 2 3 0.004945127002429217
seed123_C2_step6000 40 2 4 0.005165086011402309
seed123_C2_step6000 40 2 5 0.0051075060036964715
seed123_C2_step6000 40 2 6 0.004963792976923287
seed123_C2_step6000 40 2 7 0.005008667998481542
seed123_C2_step6000 40 2 8 0.004949464986566454
seed123_C2_step6000 40 2 9 0.005053402972407639
seed123_C2_step6000 40 3 0 0.005137414031196386
seed123_C2_step6000 40 3 1 0.005085223994683474
seed123_C2_step6000 40 3 2 0.004978590994141996
seed123_C2_step6000 40 3 3 0.0049973560380749404
seed123_C2_step6000 40 3 4 0.004971748043317348
seed123_C2_step6000 40 3 5 0.004949915979523212
seed123_C2_step6000 40 3 6 0.004964584019035101
seed123_C2_step6000 40 3 7 0.004967879969626665
seed123_C2_step6000 40 3 8 0.00495986599707976
seed123_C2_step6000 40 3 9 0.004988038970623165
seed123_C2_step6000 40 4 0 0.005027284030802548
seed123_C2_step6000 40 4 1 0.005251842027064413
seed123_C2_step6000 40 4 2 0.0049045400228351355
seed123_C2_step6000 40 4 3 0.004921892017591745
seed123_C2_step6000 40 4 4 0.004914809018373489
seed123_C2_step6000 40 4 5 0.004934878030326217
seed123_C2_step6000 40 4 6 0.004893849021755159
seed123_C2_step6000 40 4 7 0.00491054099984467
seed123_C2_step6000 40 4 8 0.004899971012491733
seed123_C2_step6000 40 4 9 0.004937361984048039
seed123_C2_step6000 40 5 0 0.005008095991797745
seed123_C2_step6000 40 5 1 0.005021673976443708
seed123_C2_step6000 40 5 2 0.004941339953802526
seed123_C2_step6000 40 5 3 0.005079363007098436
seed123_C2_step6000 40 5 4 0.005306556005962193
seed123_C2_step6000 40 5 5 0.004993047972675413
seed123_C2_step6000 40 5 6 0.004963822022546083
seed123_C2_step6000 40 5 7 0.005024447978939861
seed123_C2_step6000 40 5 8 0.005089813028462231
seed123_C2_step6000 40 5 9 0.005869048007298261
seed123_C2_step6000 40 6 0 0.005561370984651148
seed123_C2_step6000 40 6 1 0.0052635439787991345
seed123_C2_step6000 40 6 2 0.0051400980446487665
seed123_C2_step6000 40 6 3 0.005162169982213527
seed123_C2_step6000 40 6 4 0.005127514014020562
seed123_C2_step6000 40 6 5 0.005201656022109091
seed123_C2_step6000 40 6 6 0.005197798018343747
seed123_C2_step6000 40 6 7 0.005176538019441068
seed123_C2_step6000 40 6 8 0.005146712006535381
seed123_C2_step6000 40 6 9 0.005297317984513938
seed123_C2_step6000 40 7 0 0.004947862005792558
seed123_C2_step6000 40 7 1 0.004965797008480877
seed123_C2_step6000 40 7 2 0.005002776975743473
seed123_C2_step6000 40 7 3 0.0049217120395042
seed123_C2_step6000 40 7 4 0.00492042995756492
seed123_C2_step6000 40 7 5 0.0049661980010569096
seed123_C2_step6000 40 7 6 0.004960316000506282
seed123_C2_step6000 40 7 7 0.004968060995452106
seed123_C2_step6000 40 7 8 0.005628079001326114
seed123_C2_step6000 40 7 9 0.004976516007445753
seed123_C2_step6000 40 8 0 0.004923255008179694
seed123_C2_step6000 40 8 1 0.004965316969901323
seed123_C2_step6000 40 8 2 0.004989642009604722
seed123_C2_step6000 40 8 3 0.004995021969079971
seed123_C2_step6000 40 8 4 0.00494470598641783
seed123_C2_step6000 40 8 5 0.00494514696765691
seed123_C2_step6000 40 8 6 0.005138995999004692
seed123_C2_step6000 40 8 7 0.005076507979538292
seed123_C2_step6000 40 8 8 0.004996896022930741
seed123_C2_step6000 40 8 9 0.004973119997885078
seed123_C2_step6000 40 9 0 0.00497588497819379
seed123_C2_step6000 40 9 1 0.004982990038115531
seed123_C2_step6000 40 9 2 0.0049987389938905835
seed123_C2_step6000 40 9 3 0.00501493999036029
seed123_C2_step6000 40 9 4 0.00496270100120455
seed123_C2_step6000 40 9 5 0.005007546045817435
seed123_C2_step6000 40 9 6 0.004965656029526144
seed123_C2_step6000 40 9 7 0.0049978470196947455
seed123_C2_step6000 40 9 8 0.004915190045721829
seed123_C2_step6000 40 9 9 0.004972239024937153
seed123_C2_step6000 47 0 0 0.06583682703785598
seed123_C2_step6000 47 0 1 0.06017633603187278
seed123_C2_step6000 47 0 2 0.05901278700912371
seed123_C2_step6000 47 0 3 0.05936149199260399
seed123_C2_step6000 47 0 4 0.06250918394653127
seed123_C2_step6000 47 0 5 0.06049861997598782
seed123_C2_step6000 47 0 6 0.06012902600923553
seed123_C2_step6000 47 0 7 0.06024818297009915
seed123_C2_step6000 47 0 8 0.06172869500005618
seed123_C2_step6000 47 0 9 0.060336372000165284
seed123_C2_step6000 47 1 0 0.06036830198718235
seed123_C2_step6000 47 1 1 0.06272597698261961
seed123_C2_step6000 47 1 2 0.06038687698310241
seed123_C2_step6000 47 1 3 0.0601984080276452
seed123_C2_step6000 47 1 4 0.060318597010336816
seed123_C2_step6000 47 1 5 0.06005885201739147
seed123_C2_step6000 47 1 6 0.06009234703378752
seed123_C2_step6000 47 1 7 0.060740642016753554
seed123_C2_step6000 47 1 8 0.06030506198294461
seed123_C2_step6000 47 1 9 0.061364741006400436
seed123_C2_step6000 47 2 0 0.06027681799605489
seed123_C2_step6000 47 2 1 0.06124351097969338
seed123_C2_step6000 47 2 2 0.06056081899441779
seed123_C2_step6000 47 2 3 0.061700741993263364
seed123_C2_step6000 47 2 4 0.061363390006590635
seed123_C2_step6000 47 2 5 0.06109765300061554
seed123_C2_step6000 47 2 6 0.060073820990510285
seed123_C2_step6000 47 2 7 0.06192090199328959
seed123_C2_step6000 47 2 8 0.05989124299958348
seed123_C2_step6000 47 2 9 0.06039863999467343
seed123_C2_step6000 47 3 0 0.06035621900809929
seed123_C2_step6000 47 3 1 0.06069763103732839
seed123_C2_step6000 47 3 2 0.06167623499641195
seed123_C2_step6000 47 3 3 0.061525900033302605
seed123_C2_step6000 47 3 4 0.06112990400288254
seed123_C2_step6000 47 3 5 0.06080268998630345
seed123_C2_step6000 47 3 6 0.06000833597499877
seed123_C2_step6000 47 3 7 0.06049609597539529
seed123_C2_step6000 47 3 8 0.05956632399465889
seed123_C2_step6000 47 3 9 0.06056231301045045
seed123_C2_step6000 47 4 0 0.06029371096519753
seed123_C2_step6000 47 4 1 0.061286543030291796
seed123_C2_step6000 47 4 2 0.06255184498149902
seed123_C2_step6000 47 4 3 0.061732282978482544
seed123_C2_step6000 47 4 4 0.06176012597279623
seed123_C2_step6000 47 4 5 0.061567177006509155
seed123_C2_step6000 47 4 6 0.06816928402986377
seed123_C2_step6000 47 4 7 0.059459230047650635
seed123_C2_step6000 47 4 8 0.059369719005189836
seed123_C2_step6000 47 4 9 0.061578740016557276
seed123_C2_step6000 47 5 0 0.06086506997235119
seed123_C2_step6000 47 5 1 0.06442379398504272
seed123_C2_step6000 47 5 2 0.06304593698587269
seed123_C2_step6000 47 5 3 0.06223814800614491
seed123_C2_step6000 47 5 4 0.06758948898641393
seed123_C2_step6000 47 5 5 0.06384840700775385
seed123_C2_step6000 47 5 6 0.06649298797128722
seed123_C2_step6000 47 5 7 0.07132702402304858
seed123_C2_step6000 47 5 8 0.06031586299650371
seed123_C2_step6000 47 5 9 0.060589594999328256
seed123_C2_step6000 47 6 0 0.060582302045077085
seed123_C2_step6000 47 6 1 0.06533101300010458
seed123_C2_step6000 47 6 2 0.06240097898989916
seed123_C2_step6000 47 6 3 0.06481774605344981
seed123_C2_step6000 47 6 4 0.06625386304222047
seed123_C2_step6000 47 6 5 0.06344611098757014
seed123_C2_step6000 47 6 6 0.06061111600138247
seed123_C2_step6000 47 6 7 0.06339090503752232
seed123_C2_step6000 47 6 8 0.05958190403180197
seed123_C2_step6000 47 6 9 0.06019705696962774
seed123_C2_step6000 47 7 0 0.061072615964803845
seed123_C2_step6000 47 7 1 0.06060258002253249
seed123_C2_step6000 47 7 2 0.06019014399498701
seed123_C2_step6000 47 7 3 0.06053658400196582
seed123_C2_step6000 47 7 4 0.06585999298840761
seed123_C2_step6000 47 7 5 0.06413354096002877
seed123_C2_step6000 47 7 6 0.06394086399814114
seed123_C2_step6000 47 7 7 0.06340534298215061
seed123_C2_step6000 47 7 8 0.059274248022120446
seed123_C2_step6000 47 7 9 0.06304826197447255
seed123_C2_step6000 47 8 0 0.05934419098775834
seed123_C2_step6000 47 8 1 0.06329663598444313
seed123_C2_step6000 47 8 2 0.05936463002581149
seed123_C2_step6000 47 8 3 0.06524469895521179
seed123_C2_step6000 47 8 4 0.06523861800087616
seed123_C2_step6000 47 8 5 0.06564200599677861
seed123_C2_step6000 47 8 6 0.06456059496849775
seed123_C2_step6000 47 8 7 0.06223101500654593
seed123_C2_step6000 47 8 8 0.06028281000908464
seed123_C2_step6000 47 8 9 0.06369056599214673
seed123_C2_step6000 47 9 0 0.060383873991668224
seed123_C2_step6000 47 9 1 0.05976410204311833
seed123_C2_step6000 47 9 2 0.06034009996801615
seed123_C2_step6000 47 9 3 0.06019315903540701
seed123_C2_step6000 47 9 4 0.062296118994709104
seed123_C2_step6000 47 9 5 0.06318596500204876
seed123_C2_step6000 47 9 6 0.060962105984799564
seed123_C2_step6000 47 9 7 0.06006034597521648
seed123_C2_step6000 47 9 8 0.06062804796965793
seed123_C2_step6000 47 9 9 0.06194447900634259
seed123_C2_step6000 51 0 0 0.024172150995582342
seed123_C2_step6000 51 0 1 0.022918421018403023
seed123_C2_step6000 51 0 2 0.023066331981681287
seed123_C2_step6000 51 0 3 0.022949600010178983
seed123_C2_step6000 51 0 4 0.0229590279632248
seed123_C2_step6000 51 0 5 0.023035344027448446
seed123_C2_step6000 51 0 6 0.022922137985005975
seed123_C2_step6000 51 0 7 0.022979678004048765
seed123_C2_step6000 51 0 8 0.022967313998378813
seed123_C2_step6000 51 0 9 0.02531120297499001
seed123_C2_step6000 51 1 0 0.022955440974328667
seed123_C2_step6000 51 1 1 0.022960621980018914
seed123_C2_step6000 51 1 2 0.022921557014342397
seed123_C2_step6000 51 1 3 0.022941073984839022
seed123_C2_step6000 51 1 4 0.02298055903520435
seed123_C2_step6000 51 1 5 0.023020746011752635
seed123_C2_step6000 51 1 6 0.023241687973495573
seed123_C2_step6000 51 1 7 0.023966047971043736
seed123_C2_step6000 51 1 8 0.023086742032319307
seed123_C2_step6000 51 1 9 0.022805116022937
seed123_C2_step6000 51 2 0 0.022890398046001792
seed123_C2_step6000 51 2 1 0.022926055011339486
seed123_C2_step6000 51 2 2 0.022881781042087823
seed123_C2_step6000 51 2 3 0.022868546016979963
seed123_C2_step6000 51 2 4 0.023001960013061762
seed123_C2_step6000 51 2 5 0.022913942055311054
seed123_C2_step6000 51 2 6 0.022893482993822545
seed123_C2_step6000 51 2 7 0.022783503984101117
seed123_C2_step6000 51 2 8 0.02290291100507602
seed123_C2_step6000 51 2 9 0.02296550094615668
seed123_C2_step6000 51 3 0 0.023057166021317244
seed123_C2_step6000 51 3 1 0.02559257805114612
seed123_C2_step6000 51 3 2 0.02271395199932158
seed123_C2_step6000 51 3 3 0.022874006011988968
seed123_C2_step6000 51 3 4 0.02302891103317961
seed123_C2_step6000 51 3 5 0.022846904990728945
seed123_C2_step6000 51 3 6 0.023087923997081816
seed123_C2_step6000 51 3 7 0.023527001962065697
seed123_C2_step6000 51 3 8 0.02294314804021269
seed123_C2_step6000 51 3 9 0.022890428022947162
seed123_C2_step6000 51 4 0 0.02294111403170973
seed123_C2_step6000 51 4 1 0.02303946198662743
seed123_C2_step6000 51 4 2 0.022988244018051773
seed123_C2_step6000 51 4 3 0.02298666100250557
seed123_C2_step6000 51 4 4 0.02288936503464356
seed123_C2_step6000 51 4 5 0.022900526993907988
seed123_C2_step6000 51 4 6 0.023282063950318843
seed123_C2_step6000 51 4 7 0.023342078959103674
seed123_C2_step6000 51 4 8 0.022912389016710222
seed123_C2_step6000 51 4 9 0.02287921594688669
seed123_C2_step6000 51 5 0 0.023534345033112913
seed123_C2_step6000 51 5 1 0.023260864021722227
seed123_C2_step6000 51 5 2 0.02297988801728934
seed123_C2_step6000 51 5 3 0.02287386602256447
seed123_C2_step6000 51 5 4 0.023508766025770456
seed123_C2_step6000 51 5 5 0.02311531698796898
seed123_C2_step6000 51 5 6 0.023217951995320618
seed123_C2_step6000 51 5 7 0.022894665016792715
seed123_C2_step6000 51 5 8 0.023221708950586617
seed123_C2_step6000 51 5 9 0.023112672031857073
seed123_C2_step6000 51 6 0 0.02322033600648865
seed123_C2_step6000 51 6 1 0.022917559021152556
seed123_C2_step6000 51 6 2 0.023095588956493884
seed123_C2_step6000 51 6 3 0.025078570004552603
seed123_C2_step6000 51 6 4 0.023173637979198247
seed123_C2_step6000 51 6 5 0.023962431005202234
seed123_C2_step6000 51 6 6 0.02362873504171148
seed123_C2_step6000 51 6 7 0.022932087013032287
seed123_C2_step6000 51 6 8 0.023836520966142416
seed123_C2_step6000 51 6 9 0.022999054985120893
seed123_C2_step6000 51 7 0 0.023001980036497116
seed123_C2_step6000 51 7 1 0.023970045964233577
seed123_C2_step6000 51 7 2 0.025565897987689823
seed123_C2_step6000 51 7 3 0.02302991400938481
seed123_C2_step6000 51 7 4 0.022879988013301045
seed123_C2_step6000 51 7 5 0.022976110049057752
seed123_C2_step6000 51 7 6 0.022893653018400073
seed123_C2_step6000 51 7 7 0.02301484497729689
seed123_C2_step6000 51 7 8 0.02447046898305416
seed123_C2_step6000 51 7 9 0.024048184975981712
seed123_C2_step6000 51 8 0 0.024920626950915903
seed123_C2_step6000 51 8 1 0.024979800975415856
seed123_C2_step6000 51 8 2 0.025516273046378046
seed123_C2_step6000 51 8 3 0.022980429988820106
seed123_C2_step6000 51 8 4 0.022932296968065202
seed123_C2_step6000 51 8 5 0.023161584977060556
seed123_C2_step6000 51 8 6 0.022902771015651524
seed123_C2_step6000 51 8 7 0.02288289397256449
seed123_C2_step6000 51 8 8 0.02307095198193565
seed123_C2_step6000 51 8 9 0.022991189965978265
seed123_C2_step6000 51 9 0 0.022849739994853735
seed123_C2_step6000 51 9 1 0.023928236041683704
seed123_C2_step6000 51 9 2 0.025275965046603233
seed123_C2_step6000 51 9 3 0.02274204499553889
seed123_C2_step6000 51 9 4 0.02261200698558241
seed123_C2_step6000 51 9 5 0.023021066968794912
seed123_C2_step6000 51 9 6 0.02405082999030128
seed123_C2_step6000 51 9 7 0.023692967020906508
seed123_C2_step6000 51 9 8 0.02317280601710081
seed123_C2_step6000 51 9 9 0.02277697203680873
seed123_C2_step6000 52 0 0 0.904657107021194
seed123_C2_step6000 52 0 1 0.8815663810237311
seed123_C2_step6000 52 0 2 0.8699110760353506
seed123_C2_step6000 52 0 3 0.874664811999537
seed123_C2_step6000 52 0 4 0.8747478150180541
seed123_C2_step6000 52 0 5 0.8662978489883244
seed123_C2_step6000 52 0 6 0.871171434991993
seed123_C2_step6000 52 0 7 0.8644418889889494
seed123_C2_step6000 52 0 8 0.880759710969869
seed123_C2_step6000 52 0 9 0.9026822689920664
seed123_C2_step6000 52 1 0 0.860006325005088
seed123_C2_step6000 52 1 1 0.9086350559955463
seed123_C2_step6000 52 1 2 0.903516010963358
seed123_C2_step6000 52 1 3 0.9096564819919877
seed123_C2_step6000 52 1 4 0.8827079390175641
seed123_C2_step6000 52 1 5 0.869502677989658
seed123_C2_step6000 52 1 6 0.8692414440447465
seed123_C2_step6000 52 1 7 0.883754214970395
seed123_C2_step6000 52 1 8 0.8899969909689389
seed123_C2_step6000 52 1 9 0.8683539939811453
seed123_C2_step6000 52 2 0 0.8988268240354955
seed123_C2_step6000 52 2 1 0.8846366939833388
seed123_C2_step6000 52 2 2 0.9148090709932148
seed123_C2_step6000 52 2 3 0.8787117259926163
seed123_C2_step6000 52 2 4 0.8764457600191236
seed123_C2_step6000 52 2 5 0.8827229909948073
seed123_C2_step6000 52 2 6 0.8689737829845399
seed123_C2_step6000 52 2 7 0.8717599879601039
seed123_C2_step6000 52 2 8 0.9093910650117323
seed123_C2_step6000 52 2 9 0.9225885900086723
seed123_C2_step6000 52 3 0 0.8805804660078138
seed123_C2_step6000 52 3 1 0.9050774229690433
seed123_C2_step6000 52 3 2 0.8901204920257442
seed123_C2_step6000 52 3 3 0.8994109180057421
seed123_C2_step6000 52 3 4 0.8908369350247085
seed123_C2_step6000 52 3 5 0.9027878340566531
seed123_C2_step6000 52 3 6 0.8965461069601588
seed123_C2_step6000 52 3 7 0.9197723239776678
seed123_C2_step6000 52 3 8 0.9315196649986319
seed123_C2_step6000 52 3 9 0.8943581189960241
seed123_C2_step6000 52 4 0 0.917808442027308
seed123_C2_step6000 52 4 1 0.8996242849971168
seed123_C2_step6000 52 4 2 0.9048344030161388
seed123_C2_step6000 52 4 3 0.8623567409813404
seed123_C2_step6000 52 4 4 0.882461465022061
seed123_C2_step6000 52 4 5 0.8927511359797791
seed123_C2_step6000 52 4 6 0.8899478959501721
seed123_C2_step6000 52 4 7 0.8721745139919221
seed123_C2_step6000 52 4 8 0.8870076280436479
seed123_C2_step6000 52 4 9 0.864929428033065
seed123_C2_step6000 52 5 0 0.8588765820022672
seed123_C2_step6000 52 5 1 0.8693050070432946
seed123_C2_step6000 52 5 2 0.8826439030235633
seed123_C2_step6000 52 5 3 0.8655842609587125
seed123_C2_step6000 52 5 4 0.898717807023786
seed123_C2_step6000 52 5 5 0.8670528180082329
seed123_C2_step6000 52 5 6 0.8644573040073738
seed123_C2_step6000 52 5 7 0.8597735470393673
seed123_C2_step6000 52 5 8 0.8800198519602418
seed123_C2_step6000 52 5 9 0.8895074949832633
seed123_C2_step6000 52 6 0 0.8870238939998671
seed123_C2_step6000 52 6 1 0.8865162490401417
seed123_C2_step6000 52 6 2 0.8647426080424339
seed123_C2_step6000 52 6 3 0.8832825710414909
seed123_C2_step6000 52 6 4 0.8877831250429153
seed123_C2_step6000 52 6 5 0.8776437880005687
seed123_C2_step6000 52 6 6 0.9009904239792377
seed123_C2_step6000 52 6 7 0.9071915620006621
seed123_C2_step6000 52 6 8 0.8774973490508273
seed123_C2_step6000 52 6 9 0.8714761010487564
seed123_C2_step6000 52 7 0 0.8755228710360825
seed123_C2_step6000 52 7 1 0.8818354189861566
seed123_C2_step6000 52 7 2 0.8976668599643745
seed123_C2_step6000 52 7 3 0.8924056009855121
seed123_C2_step6000 52 7 4 0.8906101019820198
seed123_C2_step6000 52 7 5 0.8702990080346353
seed123_C2_step6000 52 7 6 0.8578196970047429
seed123_C2_step6000 52 7 7 0.8798721880302764
seed123_C2_step6000 52 7 8 0.8872693250305019
seed123_C2_step6000 52 7 9 0.8715539739932865
seed123_C2_step6000 52 8 0 0.8825806429958902
seed123_C2_step6000 52 8 1 0.9136294980417006
seed123_C2_step6000 52 8 2 0.8631961799692363
seed123_C2_step6000 52 8 3 0.8748258469859138
seed123_C2_step6000 52 8 4 0.8695500209578313
seed123_C2_step6000 52 8 5 0.8671273340005428
seed123_C2_step6000 52 8 6 0.8764090460026637
seed123_C2_step6000 52 8 7 0.8708307030028664
seed123_C2_step6000 52 8 8 0.8927598900045268
seed123_C2_step6000 52 8 9 0.8767755150329322
seed123_C2_step6000 52 9 0 0.873187216988299
seed123_C2_step6000 52 9 1 0.8726071040146053
seed123_C2_step6000 52 9 2 0.8804132819641382
seed123_C2_step6000 52 9 3 0.8701173429726623
seed123_C2_step6000 52 9 4 0.8792749579879455
seed123_C2_step6000 52 9 5 0.8686440699966624
seed123_C2_step6000 52 9 6 0.858021860010922
seed123_C2_step6000 52 9 7 0.8891509899985977
seed123_C2_step6000 52 9 8 0.8629797500325367
seed123_C2_step6000 52 9 9 0.8824870800017379
seed123_C2_step6000 56 0 0 0.01830984395928681
seed123_C2_step6000 56 0 1 0.017520697962027043
seed123_C2_step6000 56 0 2 0.017488015990238637
seed123_C2_step6000 56 0 3 0.017463499039877206
seed123_C2_step6000 56 0 4 0.017462708987295628
seed123_C2_step6000 56 0 5 0.01751625898759812
seed123_C2_step6000 56 0 6 0.017535347025841475
seed123_C2_step6000 56 0 7 0.01754001498920843
seed123_C2_step6000 56 0 8 0.01761876599630341
seed123_C2_step6000 56 0 9 0.017673868976999074
seed123_C2_step6000 56 1 0 0.017874723998829722
seed123_C2_step6000 56 1 1 0.01763324299827218
seed123_C2_step6000 56 1 2 0.0175001589814201
seed123_C2_step6000 56 1 3 0.017549431999213994
seed123_C2_step6000 56 1 4 0.017557799990754575
seed123_C2_step6000 56 1 5 0.017495330015663058
seed123_C2_step6000 56 1 6 0.017543672991450876
seed123_C2_step6000 56 1 7 0.017668629996478558
seed123_C2_step6000 56 1 8 0.017717654001899064
seed123_C2_step6000 56 1 9 0.0177672790014185
seed123_C2_step6000 56 2 0 0.017536939005367458
seed123_C2_step6000 56 2 1 0.017579850973561406
seed123_C2_step6000 56 2 2 0.017790612997487187
seed123_C2_step6000 56 2 3 0.017577917024027556
seed123_C2_step6000 56 2 4 0.01780297700315714
seed123_C2_step6000 56 2 5 0.017704057972878218
seed123_C2_step6000 56 2 6 0.01767042401479557
seed123_C2_step6000 56 2 7 0.018256582028698176
seed123_C2_step6000 56 2 8 0.01987287402153015
seed123_C2_step6000 56 2 9 0.017800642002839595
seed123_C2_step6000 56 3 0 0.01771109097171575
seed123_C2_step6000 56 3 1 0.017492875980678946
seed123_C2_step6000 56 3 2 0.017549902957398444
seed123_C2_step6000 56 3 3 0.017732381995301694
seed123_C2_step6000 56 3 4 0.017702765995636582
seed123_C2_step6000 56 3 5 0.01777591503923759
seed123_C2_step6000 56 3 6 0.017705972015392035
seed123_C2_step6000 56 3 7 0.018073873012326658
seed123_C2_step6000 56 3 8 0.018419191997963935
seed123_C2_step6000 56 3 9 0.017644675041083246
seed123_C2_step6000 56 4 0 0.019316511985380203
seed123_C2_step6000 56 4 1 0.017525948002003133
seed123_C2_step6000 56 4 2 0.017546157003380358
seed123_C2_step6000 56 4 3 0.01901814399752766
seed123_C2_step6000 56 4 4 0.017552347970195115
seed123_C2_step6000 56 4 5 0.017670764995273203
seed123_C2_step6000 56 4 6 0.017967341002076864
seed123_C2_step6000 56 4 7 0.01759171299636364
seed123_C2_step6000 56 4 8 0.018719954998232424
seed123_C2_step6000 56 4 9 0.019699382013641298
seed123_C2_step6000 56 5 0 0.020336637971922755
seed123_C2_step6000 56 5 1 0.02041341399308294
seed123_C2_step6000 56 5 2 0.01892376400064677
seed123_C2_step6000 56 5 3 0.019394211005419493
seed123_C2_step6000 56 5 4 0.019761130039114505
seed123_C2_step6000 56 5 5 0.01798871101345867
seed123_C2_step6000 56 5 6 0.017651808040682226
seed123_C2_step6000 56 5 7 0.017741690040566027
seed123_C2_step6000 56 5 8 0.017552067001815885
seed123_C2_step6000 56 5 9 0.017501973023172468
seed123_C2_step6000 56 6 0 0.01754968403838575
seed123_C2_step6000 56 6 1 0.018191658018622547
seed123_C2_step6000 56 6 2 0.017526821000501513
seed123_C2_step6000 56 6 3 0.01759402803145349
seed123_C2_step6000 56 6 4 0.018682774039916694
seed123_C2_step6000 56 6 5 0.018543438985943794
seed123_C2_step6000 56 6 6 0.018604836019221693
seed123_C2_step6000 56 6 7 0.018687002011574805
seed123_C2_step6000 56 6 8 0.019575144979171455
seed123_C2_step6000 56 6 9 0.01830472401343286
seed123_C2_step6000 56 7 0 0.01958237000508234
seed123_C2_step6000 56 7 1 0.018130270997062325
seed123_C2_step6000 56 7 2 0.017868370981886983
seed123_C2_step6000 56 7 3 0.018362593953497708
seed123_C2_step6000 56 7 4 0.017310068011283875
seed123_C2_step6000 56 7 5 0.017275599995628
seed123_C2_step6000 56 7 6 0.01743010600330308
seed123_C2_step6000 56 7 7 0.017408855026587844
seed123_C2_step6000 56 7 8 0.0172627359861508
seed123_C2_step6000 56 7 9 0.018232977017760277
seed123_C2_step6000 56 8 0 0.020433762983884662
seed123_C2_step6000 56 8 1 0.017425686994101852
seed123_C2_step6000 56 8 2 0.017366513959132135
seed123_C2_step6000 56 8 3 0.01733643701300025
seed123_C2_step6000 56 8 4 0.017354451003484428
seed123_C2_step6000 56 8 5 0.017307981965132058
seed123_C2_step6000 56 8 6 0.017251525016035885
seed123_C2_step6000 56 8 7 0.017478477966506034
seed123_C2_step6000 56 8 8 0.01748823601519689
seed123_C2_step6000 56 8 9 0.017388745967764407
seed123_C2_step6000 56 9 0 0.01747355895349756
seed123_C2_step6000 56 9 1 0.01757346000522375
seed123_C2_step6000 56 9 2 0.017605920031201094
seed123_C2_step6000 56 9 3 0.01756341999862343
seed123_C2_step6000 56 9 4 0.017408013984095305
seed123_C2_step6000 56 9 5 0.01731949398526922
seed123_C2_step6000 56 9 6 0.01733818999491632
seed123_C2_step6000 56 9 7 0.0174697510083206
seed123_C2_step6000 56 9 8 0.017655686009675264
seed123_C2_step6000 56 9 9 0.01728035102132708
seed123_C2_step6000 62 0 0 0.2913720890064724
seed123_C2_step6000 62 0 1 0.300117876031436
seed123_C2_step6000 62 0 2 0.2953767559956759
seed123_C2_step6000 62 0 3 0.2969024860067293
seed123_C2_step6000 62 0 4 0.29426489694742486
seed123_C2_step6000 62 0 5 0.2892479210277088
seed123_C2_step6000 62 0 6 0.2949368589906953
seed123_C2_step6000 62 0 7 0.2914741259883158
seed123_C2_step6000 62 0 8 0.291276489966549
seed123_C2_step6000 62 0 9 0.2874451749958098
seed123_C2_step6000 62 1 0 0.29713646398158744
seed123_C2_step6000 62 1 1 0.2979404070065357
seed123_C2_step6000 62 1 2 0.29399623698554933
seed123_C2_step6000 62 1 3 0.2952353910077363
seed123_C2_step6000 62 1 4 0.29032383498270065
seed123_C2_step6000 62 1 5 0.2966692049521953
seed123_C2_step6000 62 1 6 0.2949128460022621
seed123_C2_step6000 62 1 7 0.29222448100335896
seed123_C2_step6000 62 1 8 0.30303399299737066
seed123_C2_step6000 62 1 9 0.2994879220495932
seed123_C2_step6000 62 2 0 0.2922404020209797
seed123_C2_step6000 62 2 1 0.29303805297240615
seed123_C2_step6000 62 2 2 0.2981070799869485
seed123_C2_step6000 62 2 3 0.30140723299700767
seed123_C2_step6000 62 2 4 0.29219156998442486
seed123_C2_step6000 62 2 5 0.30154810298699886
seed123_C2_step6000 62 2 6 0.29970004002097994
seed123_C2_step6000 62 2 7 0.30224754702067
seed123_C2_step6000 62 2 8 0.2998881880193949
seed123_C2_step6000 62 2 9 0.29470757103990763
seed123_C2_step6000 62 3 0 0.2985874290461652
seed123_C2_step6000 62 3 1 0.3022406959789805
seed123_C2_step6000 62 3 2 0.29206523299217224
seed123_C2_step6000 62 3 3 0.30892936000600457
seed123_C2_step6000 62 3 4 0.2995498959789984
seed123_C2_step6000 62 3 5 0.2957094529992901
seed123_C2_step6000 62 3 6 0.2966741429991089
seed123_C2_step6000 62 3 7 0.3012769399792887
seed123_C2_step6000 62 3 8 0.29799037298653275
seed123_C2_step6000 62 3 9 0.3002272589947097
seed123_C2_step6000 62 4 0 0.3045825639856048
seed123_C2_step6000 62 4 1 0.30697941401740536
seed123_C2_step6000 62 4 2 0.29973291797796264
seed123_C2_step6000 62 4 3 0.2995964779984206
seed123_C2_step6000 62 4 4 0.30070653499569744
seed123_C2_step6000 62 4 5 0.2975348170148209
seed123_C2_step6000 62 4 6 0.3049232059856877
seed123_C2_step6000 62 4 7 0.301668560015969
seed123_C2_step6000 62 4 8 0.29931648599449545
seed123_C2_step6000 62 4 9 0.2989428539876826
seed123_C2_step6000 62 5 0 0.2986558770062402
seed123_C2_step6000 62 5 1 0.3026429589954205
seed123_C2_step6000 62 5 2 0.29909752000821754
seed123_C2_step6000 62 5 3 0.307081765960902
seed123_C2_step6000 62 5 4 0.3009677060181275
seed123_C2_step6000 62 5 5 0.2980897389934398
seed123_C2_step6000 62 5 6 0.3093328189570457
seed123_C2_step6000 62 5 7 0.3100499470019713
seed123_C2_step6000 62 5 8 0.3004111570189707
seed123_C2_step6000 62 5 9 0.30768712202552706
seed123_C2_step6000 62 6 0 0.2987909479998052
seed123_C2_step6000 62 6 1 0.2996198480250314
seed123_C2_step6000 62 6 2 0.3002490599756129
seed123_C2_step6000 62 6 3 0.3110044389613904
seed123_C2_step6000 62 6 4 0.3000973300077021
seed123_C2_step6000 62 6 5 0.30436644301516935
seed123_C2_step6000 62 6 6 0.30464648600900546
seed123_C2_step6000 62 6 7 0.3017709630075842
seed123_C2_step6000 62 6 8 0.31395734200486913
seed123_C2_step6000 62 6 9 0.30248149897670373
seed123_C2_step6000 62 7 0 0.30152574699604884
seed123_C2_step6000 62 7 1 0.3021195689798333
seed123_C2_step6000 62 7 2 0.30631937901489437
seed123_C2_step6000 62 7 3 0.31262395199155435
seed123_C2_step6000 62 7 4 0.3020437660161406
seed123_C2_step6000 62 7 5 0.3065255439723842
seed123_C2_step6000 62 7 6 0.30496340396348387
seed123_C2_step6000 62 7 7 0.3029652739642188
seed123_C2_step6000 62 7 8 0.30964958196273074
seed123_C2_step6000 62 7 9 0.30296532600186765
seed123_C2_step6000 62 8 0 0.29675030399812385
seed123_C2_step6000 62 8 1 0.3024288529995829
seed123_C2_step6000 62 8 2 0.3011362790130079
seed123_C2_step6000 62 8 3 0.3045033499947749
seed123_C2_step6000 62 8 4 0.2991438790340908
seed123_C2_step6000 62 8 5 0.3085558390012011
seed123_C2_step6000 62 8 6 0.29637355799786747
seed123_C2_step6000 62 8 7 0.29856336396187544
seed123_C2_step6000 62 8 8 0.30191318300785497
seed123_C2_step6000 62 8 9 0.3057639459730126
seed123_C2_step6000 62 9 0 0.3073716319631785
seed123_C2_step6000 62 9 1 0.30466974998125806
seed123_C2_step6000 62 9 2 0.30079610500251874
seed123_C2_step6000 62 9 3 0.30397422501118854
seed123_C2_step6000 62 9 4 0.30282073497073725
seed123_C2_step6000 62 9 5 0.3049557780032046
seed123_C2_step6000 62 9 6 0.2950573820271529
seed123_C2_step6000 62 9 7 0.30360713601112366
seed123_C2_step6000 62 9 8 0.3014460459817201
seed123_C2_step6000 62 9 9 0.3000778170535341
seed123_C2_step6000 64 0 0 0.18179147300543264
seed123_C2_step6000 64 0 1 0.17603267199592665
seed123_C2_step6000 64 0 2 0.17788257001666352
seed123_C2_step6000 64 0 3 0.17300277401227504
seed123_C2_step6000 64 0 4 0.1840642579481937
seed123_C2_step6000 64 0 5 0.17849095002748072
seed123_C2_step6000 64 0 6 0.18167439999524504
seed123_C2_step6000 64 0 7 0.17705534299602732
seed123_C2_step6000 64 0 8 0.1950922780088149
seed123_C2_step6000 64 0 9 0.17799594695679843
seed123_C2_step6000 64 1 0 0.17810017499141395
seed123_C2_step6000 64 1 1 0.17836032196646556
seed123_C2_step6000 64 1 2 0.17796621099114418
seed123_C2_step6000 64 1 3 0.18211775698000565
seed123_C2_step6000 64 1 4 0.18082178599433973
seed123_C2_step6000 64 1 5 0.17959713097661734
seed123_C2_step6000 64 1 6 0.17861283401725814
seed123_C2_step6000 64 1 7 0.17906037799548358
seed123_C2_step6000 64 1 8 0.18100520502775908
seed123_C2_step6000 64 1 9 0.18220675899647176
seed123_C2_step6000 64 2 0 0.18573552800808102
seed123_C2_step6000 64 2 1 0.18534139497205615
seed123_C2_step6000 64 2 2 0.1906038710149005
seed123_C2_step6000 64 2 3 0.17924152401974425
seed123_C2_step6000 64 2 4 0.18199903302593157
seed123_C2_step6000 64 2 5 0.18216757394839078
seed123_C2_step6000 64 2 6 0.18161614303244278
seed123_C2_step6000 64 2 7 0.18212688696803525
seed123_C2_step6000 64 2 8 0.18281704297987744
seed123_C2_step6000 64 2 9 0.18317806103732437
seed123_C2_step6000 64 3 0 0.184056407015305
seed123_C2_step6000 64 3 1 0.18969584099249914
seed123_C2_step6000 64 3 2 0.18479723000200465
seed123_C2_step6000 64 3 3 0.18091182998614386
seed123_C2_step6000 64 3 4 0.18040468404069543
seed123_C2_step6000 64 3 5 0.18932944297557697
seed123_C2_step6000 64 3 6 0.18049585801782086
seed123_C2_step6000 64 3 7 0.17769122996833175
seed123_C2_step6000 64 3 8 0.1798446670291014
seed123_C2_step6000 64 3 9 0.18214745697332546
seed123_C2_step6000 64 4 0 0.18410362699069083
seed123_C2_step6000 64 4 1 0.18506243696901947
seed123_C2_step6000 64 4 2 0.18002239597262815
seed123_C2_step6000 64 4 3 0.18366705504013225
seed123_C2_step6000 64 4 4 0.1814079080359079
seed123_C2_step6000 64 4 5 0.17687033396214247
seed123_C2_step6000 64 4 6 0.18081820296356454
seed123_C2_step6000 64 4 7 0.18645560496952385
seed123_C2_step6000 64 4 8 0.18018237204523757
seed123_C2_step6000 64 4 9 0.1875000949949026
seed123_C2_step6000 64 5 0 0.17959077301202342
seed123_C2_step6000 64 5 1 0.17935084598138928
seed123_C2_step6000 64 5 2 0.18276672100182623
seed123_C2_step6000 64 5 3 0.18037414795253426
seed123_C2_step6000 64 5 4 0.17990581400226802
seed123_C2_step6000 64 5 5 0.1818004579981789
seed123_C2_step6000 64 5 6 0.18320043798303232
seed123_C2_step6000 64 5 7 0.18043585598934442
seed123_C2_step6000 64 5 8 0.18170812202151865
seed123_C2_step6000 64 5 9 0.18340403703041375
seed123_C2_step6000 64 6 0 0.17948117601918057
seed123_C2_step6000 64 6 1 0.17780793498968706
seed123_C2_step6000 64 6 2 0.17822268599411473
seed123_C2_step6000 64 6 3 0.18095651001203805
seed123_C2_step6000 64 6 4 0.1892056409851648
seed123_C2_step6000 64 6 5 0.1829887949861586
seed123_C2_step6000 64 6 6 0.19102184398798272
seed123_C2_step6000 64 6 7 0.182259464985691
seed123_C2_step6000 64 6 8 0.18254634196637198
seed123_C2_step6000 64 6 9 0.17780744499759749
seed123_C2_step6000 64 7 0 0.1800310350372456
seed123_C2_step6000 64 7 1 0.18182738200994208
seed123_C2_step6000 64 7 2 0.19516868295613676
seed123_C2_step6000 64 7 3 0.17800284799886867
seed123_C2_step6000 64 7 4 0.18868588097393513
seed123_C2_step6000 64 7 5 0.18236920604249462
seed123_C2_step6000 64 7 6 0.18350471003213897
seed123_C2_step6000 64 7 7 0.17618677602149546
seed123_C2_step6000 64 7 8 0.18039815605152398
seed123_C2_step6000 64 7 9 0.18035718996543437
seed123_C2_step6000 64 8 0 0.18340984103269875
seed123_C2_step6000 64 8 1 0.18055611796444282
seed123_C2_step6000 64 8 2 0.17697860597399995
seed123_C2_step6000 64 8 3 0.18054899497656152
seed123_C2_step6000 64 8 4 0.1773113519884646
seed123_C2_step6000 64 8 5 0.18630301899975166
seed123_C2_step6000 64 8 6 0.17907104798359796
seed123_C2_step6000 64 8 7 0.1747146500274539
seed123_C2_step6000 64 8 8 0.1799231719924137
seed123_C2_step6000 64 8 9 0.18091122701298445
seed123_C2_step6000 64 9 0 0.19174286298220977
seed123_C2_step6000 64 9 1 0.18119900597957894
seed123_C2_step6000 64 9 2 0.181499389000237
seed123_C2_step6000 64 9 3 0.181251315982081
seed123_C2_step6000 64 9 4 0.18006286903982982
seed123_C2_step6000 64 9 5 0.17976923898095265
seed123_C2_step6000 64 9 6 0.1800008419668302
seed123_C2_step6000 64 9 7 0.18758338200859725
seed123_C2_step6000 64 9 8 0.18986127496464178
seed123_C2_step6000 64 9 9 0.18338906299322844
seed123_C2_step6000 69 0 0 0.5323719150037505
seed123_C2_step6000 69 0 1 0.537253815040458
seed123_C2_step6000 69 0 2 0.5396274730446748
seed123_C2_step6000 69 0 3 0.5379405379644595
seed123_C2_step6000 69 0 4 0.5477790310396813
seed123_C2_step6000 69 0 5 0.5363141680136323
seed123_C2_step6000 69 0 6 0.5323171679629013
seed123_C2_step6000 69 0 7 0.5410833260393701
seed123_C2_step6000 69 0 8 0.5421838959446177
seed123_C2_step6000 69 0 9 0.5308786670211703
seed123_C2_step6000 69 1 0 0.5422615960123949
seed123_C2_step6000 69 1 1 0.5438935300335288
seed123_C2_step6000 69 1 2 0.5553290480165742
seed123_C2_step6000 69 1 3 0.5412997960229404
seed123_C2_step6000 69 1 4 0.5447483430034481
seed123_C2_step6000 69 1 5 0.5589342869934626
seed123_C2_step6000 69 1 6 0.5312161190086044
seed123_C2_step6000 69 1 7 0.5122456140234135
seed123_C2_step6000 69 1 8 0.5156578089809045
seed123_C2_step6000 69 1 9 0.5299351209541783
seed123_C2_step6000 69 2 0 0.5411342569859698
seed123_C2_step6000 69 2 1 0.5435485930065624
seed123_C2_step6000 69 2 2 0.5493534639826976
seed123_C2_step6000 69 2 3 0.5384778350125998
seed123_C2_step6000 69 2 4 0.5506015560240485
seed123_C2_step6000 69 2 5 0.5399705540039577
seed123_C2_step6000 69 2 6 0.5350381479947828
seed123_C2_step6000 69 2 7 0.5405279889819212
seed123_C2_step6000 69 2 8 0.5329625339945778
seed123_C2_step6000 69 2 9 0.5436077850172296
seed123_C2_step6000 69 3 0 0.5354914370109327
seed123_C2_step6000 69 3 1 0.56220022396883
seed123_C2_step6000 69 3 2 0.5380825620377436
seed123_C2_step6000 69 3 3 0.540813600004185
seed123_C2_step6000 69 3 4 0.5494991159648634
seed123_C2_step6000 69 3 5 0.5339304759982042
seed123_C2_step6000 69 3 6 0.5465874749934301
seed123_C2_step6000 69 3 7 0.5539677010383457
seed123_C2_step6000 69 3 8 0.5318941259756684
seed123_C2_step6000 69 3 9 0.5408744739834219
seed123_C2_step6000 69 4 0 0.5308431029552594
seed123_C2_step6000 69 4 1 0.5374006410129368
seed123_C2_step6000 69 4 2 0.5600716570043005
seed123_C2_step6000 69 4 3 0.5410394239588641
seed123_C2_step6000 69 4 4 0.5395596509915777
seed123_C2_step6000 69 4 5 0.5452260189922526
seed123_C2_step6000 69 4 6 0.5646373999770731
seed123_C2_step6000 69 4 7 0.5545448519987985
seed123_C2_step6000 69 4 8 0.5385957169928588
seed123_C2_step6000 69 4 9 0.5331843189778738
seed123_C2_step6000 69 5 0 0.5536184999509715
seed123_C2_step6000 69 5 1 0.5438276490313001
seed123_C2_step6000 69 5 2 0.5365841460297816
seed123_C2_step6000 69 5 3 0.5458526919828728
seed123_C2_step6000 69 5 4 0.5420993959996849
seed123_C2_step6000 69 5 5 0.5442648460157216
seed123_C2_step6000 69 5 6 0.5684684879961424
seed123_C2_step6000 69 5 7 0.5446811029687524
seed123_C2_step6000 69 5 8 0.5452092519844882
seed123_C2_step6000 69 5 9 0.5471599529846571
seed123_C2_step6000 69 6 0 0.5391671200050041
seed123_C2_step6000 69 6 1 0.5509507849928923
seed123_C2_step6000 69 6 2 0.5363384580123238
seed123_C2_step6000 69 6 3 0.5335220179986209
seed123_C2_step6000 69 6 4 0.5559132409980521
seed123_C2_step6000 69 6 5 0.5413651479757391
seed123_C2_step6000 69 6 6 0.5428359140059911
seed123_C2_step6000 69 6 7 0.5426520539913327
seed123_C2_step6000 69 6 8 0.5453751180320978
seed123_C2_step6000 69 6 9 0.5439105069963261
seed123_C2_step6000 69 7 0 0.5506978019839153
seed123_C2_step6000 69 7 1 0.5423314769868739
seed123_C2_step6000 69 7 2 0.5408351349760778
seed123_C2_step6000 69 7 3 0.5315882209688425
seed123_C2_step6000 69 7 4 0.5410199289908633
seed123_C2_step6000 69 7 5 0.540294767008163
seed123_C2_step6000 69 7 6 0.5308089480386116
seed123_C2_step6000 69 7 7 0.5335191760095768
seed123_C2_step6000 69 7 8 0.538725056045223
seed123_C2_step6000 69 7 9 0.5407657600007951
seed123_C2_step6000 69 8 0 0.541041245975066
seed123_C2_step6000 69 8 1 0.5440774279995821
seed123_C2_step6000 69 8 2 0.5488986339769326
seed123_C2_step6000 69 8 3 0.5532371890149079
seed123_C2_step6000 69 8 4 0.5477004009881057
seed123_C2_step6000 69 8 5 0.5381579219829291
seed123_C2_step6000 69 8 6 0.5348831280134618
seed123_C2_step6000 69 8 7 0.5346596529707313
seed123_C2_step6000 69 8 8 0.5342668140074238
seed123_C2_step6000 69 8 9 0.54010935802944
seed123_C2_step6000 69 9 0 0.5415386150125414
seed123_C2_step6000 69 9 1 0.5457372140372172
seed123_C2_step6000 69 9 2 0.5537768580252305
seed123_C2_step6000 69 9 3 0.5398229770362377
seed123_C2_step6000 69 9 4 0.5402593999751844
seed123_C2_step6000 69 9 5 0.553557742969133
seed123_C2_step6000 69 9 6 0.5578804590040818
seed123_C2_step6000 69 9 7 0.5407127070357092
seed123_C2_step6000 69 9 8 0.5381264060270041
seed123_C2_step6000 69 9 9 0.5621821660315618
seed123_C2_step6000 74 0 0 0.7661640839651227
seed123_C2_step6000 74 0 1 0.7581183300353587
seed123_C2_step6000 74 0 2 0.740992681006901
seed123_C2_step6000 74 0 3 0.760969732014928
seed123_C2_step6000 74 0 4 0.7621303990017623
seed123_C2_step6000 74 0 5 0.7596746979979798
seed123_C2_step6000 74 0 6 0.755426155985333
seed123_C2_step6000 74 0 7 0.7545708069810644
seed123_C2_step6000 74 0 8 0.7614308620104566
seed123_C2_step6000 74 0 9 0.7668851269991137
seed123_C2_step6000 74 1 0 0.7677277360344306
seed123_C2_step6000 74 1 1 0.7799511710181832
seed123_C2_step6000 74 1 2 0.7674338290235028
seed123_C2_step6000 74 1 3 0.7612934100325219
seed123_C2_step6000 74 1 4 0.7652392380405217
seed123_C2_step6000 74 1 5 0.750611141033005
seed123_C2_step6000 74 1 6 0.7755955140455626
seed123_C2_step6000 74 1 7 0.7676861619693227
seed123_C2_step6000 74 1 8 0.7673269279766828
seed123_C2_step6000 74 1 9 0.7537615269538946
seed123_C2_step6000 74 2 0 0.7578329039970413
seed123_C2_step6000 74 2 1 0.7612217199639417
seed123_C2_step6000 74 2 2 0.7485849299700931
seed123_C2_step6000 74 2 3 0.755437943036668
seed123_C2_step6000 74 2 4 0.762129808019381
seed123_C2_step6000 74 2 5 0.7635339369880967
seed123_C2_step6000 74 2 6 0.7622022409923375
seed123_C2_step6000 74 2 7 0.770774792006705
seed123_C2_step6000 74 2 8 0.7764095109887421
seed123_C2_step6000 74 2 9 0.7643879550159909
seed123_C2_step6000 74 3 0 0.7693119089817628
seed123_C2_step6000 74 3 1 0.7603890710161068
seed123_C2_step6000 74 3 2 0.7523965599830262
seed123_C2_step6000 74 3 3 0.8228765369858593
seed123_C2_step6000 74 3 4 0.7806540500023402
seed123_C2_step6000 74 3 5 0.7739815440145321
seed123_C2_step6000 74 3 6 0.7647075680433773
seed123_C2_step6000 74 3 7 0.7659586359513924
seed123_C2_step6000 74 3 8 0.7627023870008998
seed123_C2_step6000 74 3 9 0.7506372480420396
seed123_C2_step6000 74 4 0 0.7744534030207433
seed123_C2_step6000 74 4 1 0.7705519450246356
seed123_C2_step6000 74 4 2 0.7549241799861193
seed123_C2_step6000 74 4 3 0.7679246279876679
seed123_C2_step6000 74 4 4 0.7859747569891624
seed123_C2_step6000 74 4 5 0.770631143997889
seed123_C2_step6000 74 4 6 0.7681230320013128
seed123_C2_step6000 74 4 7 0.7657635840005241
seed123_C2_step6000 74 4 8 0.7543467109790072
seed123_C2_step6000 74 4 9 0.7664040299714543
seed123_C2_step6000 74 5 0 0.765749723999761
seed123_C2_step6000 74 5 1 0.7658422509557568
seed123_C2_step6000 74 5 2 0.7593976119533181
seed123_C2_step6000 74 5 3 0.7553225399460644
seed123_C2_step6000 74 5 4 0.7789244499872439
seed123_C2_step6000 74 5 5 0.7631179129821248
seed123_C2_step6000 74 5 6 0.7515711919986643
seed123_C2_step6000 74 5 7 0.7526914789923467
seed123_C2_step6000 74 5 8 0.7637116999831051
seed123_C2_step6000 74 5 9 0.7641953260172158
seed123_C2_step6000 74 6 0 0.7627484569675289
seed123_C2_step6000 74 6 1 0.7804394339909777
seed123_C2_step6000 74 6 2 0.7476349449716508
seed123_C2_step6000 74 6 3 0.7667722480255179
seed123_C2_step6000 74 6 4 0.7709517119801603
seed123_C2_step6000 74 6 5 0.7708519130246714
seed123_C2_step6000 74 6 6 0.7864193790010177
seed123_C2_step6000 74 6 7 0.7716516320360824
seed123_C2_step6000 74 6 8 0.753352380997967
seed123_C2_step6000 74 6 9 0.7623412279644981
seed123_C2_step6000 74 7 0 0.7702896810369566
seed123_C2_step6000 74 7 1 0.7645117419888265
seed123_C2_step6000 74 7 2 0.7790836780332029
seed123_C2_step6000 74 7 3 0.7679956320207566
seed123_C2_step6000 74 7 4 0.7552568739629351
seed123_C2_step6000 74 7 5 0.7843112349510193
seed123_C2_step6000 74 7 6 0.7645040259812959
seed123_C2_step6000 74 7 7 0.772780365019571
seed123_C2_step6000 74 7 8 0.7682903520180844
seed123_C2_step6000 74 7 9 0.7748720690142363
seed123_C2_step6000 74 8 0 0.7665546349599026
seed123_C2_step6000 74 8 1 0.8066671079723164
seed123_C2_step6000 74 8 2 0.774555541051086
seed123_C2_step6000 74 8 3 0.7665590990218334
seed123_C2_step6000 74 8 4 0.7561499369912781
seed123_C2_step6000 74 8 5 0.761705714976415
seed123_C2_step6000 74 8 6 0.7658072309568524
seed123_C2_step6000 74 8 7 0.7805236629792489
seed123_C2_step6000 74 8 8 0.7864586359937675
seed123_C2_step6000 74 8 9 0.7742256140336394
seed123_C2_step6000 74 9 0 0.7743155970238149
seed123_C2_step6000 74 9 1 0.7842972190119326
seed123_C2_step6000 74 9 2 0.7661669080262072
seed123_C2_step6000 74 9 3 0.7582097420236096
seed123_C2_step6000 74 9 4 0.7534232640173286
seed123_C2_step6000 74 9 5 0.7691310080117546
seed123_C2_step6000 74 9 6 0.7612855450133793
seed123_C2_step6000 74 9 7 0.7768201470025815
seed123_C2_step6000 74 9 8 0.7759855770273134
seed123_C2_step6000 74 9 9 0.7621097119990736
seed123_C2_step6000 78 0 0 1.2454008620115928
seed123_C2_step6000 78 0 1 1.2670968620222993
seed123_C2_step6000 78 0 2 1.2240384640172124
seed123_C2_step6000 78 0 3 1.2608055309974588
seed123_C2_step6000 78 0 4 1.2516485290252604
seed123_C2_step6000 78 0 5 1.2297614350100048
seed123_C2_step6000 78 0 6 1.2187199379550293
seed123_C2_step6000 78 0 7 1.2717860639677383
seed123_C2_step6000 78 0 8 1.2668833080097102
seed123_C2_step6000 78 0 9 1.2428048530127853
seed123_C2_step6000 78 1 0 1.2454444330069236
seed123_C2_step6000 78 1 1 1.2478361900430173
seed123_C2_step6000 78 1 2 1.2251774619799107
seed123_C2_step6000 78 1 3 1.2336974699865095
seed123_C2_step6000 78 1 4 1.2427217779913917
seed123_C2_step6000 78 1 5 1.2494832600350492
seed123_C2_step6000 78 1 6 1.234076214954257
seed123_C2_step6000 78 1 7 1.218250842008274
seed123_C2_step6000 78 1 8 1.2259950800216757
seed123_C2_step6000 78 1 9 1.239401106024161
seed123_C2_step6000 78 2 0 1.242143782961648
seed123_C2_step6000 78 2 1 1.2357525549596176
seed123_C2_step6000 78 2 2 1.244822820997797
seed123_C2_step6000 78 2 3 1.222861082002055
seed123_C2_step6000 78 2 4 1.2181802979903296
seed123_C2_step6000 78 2 5 1.2449923870153725
seed123_C2_step6000 78 2 6 1.2415390650276095
seed123_C2_step6000 78 2 7 1.210734318010509
seed123_C2_step6000 78 2 8 1.2504961700178683
seed123_C2_step6000 78 2 9 1.2639051130390726
seed123_C2_step6000 78 3 0 1.2556009570253082
seed123_C2_step6000 78 3 1 1.2710730050457641
seed123_C2_step6000 78 3 2 1.2475821090047248
seed123_C2_step6000 78 3 3 1.2474573159706779
seed123_C2_step6000 78 3 4 1.2329876879812218
seed123_C2_step6000 78 3 5 1.2797762650297955
seed123_C2_step6000 78 3 6 1.2165736649767496
seed123_C2_step6000 78 3 7 1.2166484519839287
seed123_C2_step6000 78 3 8 1.2524845369625837
seed123_C2_step6000 78 3 9 1.259772994031664
seed123_C2_step6000 78 4 0 1.2678116040187888
seed123_C2_step6000 78 4 1 1.2517811380093917
seed123_C2_step6000 78 4 2 1.2267136439913884
seed123_C2_step6000 78 4 3 1.2636007739929482
seed123_C2_step6000 78 4 4 1.2693034679978155
seed123_C2_step6000 78 4 5 1.2206365930032916
seed123_C2_step6000 78 4 6 1.241055188991595
seed123_C2_step6000 78 4 7 1.2701301969937049
seed123_C2_step6000 78 4 8 1.2596657990361564
seed123_C2_step6000 78 4 9 1.22927242401056
seed123_C2_step6000 78 5 0 1.2638180279755034
seed123_C2_step6000 78 5 1 1.2265645959996618
seed123_C2_step6000 78 5 2 1.2643848990555853
seed123_C2_step6000 78 5 3 1.2734127750154585
seed123_C2_step6000 78 5 4 1.2167657460086048
seed123_C2_step6000 78 5 5 1.2055655749863945
seed123_C2_step6000 78 5 6 1.2561395849916153
seed123_C2_step6000 78 5 7 1.2198367559467442
seed123_C2_step6000 78 5 8 1.2309335800237022
seed123_C2_step6000 78 5 9 1.2387883779592812
seed123_C2_step6000 78 6 0 1.2660107129486278
seed123_C2_step6000 78 6 1 1.2306343010277487
seed123_C2_step6000 78 6 2 1.2396337339887396
seed123_C2_step6000 78 6 3 1.2434275849955156
seed123_C2_step6000 78 6 4 1.2653273360338062
seed123_C2_step6000 78 6 5 1.2441695479792543
seed123_C2_step6000 78 6 6 1.2461056670290418
seed123_C2_step6000 78 6 7 1.2578756529837847
seed123_C2_step6000 78 6 8 1.2175825309823267
seed123_C2_step6000 78 6 9 1.232551079010591
seed123_C2_step6000 78 7 0 1.2636265159817412
seed123_C2_step6000 78 7 1 1.2192065389826894
seed123_C2_step6000 78 7 2 1.2246822800370865
seed123_C2_step6000 78 7 3 1.245555323024746
seed123_C2_step6000 78 7 4 1.270846865954809
seed123_C2_step6000 78 7 5 1.2503938429872505
seed123_C2_step6000 78 7 6 1.227194998995401
seed123_C2_step6000 78 7 7 1.222870512981899
seed123_C2_step6000 78 7 8 1.238227162975818
seed123_C2_step6000 78 7 9 1.2279455120442435
seed123_C2_step6000 78 8 0 1.218550994002726
seed123_C2_step6000 78 8 1 1.247718921978958
seed123_C2_step6000 78 8 2 1.2538728860090487
seed123_C2_step6000 78 8 3 1.2470166500424966
seed123_C2_step6000 78 8 4 1.2349521490396
seed123_C2_step6000 78 8 5 1.2189246350317262
seed123_C2_step6000 78 8 6 1.2311577770160511
seed123_C2_step6000 78 8 7 1.2332175599876791
seed123_C2_step6000 78 8 8 1.1946423119516112
seed123_C2_step6000 78 8 9 1.2181646510143764
seed123_C2_step6000 78 9 0 1.2395499920239672
seed123_C2_step6000 78 9 1 1.2592751560150646
seed123_C2_step6000 78 9 2 1.2746898990008049
seed123_C2_step6000 78 9 3 1.2431230410002172
seed123_C2_step6000 78 9 4 1.269164344004821
seed123_C2_step6000 78 9 5 1.2355961879948154
seed123_C2_step6000 78 9 6 1.2082945759757422
seed123_C2_step6000 78 9 7 1.2119933160138316
seed123_C2_step6000 78 9 8 1.2723144799820147
seed123_C2_step6000 78 9 9 1.2412294989917427
{'model': 'seed123_C2_step6000', 'completed_pairs': 2000, 'requested_pairs': 2000, 'completed': True, 'complete_source_count': 20, 'FRD': 350.81917975203726, 'new_pairs': 2000, 'wall_seconds': 499.81530468404526}
