seed123_A_step12000 0 0 0 0.957925854017958
seed123_A_step12000 0 0 1 0.10398355999495834
seed123_A_step12000 0 0 2 0.1025924080167897
seed123_A_step12000 0 0 3 0.0988330990076065
seed123_A_step12000 0 0 4 0.10277123196283355
seed123_A_step12000 0 0 5 0.10446756199235097
seed123_A_step12000 0 0 6 0.10045264096697792
seed123_A_step12000 0 0 7 0.10243223799625412
seed123_A_step12000 0 0 8 0.10129663802217692
seed123_A_step12000 0 0 9 0.09486082900548354
seed123_A_step12000 0 1 0 0.09637646103510633
seed123_A_step12000 0 1 1 0.113567469001282
seed123_A_step12000 0 1 2 0.09021946898428723
seed123_A_step12000 0 1 3 0.09057944396045059
seed123_A_step12000 0 1 4 0.09232828399399295
seed123_A_step12000 0 1 5 0.09660905797500163
seed123_A_step12000 0 1 6 0.09686503105331212
seed123_A_step12000 0 1 7 0.09578933799639344
seed123_A_step12000 0 1 8 0.09571401198627427
seed123_A_step12000 0 1 9 0.09435917099472135
seed123_A_step12000 0 2 0 0.09640886198030785
seed123_A_step12000 0 2 1 0.09106701298151165
seed123_A_step12000 0 2 2 0.09169282804941759
seed123_A_step12000 0 2 3 0.09220499696675688
seed123_A_step12000 0 2 4 0.08856611902592704
seed123_A_step12000 0 2 5 0.10188907798146829
seed123_A_step12000 0 2 6 0.11471249302849174
seed123_A_step12000 0 2 7 0.09778757800813764
seed123_A_step12000 0 2 8 0.10207968502072617
seed123_A_step12000 0 2 9 0.09766930103069171
seed123_A_step12000 0 3 0 0.09526704897871241
seed123_A_step12000 0 3 1 0.09800347505370155
seed123_A_step12000 0 3 2 0.09765833098208532
seed123_A_step12000 0 3 3 0.0958997990237549
seed123_A_step12000 0 3 4 0.10071847902145237
seed123_A_step12000 0 3 5 0.09487995196832344
seed123_A_step12000 0 3 6 0.09143634099746123
seed123_A_step12000 0 3 7 0.09306864900281653
seed123_A_step12000 0 3 8 0.09214273298857734
seed123_A_step12000 0 3 9 0.09376986097777262
seed123_A_step12000 0 4 0 0.10990445001516491
seed123_A_step12000 0 4 1 0.10401993402047083
seed123_A_step12000 0 4 2 0.10365729499608278
seed123_A_step12000 0 4 3 0.09577953501138836
seed123_A_step12000 0 4 4 0.10235719697084278
seed123_A_step12000 0 4 5 0.10583900101482868
seed123_A_step12000 0 4 6 0.09733342996332794
seed123_A_step12000 0 4 7 0.09508777997689322
seed123_A_step12000 0 4 8 0.09531330497702584
seed123_A_step12000 0 4 9 0.09828634699806571
seed123_A_step12000 0 5 0 0.10032804397633299
seed123_A_step12000 0 5 1 0.10238266596570611
seed123_A_step12000 0 5 2 0.09766532096546143
seed123_A_step12000 0 5 3 0.10029801598284394
seed123_A_step12000 0 5 4 0.10190204798709601
seed123_A_step12000 0 5 5 0.10268448601709679
seed123_A_step12000 0 5 6 0.09789029200328514
seed123_A_step12000 0 5 7 0.09657602797960863
seed123_A_step12000 0 5 8 0.09717817901400849
seed123_A_step12000 0 5 9 0.09816092404071242
seed123_A_step12000 0 6 0 0.09741608798503876
seed123_A_step12000 0 6 1 0.09457132301758975
seed123_A_step12000 0 6 2 0.0957208689651452
seed123_A_step12000 0 6 3 0.09765106200939044
seed123_A_step12000 0 6 4 0.10420708102174103
seed123_A_step12000 0 6 5 0.09546969400253147
seed123_A_step12000 0 6 6 0.099966884998139
seed123_A_step12000 0 6 7 0.0960703520104289
seed123_A_step12000 0 6 8 0.09552435902878642
seed123_A_step12000 0 6 9 0.09357802598970011
seed123_A_step12000 0 7 0 0.1016248720115982
seed123_A_step12000 0 7 1 0.09411608398659155
seed123_A_step12000 0 7 2 0.0925115100108087
seed123_A_step12000 0 7 3 0.09186150698224083
seed123_A_step12000 0 7 4 0.09409958199830726
seed123_A_step12000 0 7 5 0.09252239903435111
seed123_A_step12000 0 7 6 0.09370173397473991
seed123_A_step12000 0 7 7 0.09599288098979741
seed123_A_step12000 0 7 8 0.09888111997861415
seed123_A_step12000 0 7 9 0.0983778489753604
seed123_A_step12000 0 8 0 0.10310002398910001
seed123_A_step12000 0 8 1 0.09598033694783226
seed123_A_step12000 0 8 2 0.09330588002922013
seed123_A_step12000 0 8 3 0.09088489302666858
seed123_A_step12000 0 8 4 0.09141618700232357
seed123_A_step12000 0 8 5 0.09345677000237629
seed123_A_step12000 0 8 6 0.09801266400609165
seed123_A_step12000 0 8 7 0.09362964297179133
seed123_A_step12000 0 8 8 0.1004991380032152
seed123_A_step12000 0 8 9 0.10245107102673501
seed123_A_step12000 0 9 0 0.09848686796613038
seed123_A_step12000 0 9 1 0.09622547798790038
seed123_A_step12000 0 9 2 0.09427751298062503
seed123_A_step12000 0 9 3 0.09951661399099976
seed123_A_step12000 0 9 4 0.09810363897122443
seed123_A_step12000 0 9 5 0.09317494597053155
seed123_A_step12000 0 9 6 0.09030387998791412
seed123_A_step12000 0 9 7 0.09043429000303149
seed123_A_step12000 0 9 8 0.09024061798118055
seed123_A_step12000 0 9 9 0.08881604101043195
seed123_A_step12000 6 0 0 0.15426728402962908
seed123_A_step12000 6 0 1 0.16331298399018124
seed123_A_step12000 6 0 2 0.13763403397751972
seed123_A_step12000 6 0 3 0.14654736901866272
seed123_A_step12000 6 0 4 0.1392602669657208
seed123_A_step12000 6 0 5 0.1478144099819474
seed123_A_step12000 6 0 6 0.15018464904278517
seed123_A_step12000 6 0 7 0.160388813004829
seed123_A_step12000 6 0 8 0.14379293704405427
seed123_A_step12000 6 0 9 0.14382718194974586
seed123_A_step12000 6 1 0 0.15775764995487407
seed123_A_step12000 6 1 1 0.1582881109789014
seed123_A_step12000 6 1 2 0.14753710298100486
seed123_A_step12000 6 1 3 0.1561137679964304
seed123_A_step12000 6 1 4 0.15911299095023423
seed123_A_step12000 6 1 5 0.1459238120005466
seed123_A_step12000 6 1 6 0.15419857599772513
seed123_A_step12000 6 1 7 0.14121401100419462
seed123_A_step12000 6 1 8 0.14759807800874114
seed123_A_step12000 6 1 9 0.1457547139725648
seed123_A_step12000 6 2 0 0.14762471901485696
seed123_A_step12000 6 2 1 0.15512299601687118
seed123_A_step12000 6 2 2 0.15920553699834272
seed123_A_step12000 6 2 3 0.15375856502214447
seed123_A_step12000 6 2 4 0.1511833270196803
seed123_A_step12000 6 2 5 0.1421118590515107
seed123_A_step12000 6 2 6 0.14932754001347348
seed123_A_step12000 6 2 7 0.14946777996374294
seed123_A_step12000 6 2 8 0.13937220704974607
seed123_A_step12000 6 2 9 0.14175813703332096
seed123_A_step12000 6 3 0 0.1457850890001282
seed123_A_step12000 6 3 1 0.14133232302265242
seed123_A_step12000 6 3 2 0.14315898501081392
seed123_A_step12000 6 3 3 0.15029704698827118
seed123_A_step12000 6 3 4 0.15013323101447895
seed123_A_step12000 6 3 5 0.15850436000619084
seed123_A_step12000 6 3 6 0.15575534000527114
seed123_A_step12000 6 3 7 0.16094996401807293
seed123_A_step12000 6 3 8 0.16049177898094058
seed123_A_step12000 6 3 9 0.14686467696446925
seed123_A_step12000 6 4 0 0.1484219689737074
seed123_A_step12000 6 4 1 0.1557127459673211
seed123_A_step12000 6 4 2 0.1466368080000393
seed123_A_step12000 6 4 3 0.15311633999226615
seed123_A_step12000 6 4 4 0.15917480800999328
seed123_A_step12000 6 4 5 0.14920522697502747
seed123_A_step12000 6 4 6 0.15886664402205497
seed123_A_step12000 6 4 7 0.16676399996504188
seed123_A_step12000 6 4 8 0.14640817500185221
seed123_A_step12000 6 4 9 0.1434764330042526
seed123_A_step12000 6 5 0 0.15153566905064508
seed123_A_step12000 6 5 1 0.1573941829847172
seed123_A_step12000 6 5 2 0.152700464008376
seed123_A_step12000 6 5 3 0.15552843600744382
seed123_A_step12000 6 5 4 0.14956780400825664
seed123_A_step12000 6 5 5 0.14723284199135378
seed123_A_step12000 6 5 6 0.152170401008334
seed123_A_step12000 6 5 7 0.14471936400514096
seed123_A_step12000 6 5 8 0.15506771497894078
seed123_A_step12000 6 5 9 0.15378455101745203
seed123_A_step12000 6 6 0 0.16075607197126374
seed123_A_step12000 6 6 1 0.15142726700287312
seed123_A_step12000 6 6 2 0.15337356901727617
seed123_A_step12000 6 6 3 0.14800811297027394
seed123_A_step12000 6 6 4 0.14549150096718222
seed123_A_step12000 6 6 5 0.1411467050202191
seed123_A_step12000 6 6 6 0.14103160199010745
seed123_A_step12000 6 6 7 0.13551751198247075
seed123_A_step12000 6 6 8 0.1362972249626182
seed123_A_step12000 6 6 9 0.13677303201984614
seed123_A_step12000 6 7 0 0.13955858204280958
seed123_A_step12000 6 7 1 0.13597614399623126
seed123_A_step12000 6 7 2 0.14811413397546858
seed123_A_step12000 6 7 3 0.15102644899161533
seed123_A_step12000 6 7 4 0.14305374899413437
seed123_A_step12000 6 7 5 0.14974820503266528
seed123_A_step12000 6 7 6 0.15066894999472424
seed123_A_step12000 6 7 7 0.1485248950193636
seed123_A_step12000 6 7 8 0.1438016290194355
seed123_A_step12000 6 7 9 0.15148487995611504
seed123_A_step12000 6 8 0 0.1526613290188834
seed123_A_step12000 6 8 1 0.14432475698413327
seed123_A_step12000 6 8 2 0.14080782694509253
seed123_A_step12000 6 8 3 0.13586182199651375
seed123_A_step12000 6 8 4 0.13919185096165165
seed123_A_step12000 6 8 5 0.13624379597604275
seed123_A_step12000 6 8 6 0.13965868903324008
seed123_A_step12000 6 8 7 0.15590591100044549
seed123_A_step12000 6 8 8 0.14508600201224908
seed123_A_step12000 6 8 9 0.14701403898652643
seed123_A_step12000 6 9 0 0.1540233030100353
seed123_A_step12000 6 9 1 0.15852863498730585
seed123_A_step12000 6 9 2 0.14929755899356678
seed123_A_step12000 6 9 3 0.15052105794893578
seed123_A_step12000 6 9 4 0.14103663299465552
seed123_A_step12000 6 9 5 0.14339911902789026
seed123_A_step12000 6 9 6 0.1392706889891997
seed123_A_step12000 6 9 7 0.14303350303089246
seed123_A_step12000 6 9 8 0.14297231298405677
seed123_A_step12000 6 9 9 0.14661295199766755
seed123_A_step12000 9 0 0 0.05333867704030126
seed123_A_step12000 9 0 1 0.04072189301950857
seed123_A_step12000 9 0 2 0.044706435000989586
seed123_A_step12000 9 0 3 0.0536468310165219
seed123_A_step12000 9 0 4 0.049104163015726954
seed123_A_step12000 9 0 5 0.051366694970056415
seed123_A_step12000 9 0 6 0.045074826979544014
seed123_A_step12000 9 0 7 0.045259972976054996
seed123_A_step12000 9 0 8 0.04505400499328971
seed123_A_step12000 9 0 9 0.04649098700610921
seed123_A_step12000 9 1 0 0.0463978560292162
seed123_A_step12000 9 1 1 0.04350639198673889
seed123_A_step12000 9 1 2 0.04339471698040143
seed123_A_step12000 9 1 3 0.043276017997413874
seed123_A_step12000 9 1 4 0.04299852199619636
seed123_A_step12000 9 1 5 0.0430458839982748
seed123_A_step12000 9 1 6 0.04304609401151538
seed123_A_step12000 9 1 7 0.043037096969783306
seed123_A_step12000 9 1 8 0.04301736899651587
seed123_A_step12000 9 1 9 0.04308928700629622
seed123_A_step12000 9 2 0 0.0431564369937405
seed123_A_step12000 9 2 1 0.04331936995731667
seed123_A_step12000 9 2 2 0.04368823202094063
seed123_A_step12000 9 2 3 0.04353462503058836
seed123_A_step12000 9 2 4 0.043091642030049115
seed123_A_step12000 9 2 5 0.044580021989531815
seed123_A_step12000 9 2 6 0.04548165900632739
seed123_A_step12000 9 2 7 0.045377739996183664
seed123_A_step12000 9 2 8 0.04843777802307159
seed123_A_step12000 9 2 9 0.04851207003230229
seed123_A_step12000 9 3 0 0.04782611900009215
seed123_A_step12000 9 3 1 0.047749379999004304
seed123_A_step12000 9 3 2 0.050198602955788374
seed123_A_step12000 9 3 3 0.046893970982637256
seed123_A_step12000 9 3 4 0.04512376897037029
seed123_A_step12000 9 3 5 0.04573792405426502
seed123_A_step12000 9 3 6 0.0471594039699994
seed123_A_step12000 9 3 7 0.046535168949048966
seed123_A_step12000 9 3 8 0.04698465601541102
seed123_A_step12000 9 3 9 0.04476799297844991
seed123_A_step12000 9 4 0 0.047763778013177216
seed123_A_step12000 9 4 1 0.05030583904590458
seed123_A_step12000 9 4 2 0.049313355004414916
seed123_A_step12000 9 4 3 0.0473499100189656
seed123_A_step12000 9 4 4 0.04567774600582197
seed123_A_step12000 9 4 5 0.049363241996616125
seed123_A_step12000 9 4 6 0.04668075998779386
seed123_A_step12000 9 4 7 0.04836333397543058
seed123_A_step12000 9 4 8 0.04650513100204989
seed123_A_step12000 9 4 9 0.04853071697289124
seed123_A_step12000 9 5 0 0.05010773701360449
seed123_A_step12000 9 5 1 0.04445812600897625
seed123_A_step12000 9 5 2 0.04829214699566364
seed123_A_step12000 9 5 3 0.0484238300123252
seed123_A_step12000 9 5 4 0.04654334601946175
seed123_A_step12000 9 5 5 0.04436336300568655
seed123_A_step12000 9 5 6 0.04325220099417493
seed123_A_step12000 9 5 7 0.044506528007332236
seed123_A_step12000 9 5 8 0.04498327703913674
seed123_A_step12000 9 5 9 0.04614600900094956
seed123_A_step12000 9 6 0 0.04445636097807437
seed123_A_step12000 9 6 1 0.047505759983323514
seed123_A_step12000 9 6 2 0.04983852698933333
seed123_A_step12000 9 6 3 0.04970700398553163
seed123_A_step12000 9 6 4 0.048218253010418266
seed123_A_step12000 9 6 5 0.047256419027689844
seed123_A_step12000 9 6 6 0.04531056800624356
seed123_A_step12000 9 6 7 0.04308968596160412
seed123_A_step12000 9 6 8 0.04609476000769064
seed123_A_step12000 9 6 9 0.044220737006980926
seed123_A_step12000 9 7 0 0.04379495600005612
seed123_A_step12000 9 7 1 0.04376769298687577
seed123_A_step12000 9 7 2 0.042120587953832
seed123_A_step12000 9 7 3 0.04479691799497232
seed123_A_step12000 9 7 4 0.046481024008244276
seed123_A_step12000 9 7 5 0.04495238699018955
seed123_A_step12000 9 7 6 0.04397238901583478
seed123_A_step12000 9 7 7 0.04178343899548054
seed123_A_step12000 9 7 8 0.04389308602549136
seed123_A_step12000 9 7 9 0.0443993320222944
seed123_A_step12000 9 8 0 0.044460749020799994
seed123_A_step12000 9 8 1 0.043443037022370845
seed123_A_step12000 9 8 2 0.043296414020005614
seed123_A_step12000 9 8 3 0.04361711296951398
seed123_A_step12000 9 8 4 0.044998656027019024
seed123_A_step12000 9 8 5 0.04742337099742144
seed123_A_step12000 9 8 6 0.04321271303342655
seed123_A_step12000 9 8 7 0.04386237502330914
seed123_A_step12000 9 8 8 0.04309016600018367
seed123_A_step12000 9 8 9 0.04388727404875681
seed123_A_step12000 9 9 0 0.043506911024451256
seed123_A_step12000 9 9 1 0.04362808301812038
seed123_A_step12000 9 9 2 0.04321209201589227
seed123_A_step12000 9 9 3 0.043734959966968745
seed123_A_step12000 9 9 4 0.04383487196173519
seed123_A_step12000 9 9 5 0.04644109698710963
seed123_A_step12000 9 9 6 0.04267582797911018
seed123_A_step12000 9 9 7 0.042361081985291094
seed123_A_step12000 9 9 8 0.04232488200068474
seed123_A_step12000 9 9 9 0.04245479201199487
seed123_A_step12000 12 0 0 0.46735771297244355
seed123_A_step12000 12 0 1 0.4641474329982884
seed123_A_step12000 12 0 2 0.45440430601593107
seed123_A_step12000 12 0 3 0.4366723310085945
seed123_A_step12000 12 0 4 0.42000740399817005
seed123_A_step12000 12 0 5 0.42183325794758275
seed123_A_step12000 12 0 6 0.4475185130140744
seed123_A_step12000 12 0 7 0.48087505699368194
seed123_A_step12000 12 0 8 0.44706082303309813
seed123_A_step12000 12 0 9 0.4450338709866628
seed123_A_step12000 12 1 0 0.4393638300243765
seed123_A_step12000 12 1 1 0.43539942300412804
seed123_A_step12000 12 1 2 0.4791624810313806
seed123_A_step12000 12 1 3 0.45928221597569063
seed123_A_step12000 12 1 4 0.4661079299985431
seed123_A_step12000 12 1 5 0.4525110180256888
seed123_A_step12000 12 1 6 0.45949000597465783
seed123_A_step12000 12 1 7 0.43832724198000506
seed123_A_step12000 12 1 8 0.45602411800064147
seed123_A_step12000 12 1 9 0.44790483702672645
seed123_A_step12000 12 2 0 0.4621194620267488
seed123_A_step12000 12 2 1 0.466427395993378
seed123_A_step12000 12 2 2 0.4595511659863405
seed123_A_step12000 12 2 3 0.45455344999209046
seed123_A_step12000 12 2 4 0.41703285300172865
seed123_A_step12000 12 2 5 0.43516866699792445
seed123_A_step12000 12 2 6 0.4522807309986092
seed123_A_step12000 12 2 7 0.4657425540499389
seed123_A_step12000 12 2 8 0.4781277169822715
seed123_A_step12000 12 2 9 0.4622565979952924
seed123_A_step12000 12 3 0 0.45936981396516785
seed123_A_step12000 12 3 1 0.46139224601211026
seed123_A_step12000 12 3 2 0.4535335980472155
seed123_A_step12000 12 3 3 0.4218504630262032
seed123_A_step12000 12 3 4 0.4662028320017271
seed123_A_step12000 12 3 5 0.45518633403116837
seed123_A_step12000 12 3 6 0.43832228402607143
seed123_A_step12000 12 3 7 0.4385591089958325
seed123_A_step12000 12 3 8 0.4203363499836996
seed123_A_step12000 12 3 9 0.42514388798736036
seed123_A_step12000 12 4 0 0.42348554503405467
seed123_A_step12000 12 4 1 0.437114012951497
seed123_A_step12000 12 4 2 0.43496121000498533
seed123_A_step12000 12 4 3 0.48364122497150674
seed123_A_step12000 12 4 4 0.45643148804083467
seed123_A_step12000 12 4 5 0.44251239602454007
seed123_A_step12000 12 4 6 0.4419651500065811
seed123_A_step12000 12 4 7 0.4347610690165311
seed123_A_step12000 12 4 8 0.45949183602351695
seed123_A_step12000 12 4 9 0.4508676870027557
seed123_A_step12000 12 5 0 0.4430479240254499
seed123_A_step12000 12 5 1 0.4318905160180293
seed123_A_step12000 12 5 2 0.44291716697625816
seed123_A_step12000 12 5 3 0.4365210759569891
seed123_A_step12000 12 5 4 0.46907308301888406
seed123_A_step12000 12 5 5 0.45847956399666145
seed123_A_step12000 12 5 6 0.4510044310009107
seed123_A_step12000 12 5 7 0.448270452034194
seed123_A_step12000 12 5 8 0.4530685030040331
seed123_A_step12000 12 5 9 0.4401690209633671
seed123_A_step12000 12 6 0 0.4501321390271187
seed123_A_step12000 12 6 1 0.4688488599495031
seed123_A_step12000 12 6 2 0.44414237898308784
seed123_A_step12000 12 6 3 0.4810905170161277
seed123_A_step12000 12 6 4 0.44954836199758574
seed123_A_step12000 12 6 5 0.44440297200344503
seed123_A_step12000 12 6 6 0.46584258100483567
seed123_A_step12000 12 6 7 0.4311176110059023
seed123_A_step12000 12 6 8 0.44871937501011416
seed123_A_step12000 12 6 9 0.44348210497992113
seed123_A_step12000 12 7 0 0.4428142469841987
seed123_A_step12000 12 7 1 0.4535276109818369
seed123_A_step12000 12 7 2 0.4386472500045784
seed123_A_step12000 12 7 3 0.44504595902981237
seed123_A_step12000 12 7 4 0.45788960001664236
seed123_A_step12000 12 7 5 0.5154556819470599
seed123_A_step12000 12 7 6 0.4599022209877148
seed123_A_step12000 12 7 7 0.45034126500831917
seed123_A_step12000 12 7 8 0.4608604109962471
seed123_A_step12000 12 7 9 0.458202228997834
seed123_A_step12000 12 8 0 0.44444851600565016
seed123_A_step12000 12 8 1 0.45099245698656887
seed123_A_step12000 12 8 2 0.4714458010275848
seed123_A_step12000 12 8 3 0.4517188819590956
seed123_A_step12000 12 8 4 0.4730796240037307
seed123_A_step12000 12 8 5 0.4465213890071027
seed123_A_step12000 12 8 6 0.4449713780195452
seed123_A_step12000 12 8 7 0.45407689397688955
seed123_A_step12000 12 8 8 0.4648193950415589
seed123_A_step12000 12 8 9 0.45360378501936793
seed123_A_step12000 12 9 0 0.4427510399837047
seed123_A_step12000 12 9 1 0.4429546159808524
seed123_A_step12000 12 9 2 0.449612207012251
seed123_A_step12000 12 9 3 0.49275452096480876
seed123_A_step12000 12 9 4 0.46795281500089914
seed123_A_step12000 12 9 5 0.45008412504103035
seed123_A_step12000 12 9 6 0.4300452969619073
seed123_A_step12000 12 9 7 0.4483220250112936
seed123_A_step12000 12 9 8 0.46002642600797117
seed123_A_step12000 12 9 9 0.44653489702614024
seed123_A_step12000 18 0 0 0.11169081798288971
seed123_A_step12000 18 0 1 0.11174701602431014
seed123_A_step12000 18 0 2 0.11370169301517308
seed123_A_step12000 18 0 3 0.10602125298464671
seed123_A_step12000 18 0 4 0.10681299801217392
seed123_A_step12000 18 0 5 0.11531737598124892
seed123_A_step12000 18 0 6 0.12560381897492334
seed123_A_step12000 18 0 7 0.11590510903624818
seed123_A_step12000 18 0 8 0.11214998201467097
seed123_A_step12000 18 0 9 0.109014899993781
seed123_A_step12000 18 1 0 0.10882954200496897
seed123_A_step12000 18 1 1 0.10833890701178461
seed123_A_step12000 18 1 2 0.10923201701370999
seed123_A_step12000 18 1 3 0.10750699398340657
seed123_A_step12000 18 1 4 0.1135677529964596
seed123_A_step12000 18 1 5 0.11288413603324443
seed123_A_step12000 18 1 6 0.10853099700761959
seed123_A_step12000 18 1 7 0.10789307701634243
seed123_A_step12000 18 1 8 0.10579598502954468
seed123_A_step12000 18 1 9 0.11151292198337615
seed123_A_step12000 18 2 0 0.12273651000577956
seed123_A_step12000 18 2 1 0.11984890600433573
seed123_A_step12000 18 2 2 0.12144688499392942
seed123_A_step12000 18 2 3 0.10822642897255719
seed123_A_step12000 18 2 4 0.10320684598991647
seed123_A_step12000 18 2 5 0.10763809503987432
seed123_A_step12000 18 2 6 0.10494832001859322
seed123_A_step12000 18 2 7 0.10358947195345536
seed123_A_step12000 18 2 8 0.10863457300001755
seed123_A_step12000 18 2 9 0.10305708600208163
seed123_A_step12000 18 3 0 0.1124376020161435
seed123_A_step12000 18 3 1 0.11177156795747578
seed123_A_step12000 18 3 2 0.10586452501593158
seed123_A_step12000 18 3 3 0.10838137596147135
seed123_A_step12000 18 3 4 0.11019276699516922
seed123_A_step12000 18 3 5 0.10902509500738233
seed123_A_step12000 18 3 6 0.10814647196093574
seed123_A_step12000 18 3 7 0.10244006500579417
seed123_A_step12000 18 3 8 0.10310343402670696
seed123_A_step12000 18 3 9 0.11070420098258182
seed123_A_step12000 18 4 0 0.1038688090047799
seed123_A_step12000 18 4 1 0.1056281590135768
seed123_A_step12000 18 4 2 0.10746175196254626
seed123_A_step12000 18 4 3 0.10757629299769178
seed123_A_step12000 18 4 4 0.10893834696616977
seed123_A_step12000 18 4 5 0.10451577400090173
seed123_A_step12000 18 4 6 0.10619409801438451
seed123_A_step12000 18 4 7 0.10811447794549167
seed123_A_step12000 18 4 8 0.11088843498146161
seed123_A_step12000 18 4 9 0.11582630901830271
seed123_A_step12000 18 5 0 0.12390529701951891
seed123_A_step12000 18 5 1 0.10656614502659068
seed123_A_step12000 18 5 2 0.10399488895200193
seed123_A_step12000 18 5 3 0.10509667301084846
seed123_A_step12000 18 5 4 0.10884416301269084
seed123_A_step12000 18 5 5 0.10530255798948929
seed123_A_step12000 18 5 6 0.10983941098675132
seed123_A_step12000 18 5 7 0.1143016800051555
seed123_A_step12000 18 5 8 0.12688884499948472
seed123_A_step12000 18 5 9 0.12230577401351184
seed123_A_step12000 18 6 0 0.1135844870004803
seed123_A_step12000 18 6 1 0.12028032104717568
seed123_A_step12000 18 6 2 0.12085958500392735
seed123_A_step12000 18 6 3 0.11183751001954079
seed123_A_step12000 18 6 4 0.10959823400480673
seed123_A_step12000 18 6 5 0.11113943404052407
seed123_A_step12000 18 6 6 0.10837742203148082
seed123_A_step12000 18 6 7 0.10902792599517852
seed123_A_step12000 18 6 8 0.10944267601007596
seed123_A_step12000 18 6 9 0.12246641202364117
seed123_A_step12000 18 7 0 0.11239022499648854
seed123_A_step12000 18 7 1 0.11256903799949214
seed123_A_step12000 18 7 2 0.11002675897907466
seed123_A_step12000 18 7 3 0.1139948449563235
seed123_A_step12000 18 7 4 0.11467675998574123
seed123_A_step12000 18 7 5 0.10824355197837576
seed123_A_step12000 18 7 6 0.10693617298966274
seed123_A_step12000 18 7 7 0.10805255500599742
seed123_A_step12000 18 7 8 0.11258918698877096
seed123_A_step12000 18 7 9 0.1083159819827415
seed123_A_step12000 18 8 0 0.1104995789937675
seed123_A_step12000 18 8 1 0.11036481900373474
seed123_A_step12000 18 8 2 0.10745722602587193
seed123_A_step12000 18 8 3 0.11078402702696621
seed123_A_step12000 18 8 4 0.10910626297118142
seed123_A_step12000 18 8 5 0.10790446796454489
seed123_A_step12000 18 8 6 0.10673750995192677
seed123_A_step12000 18 8 7 0.10889915499137715
seed123_A_step12000 18 8 8 0.1033663330017589
seed123_A_step12000 18 8 9 0.10777041799155995
seed123_A_step12000 18 9 0 0.10580355697311461
seed123_A_step12000 18 9 1 0.10533837100956589
seed123_A_step12000 18 9 2 0.11135400395141914
seed123_A_step12000 18 9 3 0.1164830579655245
seed123_A_step12000 18 9 4 0.11803136096568778
seed123_A_step12000 18 9 5 0.11070695600938052
seed123_A_step12000 18 9 6 0.11207503295736387
seed123_A_step12000 18 9 7 0.10386198695050552
seed123_A_step12000 18 9 8 0.10501170199131593
seed123_A_step12000 18 9 9 0.10778112697880715
seed123_A_step12000 22 0 0 0.018340822018217295
seed123_A_step12000 22 0 1 0.015745530021376908
seed123_A_step12000 22 0 2 0.015653684036806226
seed123_A_step12000 22 0 3 0.016436751990113407
seed123_A_step12000 22 0 4 0.01672178303124383
seed123_A_step12000 22 0 5 0.01654685498215258
seed123_A_step12000 22 0 6 0.016512528993189335
seed123_A_step12000 22 0 7 0.016706280992366374
seed123_A_step12000 22 0 8 0.016473002964630723
seed123_A_step12000 22 0 9 0.01904535898938775
seed123_A_step12000 22 1 0 0.016478071978781372
seed123_A_step12000 22 1 1 0.016068160999566317
seed123_A_step12000 22 1 2 0.015955094015225768
seed123_A_step12000 22 1 3 0.016169256006833166
seed123_A_step12000 22 1 4 0.015285914996638894
seed123_A_step12000 22 1 5 0.015597224002704024
seed123_A_step12000 22 1 6 0.016522187972441316
seed123_A_step12000 22 1 7 0.016465127002447844
seed123_A_step12000 22 1 8 0.01613666402408853
seed123_A_step12000 22 1 9 0.016085825976915658
seed123_A_step12000 22 2 0 0.01724313700105995
seed123_A_step12000 22 2 1 0.017104468017350882
seed123_A_step12000 22 2 2 0.016552525979932398
seed123_A_step12000 22 2 3 0.016491167014464736
seed123_A_step12000 22 2 4 0.01639927097130567
seed123_A_step12000 22 2 5 0.01634446397656575
seed123_A_step12000 22 2 6 0.017073389026336372
seed123_A_step12000 22 2 7 0.01602244400419295
seed123_A_step12000 22 2 8 0.016086077026557177
seed123_A_step12000 22 2 9 0.018233555019833148
seed123_A_step12000 22 3 0 0.018299351970199496
seed123_A_step12000 22 3 1 0.01869094604626298
seed123_A_step12000 22 3 2 0.018382401030976325
seed123_A_step12000 22 3 3 0.018333618005272
seed123_A_step12000 22 3 4 0.01824369397945702
seed123_A_step12000 22 3 5 0.018383363960310817
seed123_A_step12000 22 3 6 0.016631687991321087
seed123_A_step12000 22 3 7 0.018132650991901755
seed123_A_step12000 22 3 8 0.017331276030745357
seed123_A_step12000 22 3 9 0.016402056033257395
seed123_A_step12000 22 4 0 0.01805852696998045
seed123_A_step12000 22 4 1 0.017745253979228437
seed123_A_step12000 22 4 2 0.01716955500887707
seed123_A_step12000 22 4 3 0.01799311104696244
seed123_A_step12000 22 4 4 0.017219351953826845
seed123_A_step12000 22 4 5 0.01924096600851044
seed123_A_step12000 22 4 6 0.01721872901543975
seed123_A_step12000 22 4 7 0.016675641993060708
seed123_A_step12000 22 4 8 0.016646286007016897
seed123_A_step12000 22 4 9 0.016515894036274403
seed123_A_step12000 22 5 0 0.016470577975269407
seed123_A_step12000 22 5 1 0.01631236297544092
seed123_A_step12000 22 5 2 0.016297212976496667
seed123_A_step12000 22 5 3 0.01624157599871978
seed123_A_step12000 22 5 4 0.016298346046824008
seed123_A_step12000 22 5 5 0.01622926298296079
seed123_A_step12000 22 5 6 0.016253138950560242
seed123_A_step12000 22 5 7 0.01632431597681716
seed123_A_step12000 22 5 8 0.016254411020781845
seed123_A_step12000 22 5 9 0.016316169989295304
seed123_A_step12000 22 6 0 0.01625909999711439
seed123_A_step12000 22 6 1 0.016176261007785797
seed123_A_step12000 22 6 2 0.01629480900010094
seed123_A_step12000 22 6 3 0.016240344033576548
seed123_A_step12000 22 6 4 0.01620756002375856
seed123_A_step12000 22 6 5 0.016337822016794235
seed123_A_step12000 22 6 6 0.016434097022283822
seed123_A_step12000 22 6 7 0.016257687006145716
seed123_A_step12000 22 6 8 0.016225404979195446
seed123_A_step12000 22 6 9 0.016358440974727273
seed123_A_step12000 22 7 0 0.016488212044350803
seed123_A_step12000 22 7 1 0.017711198015604168
seed123_A_step12000 22 7 2 0.016339163994416595
seed123_A_step12000 22 7 3 0.01636442303424701
seed123_A_step12000 22 7 4 0.0163156790076755
seed123_A_step12000 22 7 5 0.016893952968530357
seed123_A_step12000 22 7 6 0.01979468297213316
seed123_A_step12000 22 7 7 0.0165463539888151
seed123_A_step12000 22 7 8 0.016292713989969343
seed123_A_step12000 22 7 9 0.016396935970988125
seed123_A_step12000 22 8 0 0.016699529020115733
seed123_A_step12000 22 8 1 0.019045499968342483
seed123_A_step12000 22 8 2 0.01846541097620502
seed123_A_step12000 22 8 3 0.0202965090284124
seed123_A_step12000 22 8 4 0.022474316006992012
seed123_A_step12000 22 8 5 0.016686562972608954
seed123_A_step12000 22 8 6 0.016978255996946245
seed123_A_step12000 22 8 7 0.016373760998249054
seed123_A_step12000 22 8 8 0.01644186198245734
seed123_A_step12000 22 8 9 0.016456991026643664
seed123_A_step12000 22 9 0 0.016522999037988484
seed123_A_step12000 22 9 1 0.016419629042502493
seed123_A_step12000 22 9 2 0.016462361032608896
seed123_A_step12000 22 9 3 0.01623126701451838
seed123_A_step12000 22 9 4 0.01619870401918888
seed123_A_step12000 22 9 5 0.01633707998553291
seed123_A_step12000 22 9 6 0.016572604014072567
seed123_A_step12000 22 9 7 0.01635527500184253
seed123_A_step12000 22 9 8 0.01635268097743392
seed123_A_step12000 22 9 9 0.016335987951606512
seed123_A_step12000 24 0 0 0.019000581989530474
seed123_A_step12000 24 0 1 0.018829141976311803
seed123_A_step12000 24 0 2 0.018499586964026093
seed123_A_step12000 24 0 3 0.021093606017529964
seed123_A_step12000 24 0 4 0.018116057966835797
seed123_A_step12000 24 0 5 0.018209567992016673
seed123_A_step12000 24 0 6 0.018132941040676087
seed123_A_step12000 24 0 7 0.01816304901149124
seed123_A_step12000 24 0 8 0.018487122957594693
seed123_A_step12000 24 0 9 0.018386128009296954
seed123_A_step12000 24 1 0 0.01839867199305445
seed123_A_step12000 24 1 1 0.018449469993356615
seed123_A_step12000 24 1 2 0.018457164987921715
seed123_A_step12000 24 1 3 0.01850655098678544
seed123_A_step12000 24 1 4 0.01824089902220294
seed123_A_step12000 24 1 5 0.01841406198218465
seed123_A_step12000 24 1 6 0.01873278699349612
seed123_A_step12000 24 1 7 0.019541995017789304
seed123_A_step12000 24 1 8 0.019595508987549692
seed123_A_step12000 24 1 9 0.01977078599156812
seed123_A_step12000 24 2 0 0.019809249963145703
seed123_A_step12000 24 2 1 0.01950380200287327
seed123_A_step12000 24 2 2 0.019513862032908946
seed123_A_step12000 24 2 3 0.019055307027883828
seed123_A_step12000 24 2 4 0.01874293596483767
seed123_A_step12000 24 2 5 0.019904985034372658
seed123_A_step12000 24 2 6 0.020032379950862378
seed123_A_step12000 24 2 7 0.02360795997083187
seed123_A_step12000 24 2 8 0.02091512200422585
seed123_A_step12000 24 2 9 0.019282256020233035
seed123_A_step12000 24 3 0 0.01928260497516021
seed123_A_step12000 24 3 1 0.018531998968683183
seed123_A_step12000 24 3 2 0.018460181017871946
seed123_A_step12000 24 3 3 0.018193937954492867
seed123_A_step12000 24 3 4 0.018184629967436194
seed123_A_step12000 24 3 5 0.018080549023579806
seed123_A_step12000 24 3 6 0.01823749201139435
seed123_A_step12000 24 3 7 0.018133751989807934
seed123_A_step12000 24 3 8 0.018255726958159357
seed123_A_step12000 24 3 9 0.018044490017928183
seed123_A_step12000 24 4 0 0.018221571983303875
seed123_A_step12000 24 4 1 0.018301063973922282
seed123_A_step12000 24 4 2 0.018160933977924287
seed123_A_step12000 24 4 3 0.018079306988511235
seed123_A_step12000 24 4 4 0.01864619000116363
seed123_A_step12000 24 4 5 0.021082933992147446
seed123_A_step12000 24 4 6 0.02090068400138989
seed123_A_step12000 24 4 7 0.018878526985645294
seed123_A_step12000 24 4 8 0.0196334520005621
seed123_A_step12000 24 4 9 0.019480165967252105
seed123_A_step12000 24 5 0 0.019884725043084472
seed123_A_step12000 24 5 1 0.019065127009525895
seed123_A_step12000 24 5 2 0.019808418990578502
seed123_A_step12000 24 5 3 0.019289399031549692
seed123_A_step12000 24 5 4 0.01877324504312128
seed123_A_step12000 24 5 5 0.01891313400119543
seed123_A_step12000 24 5 6 0.01854674704372883
seed123_A_step12000 24 5 7 0.01877176098059863
seed123_A_step12000 24 5 8 0.01863544899970293
seed123_A_step12000 24 5 9 0.018868678016588092
seed123_A_step12000 24 6 0 0.018885130004491657
seed123_A_step12000 24 6 1 0.01867940300144255
seed123_A_step12000 24 6 2 0.01864998700330034
seed123_A_step12000 24 6 3 0.018376399006228894
seed123_A_step12000 24 6 4 0.018418040010146797
seed123_A_step12000 24 6 5 0.018389053002465516
seed123_A_step12000 24 6 6 0.019450418010819703
seed123_A_step12000 24 6 7 0.022651367005892098
seed123_A_step12000 24 6 8 0.02169616601895541
seed123_A_step12000 24 6 9 0.018216722004581243
seed123_A_step12000 24 7 0 0.01820408704224974
seed123_A_step12000 24 7 1 0.01861989899771288
seed123_A_step12000 24 7 2 0.01856025302549824
seed123_A_step12000 24 7 3 0.01838261098600924
seed123_A_step12000 24 7 4 0.01806072099134326
seed123_A_step12000 24 7 5 0.01835351501358673
seed123_A_step12000 24 7 6 0.01822096004616469
seed123_A_step12000 24 7 7 0.018154822988435626
seed123_A_step12000 24 7 8 0.01833122200332582
seed123_A_step12000 24 7 9 0.01842570398002863
seed123_A_step12000 24 8 0 0.018439540988765657
seed123_A_step12000 24 8 1 0.019603013002779335
seed123_A_step12000 24 8 2 0.018296596012078226
seed123_A_step12000 24 8 3 0.018246921012178063
seed123_A_step12000 24 8 4 0.017980606004130095
seed123_A_step12000 24 8 5 0.01818738499423489
seed123_A_step12000 24 8 6 0.018372220976743847
seed123_A_step12000 24 8 7 0.01807274395832792
seed123_A_step12000 24 8 8 0.017946602019947022
seed123_A_step12000 24 8 9 0.01917495799716562
seed123_A_step12000 24 9 0 0.01998247398296371
seed123_A_step12000 24 9 1 0.020129818993154913
seed123_A_step12000 24 9 2 0.01993104600114748
seed123_A_step12000 24 9 3 0.01929303602082655
seed123_A_step12000 24 9 4 0.020548263972159475
seed123_A_step12000 24 9 5 0.01973348401952535
seed123_A_step12000 24 9 6 0.01988417498068884
seed123_A_step12000 24 9 7 0.018998448038473725
seed123_A_step12000 24 9 8 0.01922489400021732
seed123_A_step12000 24 9 9 0.01948097802232951
seed123_A_step12000 30 0 0 0.03225298901088536
seed123_A_step12000 30 0 1 0.03069656901061535
seed123_A_step12000 30 0 2 0.030088537954725325
seed123_A_step12000 30 0 3 0.02902492805151269
seed123_A_step12000 30 0 4 0.02932529605459422
seed123_A_step12000 30 0 5 0.029390691954176873
seed123_A_step12000 30 0 6 0.028704841039143503
seed123_A_step12000 30 0 7 0.02872815600130707
seed123_A_step12000 30 0 8 0.02871137298643589
seed123_A_step12000 30 0 9 0.028556134027894586
seed123_A_step12000 30 1 0 0.02864960499573499
seed123_A_step12000 30 1 1 0.02873798500513658
seed123_A_step12000 30 1 2 0.029804699996020645
seed123_A_step12000 30 1 3 0.030681670003104955
seed123_A_step12000 30 1 4 0.030613619019277394
seed123_A_step12000 30 1 5 0.0293000879464671
seed123_A_step12000 30 1 6 0.02906970400363207
seed123_A_step12000 30 1 7 0.0320948229636997
seed123_A_step12000 30 1 8 0.02971739205531776
seed123_A_step12000 30 1 9 0.029272133950144053
seed123_A_step12000 30 2 0 0.029157512995880097
seed123_A_step12000 30 2 1 0.02909463195828721
seed123_A_step12000 30 2 2 0.029081577027682215
seed123_A_step12000 30 2 3 0.02942978701321408
seed123_A_step12000 30 2 4 0.02885829599108547
seed123_A_step12000 30 2 5 0.030704303993843496
seed123_A_step12000 30 2 6 0.029273256950546056
seed123_A_step12000 30 2 7 0.028995972010307014
seed123_A_step12000 30 2 8 0.028680814953986555
seed123_A_step12000 30 2 9 0.029645533999428153
seed123_A_step12000 30 3 0 0.028261927014682442
seed123_A_step12000 30 3 1 0.029585788026452065
seed123_A_step12000 30 3 2 0.031663211004342884
seed123_A_step12000 30 3 3 0.028638243034947664
seed123_A_step12000 30 3 4 0.03087160602444783
seed123_A_step12000 30 3 5 0.028605939995031804
seed123_A_step12000 30 3 6 0.030079149000812322
seed123_A_step12000 30 3 7 0.03000229102326557
seed123_A_step12000 30 3 8 0.030068858992308378
seed123_A_step12000 30 3 9 0.030015406024176627
seed123_A_step12000 30 4 0 0.03130223596235737
seed123_A_step12000 30 4 1 0.030392503016628325
seed123_A_step12000 30 4 2 0.02932816097745672
seed123_A_step12000 30 4 3 0.029250261024571955
seed123_A_step12000 30 4 4 0.029392636031843722
seed123_A_step12000 30 4 5 0.029332940001040697
seed123_A_step12000 30 4 6 0.028890589019283652
seed123_A_step12000 30 4 7 0.02904257201589644
seed123_A_step12000 30 4 8 0.029091195028740913
seed123_A_step12000 30 4 9 0.028910036955494434
seed123_A_step12000 30 5 0 0.033264164987485856
seed123_A_step12000 30 5 1 0.028596721997018903
seed123_A_step12000 30 5 2 0.028771688987035304
seed123_A_step12000 30 5 3 0.029039535962510854
seed123_A_step12000 30 5 4 0.029117585974745452
seed123_A_step12000 30 5 5 0.029945991991553456
seed123_A_step12000 30 5 6 0.03008196403970942
seed123_A_step12000 30 5 7 0.029986150038894266
seed123_A_step12000 30 5 8 0.030257721955422312
seed123_A_step12000 30 5 9 0.031155102013144642
seed123_A_step12000 30 6 0 0.030167249031364918
seed123_A_step12000 30 6 1 0.031971074000466615
seed123_A_step12000 30 6 2 0.03246415499597788
seed123_A_step12000 30 6 3 0.03145079198293388
seed123_A_step12000 30 6 4 0.03085586504312232
seed123_A_step12000 30 6 5 0.031144199951086193
seed123_A_step12000 30 6 6 0.030725113989319652
seed123_A_step12000 30 6 7 0.03048494999529794
seed123_A_step12000 30 6 8 0.030377472983673215
seed123_A_step12000 30 6 9 0.029754903982393444
seed123_A_step12000 30 7 0 0.029499972995836288
seed123_A_step12000 30 7 1 0.028721732960548252
seed123_A_step12000 30 7 2 0.02838633698411286
seed123_A_step12000 30 7 3 0.028445289004594088
seed123_A_step12000 30 7 4 0.028279760968871415
seed123_A_step12000 30 7 5 0.02852572500705719
seed123_A_step12000 30 7 6 0.02858038997510448
seed123_A_step12000 30 7 7 0.02851281000766903
seed123_A_step12000 30 7 8 0.028348412946797907
seed123_A_step12000 30 7 9 0.028303016035351902
seed123_A_step12000 30 8 0 0.028413878986611962
seed123_A_step12000 30 8 1 0.028560672013554722
seed123_A_step12000 30 8 2 0.030326463980600238
seed123_A_step12000 30 8 3 0.028661035001277924
seed123_A_step12000 30 8 4 0.028574318974278867
seed123_A_step12000 30 8 5 0.028570020978804678
seed123_A_step12000 30 8 6 0.029732701019383967
seed123_A_step12000 30 8 7 0.03160208195913583
seed123_A_step12000 30 8 8 0.031800665019545704
seed123_A_step12000 30 8 9 0.028865179046988487
seed123_A_step12000 30 9 0 0.029506734979804605
seed123_A_step12000 30 9 1 0.0301510970457457
seed123_A_step12000 30 9 2 0.03220703802071512
seed123_A_step12000 30 9 3 0.03267938899807632
seed123_A_step12000 30 9 4 0.029080673994030803
seed123_A_step12000 30 9 5 0.03017205704236403
seed123_A_step12000 30 9 6 0.028497239982243627
seed123_A_step12000 30 9 7 0.028417557012289762
seed123_A_step12000 30 9 8 0.028555241005960852
seed123_A_step12000 30 9 9 0.03125889104558155
seed123_A_step12000 33 0 0 0.007185344991739839
seed123_A_step12000 33 0 1 0.006461500015575439
seed123_A_step12000 33 0 2 0.006399321020580828
seed123_A_step12000 33 0 3 0.006361918989568949
seed123_A_step12000 33 0 4 0.006363612017594278
seed123_A_step12000 33 0 5 0.006388841022271663
seed123_A_step12000 33 0 6 0.006404290965292603
seed123_A_step12000 33 0 7 0.006391374045051634
seed123_A_step12000 33 0 8 0.006405161984730512
seed123_A_step12000 33 0 9 0.006311552016995847
seed123_A_step12000 33 1 0 0.006186650018207729
seed123_A_step12000 33 1 1 0.006183665012940764
seed123_A_step12000 33 1 2 0.0061879330314695835
seed123_A_step12000 33 1 3 0.006203823955729604
seed123_A_step12000 33 1 4 0.006216147972736508
seed123_A_step12000 33 1 5 0.00619435595581308
seed123_A_step12000 33 1 6 0.006207941973116249
seed123_A_step12000 33 1 7 0.00624010298633948
seed123_A_step12000 33 1 8 0.006242258008569479
seed123_A_step12000 33 1 9 0.0062767440103925765
seed123_A_step12000 33 2 0 0.006223361997399479
seed123_A_step12000 33 2 1 0.0062376990099437535
seed123_A_step12000 33 2 2 0.006211378029547632
seed123_A_step12000 33 2 3 0.006221288000233471
seed123_A_step12000 33 2 4 0.006272094964515418
seed123_A_step12000 33 2 5 0.006261484988499433
seed123_A_step12000 33 2 6 0.006223812990356237
seed123_A_step12000 33 2 7 0.006228641024790704
seed123_A_step12000 33 2 8 0.006204354984220117
seed123_A_step12000 33 2 9 0.006237978988792747
seed123_A_step12000 33 3 0 0.006214354012627155
seed123_A_step12000 33 3 1 0.006244924035854638
seed123_A_step12000 33 3 2 0.006210686988197267
seed123_A_step12000 33 3 3 0.006234843982383609
seed123_A_step12000 33 3 4 0.006213582004420459
seed123_A_step12000 33 3 5 0.006204334960784763
seed123_A_step12000 33 3 6 0.006241777038667351
seed123_A_step12000 33 3 7 0.006256265041884035
seed123_A_step12000 33 3 8 0.00622267002472654
seed123_A_step12000 33 3 9 0.006331420037895441
seed123_A_step12000 33 4 0 0.006482370023149997
seed123_A_step12000 33 4 1 0.006412966991774738
seed123_A_step12000 33 4 2 0.006476519978605211
seed123_A_step12000 33 4 3 0.006455107009969652
seed123_A_step12000 33 4 4 0.00643295596819371
seed123_A_step12000 33 4 5 0.006445078004617244
seed123_A_step12000 33 4 6 0.006427514948882163
seed123_A_step12000 33 4 7 0.006407045992091298
seed123_A_step12000 33 4 8 0.006696833006571978
seed123_A_step12000 33 4 9 0.006445810955483466
seed123_A_step12000 33 5 0 0.006285782030317932
seed123_A_step12000 33 5 1 0.006290961988270283
seed123_A_step12000 33 5 2 0.006252166989725083
seed123_A_step12000 33 5 3 0.006285089999437332
seed123_A_step12000 33 5 4 0.006287575990427285
seed123_A_step12000 33 5 5 0.006304937996901572
seed123_A_step12000 33 5 6 0.006344043998979032
seed123_A_step12000 33 5 7 0.00628039101138711
seed123_A_step12000 33 5 8 0.006246236036531627
seed123_A_step12000 33 5 9 0.006246123986784369
seed123_A_step12000 33 6 0 0.006183234043419361
seed123_A_step12000 33 6 1 0.006180479016620666
seed123_A_step12000 33 6 2 0.006239092035684735
seed123_A_step12000 33 6 3 0.006186048965901136
seed123_A_step12000 33 6 4 0.006158155971206725
seed123_A_step12000 33 6 5 0.006153657042887062
seed123_A_step12000 33 6 6 0.0061715710326097906
seed123_A_step12000 33 6 7 0.006163016019854695
seed123_A_step12000 33 6 8 0.006217118992935866
seed123_A_step12000 33 6 9 0.006175138987600803
seed123_A_step12000 33 7 0 0.006401824997738004
seed123_A_step12000 33 7 1 0.006369212991558015
seed123_A_step12000 33 7 2 0.006373951968271285
seed123_A_step12000 33 7 3 0.006369283015374094
seed123_A_step12000 33 7 4 0.006386135995853692
seed123_A_step12000 33 7 5 0.00637508399086073
seed123_A_step12000 33 7 6 0.006397167046088725
seed123_A_step12000 33 7 7 0.0063683310290798545
seed123_A_step12000 33 7 8 0.006364384025800973
seed123_A_step12000 33 7 9 0.006352931028231978
seed123_A_step12000 33 8 0 0.006315348029602319
seed123_A_step12000 33 8 1 0.006317222025245428
seed123_A_step12000 33 8 2 0.006319426000118256
seed123_A_step12000 33 8 3 0.006302553985733539
seed123_A_step12000 33 8 4 0.006427143991459161
seed123_A_step12000 33 8 5 0.006329295982141048
seed123_A_step12000 33 8 6 0.006322913046460599
seed123_A_step12000 33 8 7 0.006328423973172903
seed123_A_step12000 33 8 8 0.006322763976640999
seed123_A_step12000 33 8 9 0.00651485298294574
seed123_A_step12000 33 9 0 0.006170840992126614
seed123_A_step12000 33 9 1 0.006181069009471685
seed123_A_step12000 33 9 2 0.006176561000756919
seed123_A_step12000 33 9 3 0.006838015979155898
seed123_A_step12000 33 9 4 0.008373896009288728
seed123_A_step12000 33 9 5 0.14510991499992087
seed123_A_step12000 33 9 6 0.006810462975408882
seed123_A_step12000 33 9 7 0.006144319020677358
seed123_A_step12000 33 9 8 0.006499873998109251
seed123_A_step12000 33 9 9 0.006106897024437785
seed123_A_step12000 36 0 0 0.007209752046037465
seed123_A_step12000 36 0 1 0.00720887997886166
seed123_A_step12000 36 0 2 0.0070204269723035395
seed123_A_step12000 36 0 3 0.007065595011226833
seed123_A_step12000 36 0 4 0.006857313041109592
seed123_A_step12000 36 0 5 0.006860007997602224
seed123_A_step12000 36 0 6 0.006867001997306943
seed123_A_step12000 36 0 7 0.0068549770512618124
seed123_A_step12000 36 0 8 0.006853807019069791
seed123_A_step12000 36 0 9 0.006852242979221046
seed123_A_step12000 36 1 0 0.006914552999660373
seed123_A_step12000 36 1 1 0.006909483985509723
seed123_A_step12000 36 1 2 0.0069668839569203556
seed123_A_step12000 36 1 3 0.006887432013172656
seed123_A_step12000 36 1 4 0.006900845968630165
seed123_A_step12000 36 1 5 0.006886538991238922
seed123_A_step12000 36 1 6 0.006924051966052502
seed123_A_step12000 36 1 7 0.006904163979925215
seed123_A_step12000 36 1 8 0.006916678044945002
seed123_A_step12000 36 1 9 0.006890597986057401
seed123_A_step12000 36 2 0 0.00687391497194767
seed123_A_step12000 36 2 1 0.0068460420006886125
seed123_A_step12000 36 2 2 0.006865076953545213
seed123_A_step12000 36 2 3 0.006868684024084359
seed123_A_step12000 36 2 4 0.0068574430188164115
seed123_A_step12000 36 2 5 0.006878804008010775
seed123_A_step12000 36 2 6 0.006883052992634475
seed123_A_step12000 36 2 7 0.006871960998978466
seed123_A_step12000 36 2 8 0.006855159008409828
seed123_A_step12000 36 2 9 0.006869677046779543
seed123_A_step12000 36 3 0 0.006884925998747349
seed123_A_step12000 36 3 1 0.006866761017590761
seed123_A_step12000 36 3 2 0.006893522979225963
seed123_A_step12000 36 3 3 0.006873563979752362
seed123_A_step12000 36 3 4 0.006887239986099303
seed123_A_step12000 36 3 5 0.006904193025548011
seed123_A_step12000 36 3 6 0.006910845986567438
seed123_A_step12000 36 3 7 0.006913180986884981
seed123_A_step12000 36 3 8 0.006937768019270152
seed123_A_step12000 36 3 9 0.009343543031718582
seed123_A_step12000 36 4 0 0.007779188978020102
seed123_A_step12000 36 4 1 0.006856410996988416
seed123_A_step12000 36 4 2 0.006850770965684205
seed123_A_step12000 36 4 3 0.006876029015984386
seed123_A_step12000 36 4 4 0.006841572991106659
seed123_A_step12000 36 4 5 0.006856491032522172
seed123_A_step12000 36 4 6 0.006858945998828858
seed123_A_step12000 36 4 7 0.006834439001977444
seed123_A_step12000 36 4 8 0.006834728992544115
seed123_A_step12000 36 4 9 0.006814860971644521
seed123_A_step12000 36 5 0 0.006661456020083278
seed123_A_step12000 36 5 1 0.006668529997114092
seed123_A_step12000 36 5 2 0.0066222199820913374
seed123_A_step12000 36 5 3 0.006684230000246316
seed123_A_step12000 36 5 4 0.006652468000538647
seed123_A_step12000 36 5 5 0.006661906954832375
seed123_A_step12000 36 5 6 0.006648009002674371
seed123_A_step12000 36 5 7 0.006648311042226851
seed123_A_step12000 36 5 8 0.006646014982834458
seed123_A_step12000 36 5 9 0.006673650001175702
seed123_A_step12000 36 6 0 0.006812856998294592
seed123_A_step12000 36 6 1 0.006814480002503842
seed123_A_step12000 36 6 2 0.0068326350301504135
seed123_A_step12000 36 6 3 0.006841361988335848
seed123_A_step12000 36 6 4 0.006819060014095157
seed123_A_step12000 36 6 5 0.006843266019131988
seed123_A_step12000 36 6 6 0.006853435013908893
seed123_A_step12000 36 6 7 0.006868884025607258
seed123_A_step12000 36 6 8 0.006835280975792557
seed123_A_step12000 36 6 9 0.006820951995905489
seed123_A_step12000 36 7 0 0.006848656048532575
seed123_A_step12000 36 7 1 0.00687175098573789
seed123_A_step12000 36 7 2 0.006851922022178769
seed123_A_step12000 36 7 3 0.00684453803114593
seed123_A_step12000 36 7 4 0.006861390022095293
seed123_A_step12000 36 7 5 0.006866289011668414
seed123_A_step12000 36 7 6 0.006841252034064382
seed123_A_step12000 36 7 7 0.006846331991255283
seed123_A_step12000 36 7 8 0.006849548022728413
seed123_A_step12000 36 7 9 0.006857233005575836
seed123_A_step12000 36 8 0 0.006672657036688179
seed123_A_step12000 36 8 1 0.006668619986157864
seed123_A_step12000 36 8 2 0.006660874001681805
seed123_A_step12000 36 8 3 0.006650394992902875
seed123_A_step12000 36 8 4 0.0066718560410663486
seed123_A_step12000 36 8 5 0.0067187060485593975
seed123_A_step12000 36 8 6 0.00663974299095571
seed123_A_step12000 36 8 7 0.006659762992057949
seed123_A_step12000 36 8 8 0.006657907972112298
seed123_A_step12000 36 8 9 0.006663540028966963
seed123_A_step12000 36 9 0 0.006961503007914871
seed123_A_step12000 36 9 1 0.0068659299868159
seed123_A_step12000 36 9 2 0.0071239270037040114
seed123_A_step12000 36 9 3 0.006872311991173774
seed123_A_step12000 36 9 4 0.006838526984211057
seed123_A_step12000 36 9 5 0.0068620729725807905
seed123_A_step12000 36 9 6 0.006997142045293003
seed123_A_step12000 36 9 7 0.007000428973697126
seed123_A_step12000 36 9 8 0.006838576984591782
seed123_A_step12000 36 9 9 0.006976383039727807
seed123_A_step12000 40 0 0 0.004280087014194578
seed123_A_step12000 40 0 1 0.004241813032422215
seed123_A_step12000 40 0 2 0.004051888012327254
seed123_A_step12000 40 0 3 0.0040403849561698735
seed123_A_step12000 40 0 4 0.004066255001816899
seed123_A_step12000 40 0 5 0.004045825975481421
seed123_A_step12000 40 0 6 0.004076905956026167
seed123_A_step12000 40 0 7 0.004060784995090216
seed123_A_step12000 40 0 8 0.004136659961659461
seed123_A_step12000 40 0 9 0.00406350998673588
seed123_A_step12000 40 1 0 0.0040477990405634046
seed123_A_step12000 40 1 1 0.004059532016981393
seed123_A_step12000 40 1 2 0.004034072044305503
seed123_A_step12000 40 1 3 0.0040703630074858665
seed123_A_step12000 40 1 4 0.004042228974867612
seed123_A_step12000 40 1 5 0.00404052494559437
seed123_A_step12000 40 1 6 0.00404870102647692
seed123_A_step12000 40 1 7 0.004051346972119063
seed123_A_step12000 40 1 8 0.004043149994686246
seed123_A_step12000 40 1 9 0.005739327985793352
seed123_A_step12000 40 2 0 0.0054424169939011335
seed123_A_step12000 40 2 1 0.004472937958780676
seed123_A_step12000 40 2 2 0.00395991001278162
seed123_A_step12000 40 2 3 0.0039434589562006295
seed123_A_step12000 40 2 4 0.003937205998227
seed123_A_step12000 40 2 5 0.003930673003196716
seed123_A_step12000 40 2 6 0.003939721034839749
seed123_A_step12000 40 2 7 0.0039431279874406755
seed123_A_step12000 40 2 8 0.003949609992559999
seed123_A_step12000 40 2 9 0.003934460983145982
seed123_A_step12000 40 3 0 0.004047598980832845
seed123_A_step12000 40 3 1 0.0040464469930157065
seed123_A_step12000 40 3 2 0.00403928296873346
seed123_A_step12000 40 3 3 0.004042710002977401
seed123_A_step12000 40 3 4 0.00409020105144009
seed123_A_step12000 40 3 5 0.0040460649761371315
seed123_A_step12000 40 3 6 0.004047858994454145
seed123_A_step12000 40 3 7 0.004050976014696062
seed123_A_step12000 40 3 8 0.004032930999528617
seed123_A_step12000 40 3 9 0.00403398199705407
seed123_A_step12000 40 4 0 0.004053811018820852
seed123_A_step12000 40 4 1 0.004031808988656849
seed123_A_step12000 40 4 2 0.004058750986587256
seed123_A_step12000 40 4 3 0.004048710979986936
seed123_A_step12000 40 4 4 0.004050986026413739
seed123_A_step12000 40 4 5 0.00403967296006158
seed123_A_step12000 40 4 6 0.004042678978294134
seed123_A_step12000 40 4 7 0.004036487021949142
seed123_A_step12000 40 4 8 0.004015668004285544
seed123_A_step12000 40 4 9 0.004031457006931305
seed123_A_step12000 40 5 0 0.0040721159894019365
seed123_A_step12000 40 5 1 0.0040504049975425005
seed123_A_step12000 40 5 2 0.004073267977219075
seed123_A_step12000 40 5 3 0.004049543000292033
seed123_A_step12000 40 5 4 0.004045495006721467
seed123_A_step12000 40 5 5 0.0040598929626867175
seed123_A_step12000 40 5 6 0.004064241016749293
seed123_A_step12000 40 5 7 0.004054512013681233
seed123_A_step12000 40 5 8 0.004050785966683179
seed123_A_step12000 40 5 9 0.004065793997142464
seed123_A_step12000 40 6 0 0.004029864969197661
seed123_A_step12000 40 6 1 0.00403485499555245
seed123_A_step12000 40 6 2 0.004030988027807325
seed123_A_step12000 40 6 3 0.004039293038658798
seed123_A_step12000 40 6 4 0.0040275800274685025
seed123_A_step12000 40 6 5 0.004028010996989906
seed123_A_step12000 40 6 6 0.0040421090088784695
seed123_A_step12000 40 6 7 0.004030034993775189
seed123_A_step12000 40 6 8 0.004020957974717021
seed123_A_step12000 40 6 9 0.004030295996926725
seed123_A_step12000 40 7 0 0.003937486035283655
seed123_A_step12000 40 7 1 0.003957685956265777
seed123_A_step12000 40 7 2 0.003928660007659346
seed123_A_step12000 40 7 3 0.0039711910067126155
seed123_A_step12000 40 7 4 0.003915563982445747
seed123_A_step12000 40 7 5 0.003915713983587921
seed123_A_step12000 40 7 6 0.003938228997867554
seed123_A_step12000 40 7 7 0.003925594035536051
seed123_A_step12000 40 7 8 0.003945172007661313
seed123_A_step12000 40 7 9 0.003928279969841242
seed123_A_step12000 40 8 0 0.004039122024551034
seed123_A_step12000 40 8 1 0.004065121989697218
seed123_A_step12000 40 8 2 0.00404085498303175
seed123_A_step12000 40 8 3 0.004061437037307769
seed123_A_step12000 40 8 4 0.004097064025700092
seed123_A_step12000 40 8 5 0.004066494992002845
seed123_A_step12000 40 8 6 0.004081805003806949
seed123_A_step12000 40 8 7 0.00412040000082925
seed123_A_step12000 40 8 8 0.004077135003171861
seed123_A_step12000 40 8 9 0.00406425102846697
seed123_A_step12000 40 9 0 0.004001088964287192
seed123_A_step12000 40 9 1 0.003968206001445651
seed123_A_step12000 40 9 2 0.003980649984441698
seed123_A_step12000 40 9 3 0.003994747006800026
seed123_A_step12000 40 9 4 0.003950682992581278
seed123_A_step12000 40 9 5 0.003984907001722604
seed123_A_step12000 40 9 6 0.003954509971663356
seed123_A_step12000 40 9 7 0.0039709320408292115
seed123_A_step12000 40 9 8 0.003969347977545112
seed123_A_step12000 40 9 9 0.003969789016991854
seed123_A_step12000 47 0 0 0.0669448819826357
seed123_A_step12000 47 0 1 0.06480799400014803
seed123_A_step12000 47 0 2 0.06736695498693734
seed123_A_step12000 47 0 3 0.06410760304424912
seed123_A_step12000 47 0 4 0.0647375580156222
seed123_A_step12000 47 0 5 0.06458716798806563
seed123_A_step12000 47 0 6 0.07822934299474582
seed123_A_step12000 47 0 7 0.0647041029878892
seed123_A_step12000 47 0 8 0.0690216519869864
seed123_A_step12000 47 0 9 0.06151782302185893
seed123_A_step12000 47 1 0 0.060193171026185155
seed123_A_step12000 47 1 1 0.06336687703151256
seed123_A_step12000 47 1 2 0.05933811399154365
seed123_A_step12000 47 1 3 0.05947043898049742
seed123_A_step12000 47 1 4 0.05963672901270911
seed123_A_step12000 47 1 5 0.059489025035873055
seed123_A_step12000 47 1 6 0.059630497999023646
seed123_A_step12000 47 1 7 0.06081983895273879
seed123_A_step12000 47 1 8 0.06552292098058388
seed123_A_step12000 47 1 9 0.06070237199310213
seed123_A_step12000 47 2 0 0.06175324600189924
seed123_A_step12000 47 2 1 0.06083019799552858
seed123_A_step12000 47 2 2 0.06430835003266111
seed123_A_step12000 47 2 3 0.06383095000637695
seed123_A_step12000 47 2 4 0.06482570600928739
seed123_A_step12000 47 2 5 0.06140175904147327
seed123_A_step12000 47 2 6 0.05992544395849109
seed123_A_step12000 47 2 7 0.06269747600890696
seed123_A_step12000 47 2 8 0.07051530899479985
seed123_A_step12000 47 2 9 0.07506922300672159
seed123_A_step12000 47 3 0 0.060135899984743446
seed123_A_step12000 47 3 1 0.06080573098734021
seed123_A_step12000 47 3 2 0.06774794700322673
seed123_A_step12000 47 3 3 0.06450437702005729
seed123_A_step12000 47 3 4 0.06058574595954269
seed123_A_step12000 47 3 5 0.06694400700507686
seed123_A_step12000 47 3 6 0.06565751699963585
seed123_A_step12000 47 3 7 0.06096466595772654
seed123_A_step12000 47 3 8 0.061166795960161835
seed123_A_step12000 47 3 9 0.062116986024193466
seed123_A_step12000 47 4 0 0.06084458500845358
seed123_A_step12000 47 4 1 0.06394978804746643
seed123_A_step12000 47 4 2 0.062054304988123477
seed123_A_step12000 47 4 3 0.061933062970638275
seed123_A_step12000 47 4 4 0.0744521240121685
seed123_A_step12000 47 4 5 0.059957876976113766
seed123_A_step12000 47 4 6 0.06195520400069654
seed123_A_step12000 47 4 7 0.06312497897306457
seed123_A_step12000 47 4 8 0.06053957698168233
seed123_A_step12000 47 4 9 0.06067694100784138
seed123_A_step12000 47 5 0 0.06322560203261673
seed123_A_step12000 47 5 1 0.06053553899982944
seed123_A_step12000 47 5 2 0.062216437014285475
seed123_A_step12000 47 5 3 0.06249021599069238
seed123_A_step12000 47 5 4 0.06094590900465846
seed123_A_step12000 47 5 5 0.060896093025803566
seed123_A_step12000 47 5 6 0.061335750040598214
seed123_A_step12000 47 5 7 0.06179222004720941
seed123_A_step12000 47 5 8 0.06124216003809124
seed123_A_step12000 47 5 9 0.06522724899696186
seed123_A_step12000 47 6 0 0.06625826499657705
seed123_A_step12000 47 6 1 0.06588555703638121
seed123_A_step12000 47 6 2 0.06310279498575255
seed123_A_step12000 47 6 3 0.0616289849858731
seed123_A_step12000 47 6 4 0.061005142983049154
seed123_A_step12000 47 6 5 0.059822715003974736
seed123_A_step12000 47 6 6 0.05977621499914676
seed123_A_step12000 47 6 7 0.06440215796465054
seed123_A_step12000 47 6 8 0.060991726990323514
seed123_A_step12000 47 6 9 0.06248619599500671
seed123_A_step12000 47 7 0 0.06263925100211054
seed123_A_step12000 47 7 1 0.06749285204568878
seed123_A_step12000 47 7 2 0.06672808900475502
seed123_A_step12000 47 7 3 0.06494968297192827
seed123_A_step12000 47 7 4 0.061707285000011325
seed123_A_step12000 47 7 5 0.06219578703166917
seed123_A_step12000 47 7 6 0.059854075021576136
seed123_A_step12000 47 7 7 0.05973002500832081
seed123_A_step12000 47 7 8 0.062126873002853245
seed123_A_step12000 47 7 9 0.06057889200747013
seed123_A_step12000 47 8 0 0.06071729800896719
seed123_A_step12000 47 8 1 0.060795398021582514
seed123_A_step12000 47 8 2 0.06021440803306177
seed123_A_step12000 47 8 3 0.059960559010505676
seed123_A_step12000 47 8 4 0.07361451699398458
seed123_A_step12000 47 8 5 0.06241522799246013
seed123_A_step12000 47 8 6 0.06301773898303509
seed123_A_step12000 47 8 7 0.062601025972981
seed123_A_step12000 47 8 8 0.06304323900258169
seed123_A_step12000 47 8 9 0.0631687410059385
seed123_A_step12000 47 9 0 0.06221440201625228
seed123_A_step12000 47 9 1 0.06546198902651668
seed123_A_step12000 47 9 2 0.06765545497182757
seed123_A_step12000 47 9 3 0.06710732902865857
seed123_A_step12000 47 9 4 0.06603394099511206
seed123_A_step12000 47 9 5 0.059533675957936794
seed123_A_step12000 47 9 6 0.06005655403714627
seed123_A_step12000 47 9 7 0.06049350602552295
seed123_A_step12000 47 9 8 0.05979642202146351
seed123_A_step12000 47 9 9 0.06340321199968457
seed123_A_step12000 51 0 0 0.02381779096322134
seed123_A_step12000 51 0 1 0.022813234012573957
seed123_A_step12000 51 0 2 0.022248877037782222
seed123_A_step12000 51 0 3 0.022187830007169396
seed123_A_step12000 51 0 4 0.022158625011797994
seed123_A_step12000 51 0 5 0.02300998300779611
seed123_A_step12000 51 0 6 0.022240741993300617
seed123_A_step12000 51 0 7 0.02225291496142745
seed123_A_step12000 51 0 8 0.02225297602126375
seed123_A_step12000 51 0 9 0.022260439989622682
seed123_A_step12000 51 1 0 0.022466427006293088
seed123_A_step12000 51 1 1 0.022376534005161375
seed123_A_step12000 51 1 2 0.022557241027243435
seed123_A_step12000 51 1 3 0.022513978998176754
seed123_A_step12000 51 1 4 0.022498960024677217
seed123_A_step12000 51 1 5 0.022491385985631496
seed123_A_step12000 51 1 6 0.022481796971987933
seed123_A_step12000 51 1 7 0.022706438961904496
seed123_A_step12000 51 1 8 0.022554776980541646
seed123_A_step12000 51 1 9 0.022748520015738904
seed123_A_step12000 51 2 0 0.022584164049476385
seed123_A_step12000 51 2 1 0.022502375999465585
seed123_A_step12000 51 2 2 0.022904932033270597
seed123_A_step12000 51 2 3 0.022607547987718135
seed123_A_step12000 51 2 4 0.02252146298997104
seed123_A_step12000 51 2 5 0.02243837295100093
seed123_A_step12000 51 2 6 0.022468661016318947
seed123_A_step12000 51 2 7 0.022538354969583452
seed123_A_step12000 51 2 8 0.022601426986511797
seed123_A_step12000 51 2 9 0.022464663023129106
seed123_A_step12000 51 3 0 0.02422252099495381
seed123_A_step12000 51 3 1 0.02292518096510321
seed123_A_step12000 51 3 2 0.023633575008716434
seed123_A_step12000 51 3 3 0.02552892704261467
seed123_A_step12000 51 3 4 0.022773709031753242
seed123_A_step12000 51 3 5 0.025299746019300073
seed123_A_step12000 51 3 6 0.02530268201371655
seed123_A_step12000 51 3 7 0.023175202019046992
seed123_A_step12000 51 3 8 0.02397370000835508
seed123_A_step12000 51 3 9 0.02396444301120937
seed123_A_step12000 51 4 0 0.024584637954831123
seed123_A_step12000 51 4 1 0.0228754939744249
seed123_A_step12000 51 4 2 0.022705496987327933
seed123_A_step12000 51 4 3 0.022467719041742384
seed123_A_step12000 51 4 4 0.022484761953819543
seed123_A_step12000 51 4 5 0.02269240195164457
seed123_A_step12000 51 4 6 0.022580896969884634
seed123_A_step12000 51 4 7 0.022530871035996825
seed123_A_step12000 51 4 8 0.022990525991190225
seed123_A_step12000 51 4 9 0.022627576952800155
seed123_A_step12000 51 5 0 0.02257855300558731
seed123_A_step12000 51 5 1 0.022510823037009686
seed123_A_step12000 51 5 2 0.022469972958788276
seed123_A_step12000 51 5 3 0.02251526096370071
seed123_A_step12000 51 5 4 0.022726908035110682
seed123_A_step12000 51 5 5 0.0239448850043118
seed123_A_step12000 51 5 6 0.02391268400242552
seed123_A_step12000 51 5 7 0.024591119959950447
seed123_A_step12000 51 5 8 0.024302955018356442
seed123_A_step12000 51 5 9 0.024546895001549274
seed123_A_step12000 51 6 0 0.02452159603126347
seed123_A_step12000 51 6 1 0.024377338006161153
seed123_A_step12000 51 6 2 0.02315444202395156
seed123_A_step12000 51 6 3 0.02429640298942104
seed123_A_step12000 51 6 4 0.024140563036780804
seed123_A_step12000 51 6 5 0.023856815008912235
seed123_A_step12000 51 6 6 0.0229562510503456
seed123_A_step12000 51 6 7 0.022878370014950633
seed123_A_step12000 51 6 8 0.024776347971055657
seed123_A_step12000 51 6 9 0.02245600597234443
seed123_A_step12000 51 7 0 0.022758419043384492
seed123_A_step12000 51 7 1 0.022846077976282686
seed123_A_step12000 51 7 2 0.023267980956006795
seed123_A_step12000 51 7 3 0.023218224989250302
seed123_A_step12000 51 7 4 0.022573322989046574
seed123_A_step12000 51 7 5 0.022592359979171306
seed123_A_step12000 51 7 6 0.02248118503484875
seed123_A_step12000 51 7 7 0.022563242993783206
seed123_A_step12000 51 7 8 0.022480164014268667
seed123_A_step12000 51 7 9 0.023002219037152827
seed123_A_step12000 51 8 0 0.022888841049280018
seed123_A_step12000 51 8 1 0.02268483699299395
seed123_A_step12000 51 8 2 0.022923115990124643
seed123_A_step12000 51 8 3 0.023080899962224066
seed123_A_step12000 51 8 4 0.022939176997169852
seed123_A_step12000 51 8 5 0.02291640400653705
seed123_A_step12000 51 8 6 0.0258184049744159
seed123_A_step12000 51 8 7 0.02288531302474439
seed123_A_step12000 51 8 8 0.022716558014508337
seed123_A_step12000 51 8 9 0.024068131984677166
seed123_A_step12000 51 9 0 0.022590174979995936
seed123_A_step12000 51 9 1 0.02235068299341947
seed123_A_step12000 51 9 2 0.02230983501067385
seed123_A_step12000 51 9 3 0.022386682976502925
seed123_A_step12000 51 9 4 0.022308111016172916
seed123_A_step12000 51 9 5 0.022337557980790734
seed123_A_step12000 51 9 6 0.02262794697890058
seed123_A_step12000 51 9 7 0.02267098001902923
seed123_A_step12000 51 9 8 0.022739372972864658
seed123_A_step12000 51 9 9 0.022478269005659968
seed123_A_step12000 52 0 0 0.8626408270210959
seed123_A_step12000 52 0 1 0.8960852629970759
seed123_A_step12000 52 0 2 0.8349043269990943
seed123_A_step12000 52 0 3 0.800888660014607
seed123_A_step12000 52 0 4 0.8162568210391328
seed123_A_step12000 52 0 5 0.8196224170387723
seed123_A_step12000 52 0 6 0.8468121130135842
seed123_A_step12000 52 0 7 0.8486808749730699
seed123_A_step12000 52 0 8 0.8650829769903794
seed123_A_step12000 52 0 9 0.8489227420068346
seed123_A_step12000 52 1 0 0.8603688029688783
seed123_A_step12000 52 1 1 0.9017191989696585
seed123_A_step12000 52 1 2 0.8675205939798616
seed123_A_step12000 52 1 3 0.8325802789768204
seed123_A_step12000 52 1 4 0.8488297460135072
seed123_A_step12000 52 1 5 0.8558826349908486
seed123_A_step12000 52 1 6 0.8729983189841732
seed123_A_step12000 52 1 7 0.8621697569615208
seed123_A_step12000 52 1 8 0.8283392129815184
seed123_A_step12000 52 1 9 0.8321570500265807
seed123_A_step12000 52 2 0 0.8220791970379651
seed123_A_step12000 52 2 1 0.8592382650240324
seed123_A_step12000 52 2 2 0.8295473069883883
seed123_A_step12000 52 2 3 0.877009650983382
seed123_A_step12000 52 2 4 0.9312862529768609
seed123_A_step12000 52 2 5 0.8661239799694158
seed123_A_step12000 52 2 6 0.8333524200133979
seed123_A_step12000 52 2 7 0.8463587070000358
seed123_A_step12000 52 2 8 0.8121152819949202
seed123_A_step12000 52 2 9 0.8903220900101587
seed123_A_step12000 52 3 0 0.8906445809989236
seed123_A_step12000 52 3 1 0.8948747389949858
seed123_A_step12000 52 3 2 0.8555300180451013
seed123_A_step12000 52 3 3 0.8685517939738929
seed123_A_step12000 52 3 4 0.8386309269699268
seed123_A_step12000 52 3 5 0.8740382649702951
seed123_A_step12000 52 3 6 0.9294296969892457
seed123_A_step12000 52 3 7 0.8671875490108505
seed123_A_step12000 52 3 8 0.8641874809982255
seed123_A_step12000 52 3 9 0.8635216880356893
seed123_A_step12000 52 4 0 0.8428570039686747
seed123_A_step12000 52 4 1 0.8616579310037196
seed123_A_step12000 52 4 2 0.9002882319618948
seed123_A_step12000 52 4 3 0.8479546679882333
seed123_A_step12000 52 4 4 0.8533403320470825
seed123_A_step12000 52 4 5 0.8761570529895835
seed123_A_step12000 52 4 6 0.8831714839907363
seed123_A_step12000 52 4 7 0.8446075629908592
seed123_A_step12000 52 4 8 0.8763696849928237
seed123_A_step12000 52 4 9 0.8648567199707031
seed123_A_step12000 52 5 0 0.8586707360227592
seed123_A_step12000 52 5 1 0.8141030530096032
seed123_A_step12000 52 5 2 0.88360844302224
seed123_A_step12000 52 5 3 0.8655986629892141
seed123_A_step12000 52 5 4 0.8672230840311386
seed123_A_step12000 52 5 5 0.8557676399941556
seed123_A_step12000 52 5 6 0.8262323530507274
seed123_A_step12000 52 5 7 0.8256426700390875
seed123_A_step12000 52 5 8 0.8237969470210373
seed123_A_step12000 52 5 9 0.8644740160088986
seed123_A_step12000 52 6 0 0.8737361060339026
seed123_A_step12000 52 6 1 0.8496975779999048
seed123_A_step12000 52 6 2 0.8364673169562593
seed123_A_step12000 52 6 3 0.8524215169600211
seed123_A_step12000 52 6 4 0.8513477810192853
seed123_A_step12000 52 6 5 0.8252076369826682
seed123_A_step12000 52 6 6 0.8542179919895716
seed123_A_step12000 52 6 7 0.9298011459759437
seed123_A_step12000 52 6 8 0.8755498890532181
seed123_A_step12000 52 6 9 0.8613390909740701
seed123_A_step12000 52 7 0 0.82649141701404
seed123_A_step12000 52 7 1 0.8456827910267748
seed123_A_step12000 52 7 2 0.8523323099943809
seed123_A_step12000 52 7 3 0.8775952760479413
seed123_A_step12000 52 7 4 0.8613883329671808
seed123_A_step12000 52 7 5 0.8496455290005542
seed123_A_step12000 52 7 6 0.81916433601873
seed123_A_step12000 52 7 7 0.8456414410029538
seed123_A_step12000 52 7 8 0.9043083500000648
seed123_A_step12000 52 7 9 0.8952810139744543
seed123_A_step12000 52 8 0 0.862181471020449
seed123_A_step12000 52 8 1 0.8572479999857023
seed123_A_step12000 52 8 2 0.8115621270262636
seed123_A_step12000 52 8 3 0.8472086389665492
seed123_A_step12000 52 8 4 0.9082025660318322
seed123_A_step12000 52 8 5 0.8654295629821718
seed123_A_step12000 52 8 6 0.8653042140067555
seed123_A_step12000 52 8 7 0.8769713339861482
seed123_A_step12000 52 8 8 0.8747435139957815
seed123_A_step12000 52 8 9 0.8837441089563072
seed123_A_step12000 52 9 0 0.83884889195906
seed123_A_step12000 52 9 1 0.8754990340094082
seed123_A_step12000 52 9 2 0.9099954470293596
seed123_A_step12000 52 9 3 0.8345376159995794
seed123_A_step12000 52 9 4 0.8302109549986199
seed123_A_step12000 52 9 5 0.8550811620079912
seed123_A_step12000 52 9 6 0.8154946799622849
seed123_A_step12000 52 9 7 0.8144795990083367
seed123_A_step12000 52 9 8 0.8398308700416237
seed123_A_step12000 52 9 9 0.8743654350400902
seed123_A_step12000 56 0 0 0.01905007497407496
seed123_A_step12000 56 0 1 0.018123150046449155
seed123_A_step12000 56 0 2 0.01827320799930021
seed123_A_step12000 56 0 3 0.018230756977573037
seed123_A_step12000 56 0 4 0.01823456399142742
seed123_A_step12000 56 0 5 0.018116835970431566
seed123_A_step12000 56 0 6 0.018183826992753893
seed123_A_step12000 56 0 7 0.018228492990601808
seed123_A_step12000 56 0 8 0.01826146600069478
seed123_A_step12000 56 0 9 0.018204626045189798
seed123_A_step12000 56 1 0 0.01833684096345678
seed123_A_step12000 56 1 1 0.018291082000359893
seed123_A_step12000 56 1 2 0.018715479993261397
seed123_A_step12000 56 1 3 0.01837620697915554
seed123_A_step12000 56 1 4 0.018224454019218683
seed123_A_step12000 56 1 5 0.01820760197006166
seed123_A_step12000 56 1 6 0.018259681994095445
seed123_A_step12000 56 1 7 0.018399661988951266
seed123_A_step12000 56 1 8 0.018183175008744
seed123_A_step12000 56 1 9 0.018159529950935394
seed123_A_step12000 56 2 0 0.018246997031383216
seed123_A_step12000 56 2 1 0.018463495012838393
seed123_A_step12000 56 2 2 0.018168587994296104
seed123_A_step12000 56 2 3 0.018183054984547198
seed123_A_step12000 56 2 4 0.019188331032637507
seed123_A_step12000 56 2 5 0.01810004498111084
seed123_A_step12000 56 2 6 0.019047179026529193
seed123_A_step12000 56 2 7 0.018210898037068546
seed123_A_step12000 56 2 8 0.018093221995513886
seed123_A_step12000 56 2 9 0.01812995196087286
seed123_A_step12000 56 3 0 0.018129311967641115
seed123_A_step12000 56 3 1 0.01891314098611474
seed123_A_step12000 56 3 2 0.019030125986319035
seed123_A_step12000 56 3 3 0.019852829980663955
seed123_A_step12000 56 3 4 0.019759589980822057
seed123_A_step12000 56 3 5 0.01935865799896419
seed123_A_step12000 56 3 6 0.019445776008069515
seed123_A_step12000 56 3 7 0.01948781800456345
seed123_A_step12000 56 3 8 0.019651331997010857
seed123_A_step12000 56 3 9 0.01847534696571529
seed123_A_step12000 56 4 0 0.018124422000255436
seed123_A_step12000 56 4 1 0.017918084049597383
seed123_A_step12000 56 4 2 0.01773691497510299
seed123_A_step12000 56 4 3 0.017825777002144605
seed123_A_step12000 56 4 4 0.017731325002387166
seed123_A_step12000 56 4 5 0.017634278046898544
seed123_A_step12000 56 4 6 0.017333908996079117
seed123_A_step12000 56 4 7 0.017444793018512428
seed123_A_step12000 56 4 8 0.017357595032081008
seed123_A_step12000 56 4 9 0.017516752006486058
seed123_A_step12000 56 5 0 0.017580594983883202
seed123_A_step12000 56 5 1 0.017592737975064665
seed123_A_step12000 56 5 2 0.017604601045604795
seed123_A_step12000 56 5 3 0.01768045697826892
seed123_A_step12000 56 5 4 0.017616624012589455
seed123_A_step12000 56 5 5 0.017597306985408068
seed123_A_step12000 56 5 6 0.01733634399715811
seed123_A_step12000 56 5 7 0.01773081294959411
seed123_A_step12000 56 5 8 0.01749612099956721
seed123_A_step12000 56 5 9 0.01931544503895566
seed123_A_step12000 56 6 0 0.020233082002960145
seed123_A_step12000 56 6 1 0.020448277005925775
seed123_A_step12000 56 6 2 0.02043018100084737
seed123_A_step12000 56 6 3 0.020400855981279165
seed123_A_step12000 56 6 4 0.02175526396604255
seed123_A_step12000 56 6 5 0.018653229984920472
seed123_A_step12000 56 6 6 0.018440460960846394
seed123_A_step12000 56 6 7 0.019320555962622166
seed123_A_step12000 56 6 8 0.020640116010326892
seed123_A_step12000 56 6 9 0.018919591966550797
seed123_A_step12000 56 7 0 0.019783546042162925
seed123_A_step12000 56 7 1 0.018462032021488994
seed123_A_step12000 56 7 2 0.018043004965875298
seed123_A_step12000 56 7 3 0.018354064028244466
seed123_A_step12000 56 7 4 0.01794814196182415
seed123_A_step12000 56 7 5 0.019771422958001494
seed123_A_step12000 56 7 6 0.01810230902628973
seed123_A_step12000 56 7 7 0.018264321028254926
seed123_A_step12000 56 7 8 0.018098701955750585
seed123_A_step12000 56 7 9 0.01814911898691207
seed123_A_step12000 56 8 0 0.022336011985316873
seed123_A_step12000 56 8 1 0.018187634006608278
seed123_A_step12000 56 8 2 0.018186069966759533
seed123_A_step12000 56 8 3 0.018288708000909537
seed123_A_step12000 56 8 4 0.01800026197452098
seed123_A_step12000 56 8 5 0.01834728999529034
seed123_A_step12000 56 8 6 0.01799959095660597
seed123_A_step12000 56 8 7 0.018323645053897053
seed123_A_step12000 56 8 8 0.01870594103820622
seed123_A_step12000 56 8 9 0.019281640008557588
seed123_A_step12000 56 9 0 0.018389923963695765
seed123_A_step12000 56 9 1 0.019404826976824552
seed123_A_step12000 56 9 2 0.020364866009913385
seed123_A_step12000 56 9 3 0.019467557955067605
seed123_A_step12000 56 9 4 0.019608278991654515
seed123_A_step12000 56 9 5 0.019690405984874815
seed123_A_step12000 56 9 6 0.02080091496463865
seed123_A_step12000 56 9 7 0.02377134596463293
seed123_A_step12000 56 9 8 0.022774545999709517
seed123_A_step12000 56 9 9 0.0213864219840616
seed123_A_step12000 62 0 0 0.2890683169825934
seed123_A_step12000 62 0 1 0.281048392993398
seed123_A_step12000 62 0 2 0.29793870699359104
seed123_A_step12000 62 0 3 0.2794223700184375
seed123_A_step12000 62 0 4 0.28334472299320623
seed123_A_step12000 62 0 5 0.2917276850203052
seed123_A_step12000 62 0 6 0.28440176497679204
seed123_A_step12000 62 0 7 0.3122931429534219
seed123_A_step12000 62 0 8 0.30547076603397727
seed123_A_step12000 62 0 9 0.3015509470133111
seed123_A_step12000 62 1 0 0.29984835599316284
seed123_A_step12000 62 1 1 0.3265719850314781
seed123_A_step12000 62 1 2 0.29494492296362296
seed123_A_step12000 62 1 3 0.27830222400370985
seed123_A_step12000 62 1 4 0.29319052200298756
seed123_A_step12000 62 1 5 0.30114587099524215
seed123_A_step12000 62 1 6 0.2905325510073453
seed123_A_step12000 62 1 7 0.2959481690195389
seed123_A_step12000 62 1 8 0.2875353699782863
seed123_A_step12000 62 1 9 0.2965938609559089
seed123_A_step12000 62 2 0 0.28412862605182454
seed123_A_step12000 62 2 1 0.2875125030404888
seed123_A_step12000 62 2 2 0.2912880220101215
seed123_A_step12000 62 2 3 0.30670095898676664
seed123_A_step12000 62 2 4 0.2838528429856524
seed123_A_step12000 62 2 5 0.2975321130361408
seed123_A_step12000 62 2 6 0.2820418829796836
seed123_A_step12000 62 2 7 0.2987252369639464
seed123_A_step12000 62 2 8 0.309055047982838
seed123_A_step12000 62 2 9 0.2876039519906044
seed123_A_step12000 62 3 0 0.28205309103941545
seed123_A_step12000 62 3 1 0.302778659039177
seed123_A_step12000 62 3 2 0.2863512870389968
seed123_A_step12000 62 3 3 0.28297257801750675
seed123_A_step12000 62 3 4 0.3094737170031294
seed123_A_step12000 62 3 5 0.2786949619767256
seed123_A_step12000 62 3 6 0.27457287296419963
seed123_A_step12000 62 3 7 0.28884930995991454
seed123_A_step12000 62 3 8 0.2926974900183268
seed123_A_step12000 62 3 9 0.28684607398463413
seed123_A_step12000 62 4 0 0.2793204900226556
seed123_A_step12000 62 4 1 0.3032752650324255
seed123_A_step12000 62 4 2 0.2880727919982746
seed123_A_step12000 62 4 3 0.27525800600415096
seed123_A_step12000 62 4 4 0.30156977800652385
seed123_A_step12000 62 4 5 0.2824859319953248
seed123_A_step12000 62 4 6 0.27624014497268945
seed123_A_step12000 62 4 7 0.28453058598097414
seed123_A_step12000 62 4 8 0.2906661699526012
seed123_A_step12000 62 4 9 0.3007259599980898
seed123_A_step12000 62 5 0 0.2844980320078321
seed123_A_step12000 62 5 1 0.29296936199534684
seed123_A_step12000 62 5 2 0.2937568679917604
seed123_A_step12000 62 5 3 0.30247860198142007
seed123_A_step12000 62 5 4 0.3008744299877435
seed123_A_step12000 62 5 5 0.2990666279802099
seed123_A_step12000 62 5 6 0.31121466896729544
seed123_A_step12000 62 5 7 0.2898445500177331
seed123_A_step12000 62 5 8 0.2779510379768908
seed123_A_step12000 62 5 9 0.2866032780148089
seed123_A_step12000 62 6 0 0.2749383070040494
seed123_A_step12000 62 6 1 0.3149586319923401
seed123_A_step12000 62 6 2 0.30731755000306293
seed123_A_step12000 62 6 3 0.2842465070425533
seed123_A_step12000 62 6 4 0.2952407129923813
seed123_A_step12000 62 6 5 0.29226357000879943
seed123_A_step12000 62 6 6 0.29985800303984433
seed123_A_step12000 62 6 7 0.30522219999693334
seed123_A_step12000 62 6 8 0.2944773489725776
seed123_A_step12000 62 6 9 0.30346943403128535
seed123_A_step12000 62 7 0 0.29151912400266156
seed123_A_step12000 62 7 1 0.27589510701363906
seed123_A_step12000 62 7 2 0.2831718390225433
seed123_A_step12000 62 7 3 0.2812133069965057
seed123_A_step12000 62 7 4 0.2851487440057099
seed123_A_step12000 62 7 5 0.2908200519741513
seed123_A_step12000 62 7 6 0.28386825701454654
seed123_A_step12000 62 7 7 0.3033221230143681
seed123_A_step12000 62 7 8 0.3126032800064422
seed123_A_step12000 62 7 9 0.3023807269637473
seed123_A_step12000 62 8 0 0.30978213902562857
seed123_A_step12000 62 8 1 0.30057340499479324
seed123_A_step12000 62 8 2 0.2846659459755756
seed123_A_step12000 62 8 3 0.28482533199712634
seed123_A_step12000 62 8 4 0.28380435600411147
seed123_A_step12000 62 8 5 0.27471936197252944
seed123_A_step12000 62 8 6 0.28681498201331124
seed123_A_step12000 62 8 7 0.2894428109866567
seed123_A_step12000 62 8 8 0.29294349800329655
seed123_A_step12000 62 8 9 0.2811652399832383
seed123_A_step12000 62 9 0 0.29446244303835556
seed123_A_step12000 62 9 1 0.29902293102350086
seed123_A_step12000 62 9 2 0.2951419079909101
seed123_A_step12000 62 9 3 0.29188004799652845
seed123_A_step12000 62 9 4 0.3107735130470246
seed123_A_step12000 62 9 5 0.2889700810192153
seed123_A_step12000 62 9 6 0.2782995169982314
seed123_A_step12000 62 9 7 0.29032457899302244
seed123_A_step12000 62 9 8 0.27976112003671005
seed123_A_step12000 62 9 9 0.29063744901213795
seed123_A_step12000 64 0 0 0.17532349901739508
seed123_A_step12000 64 0 1 0.17500168998958543
seed123_A_step12000 64 0 2 0.1694050639634952
seed123_A_step12000 64 0 3 0.16774979600450024
seed123_A_step12000 64 0 4 0.17236745601985604
seed123_A_step12000 64 0 5 0.17922058998374268
seed123_A_step12000 64 0 6 0.1899025070015341
seed123_A_step12000 64 0 7 0.1911797559587285
seed123_A_step12000 64 0 8 0.17356243496760726
seed123_A_step12000 64 0 9 0.17603442503605038
seed123_A_step12000 64 1 0 0.18311622797045857
seed123_A_step12000 64 1 1 0.18796045595081523
seed123_A_step12000 64 1 2 0.17353279801318422
seed123_A_step12000 64 1 3 0.1739272879785858
seed123_A_step12000 64 1 4 0.17168761399807408
seed123_A_step12000 64 1 5 0.16892976395320147
seed123_A_step12000 64 1 6 0.1713138639461249
seed123_A_step12000 64 1 7 0.1842636059736833
seed123_A_step12000 64 1 8 0.17670453299069777
seed123_A_step12000 64 1 9 0.17982373805716634
seed123_A_step12000 64 2 0 0.18720832298276946
seed123_A_step12000 64 2 1 0.16996884299442172
seed123_A_step12000 64 2 2 0.16311883402522653
seed123_A_step12000 64 2 3 0.1640522709931247
seed123_A_step12000 64 2 4 0.16053916700184345
seed123_A_step12000 64 2 5 0.1602025480242446
seed123_A_step12000 64 2 6 0.16253559000324458
seed123_A_step12000 64 2 7 0.16249990096548572
seed123_A_step12000 64 2 8 0.16213923698524013
seed123_A_step12000 64 2 9 0.1854928100365214
seed123_A_step12000 64 3 0 0.18001274799462408
seed123_A_step12000 64 3 1 0.17280018102610484
seed123_A_step12000 64 3 2 0.1917391229653731
seed123_A_step12000 64 3 3 0.18810910504544154
seed123_A_step12000 64 3 4 0.16809743602061644
seed123_A_step12000 64 3 5 0.17131358897313476
seed123_A_step12000 64 3 6 0.17094480799278244
seed123_A_step12000 64 3 7 0.16825499798869714
seed123_A_step12000 64 3 8 0.17539049498736858
seed123_A_step12000 64 3 9 0.18251632497413084
seed123_A_step12000 64 4 0 0.17313278798246756
seed123_A_step12000 64 4 1 0.16802418400766328
seed123_A_step12000 64 4 2 0.16879502800293267
seed123_A_step12000 64 4 3 0.17250750301172957
seed123_A_step12000 64 4 4 0.17348933400353417
seed123_A_step12000 64 4 5 0.18973530101357028
seed123_A_step12000 64 4 6 0.17061246500816196
seed123_A_step12000 64 4 7 0.17656125797657296
seed123_A_step12000 64 4 8 0.18111568602034822
seed123_A_step12000 64 4 9 0.17336197599070147
seed123_A_step12000 64 5 0 0.17529467697022483
seed123_A_step12000 64 5 1 0.1771283879643306
seed123_A_step12000 64 5 2 0.1869808769552037
seed123_A_step12000 64 5 3 0.17027616599807516
seed123_A_step12000 64 5 4 0.1712494679959491
seed123_A_step12000 64 5 5 0.17571920301998034
seed123_A_step12000 64 5 6 0.1852158160181716
seed123_A_step12000 64 5 7 0.19171473901951686
seed123_A_step12000 64 5 8 0.16958868002984673
seed123_A_step12000 64 5 9 0.18365255603566766
seed123_A_step12000 64 6 0 0.17655371699947864
seed123_A_step12000 64 6 1 0.17913616995792836
seed123_A_step12000 64 6 2 0.16823493200354278
seed123_A_step12000 64 6 3 0.17381623800611123
seed123_A_step12000 64 6 4 0.1926921179983765
seed123_A_step12000 64 6 5 0.17721600196091458
seed123_A_step12000 64 6 6 0.17252955900039524
seed123_A_step12000 64 6 7 0.18035658699227497
seed123_A_step12000 64 6 8 0.17532974999630824
seed123_A_step12000 64 6 9 0.17834734899224713
seed123_A_step12000 64 7 0 0.17507886700332165
seed123_A_step12000 64 7 1 0.18020635697757825
seed123_A_step12000 64 7 2 0.17709243099670857
seed123_A_step12000 64 7 3 0.1750625940039754
seed123_A_step12000 64 7 4 0.17409147397847846
seed123_A_step12000 64 7 5 0.17565631598699838
seed123_A_step12000 64 7 6 0.17573219200130552
seed123_A_step12000 64 7 7 0.18040544801624492
seed123_A_step12000 64 7 8 0.18233070499263704
seed123_A_step12000 64 7 9 0.1728578269830905
seed123_A_step12000 64 8 0 0.16878097801236436
seed123_A_step12000 64 8 1 0.17128403799142689
seed123_A_step12000 64 8 2 0.18644143600249663
seed123_A_step12000 64 8 3 0.1789623979711905
seed123_A_step12000 64 8 4 0.1731792439823039
seed123_A_step12000 64 8 5 0.16774591500870883
seed123_A_step12000 64 8 6 0.1826386849861592
seed123_A_step12000 64 8 7 0.17617734597297385
seed123_A_step12000 64 8 8 0.20677122299093753
seed123_A_step12000 64 8 9 0.19940302800387144
seed123_A_step12000 64 9 0 0.19390718801878393
seed123_A_step12000 64 9 1 0.19218900898704305
seed123_A_step12000 64 9 2 0.17599977302597836
seed123_A_step12000 64 9 3 0.1746295930352062
seed123_A_step12000 64 9 4 0.1951512710074894
seed123_A_step12000 64 9 5 0.18082446994958445
seed123_A_step12000 64 9 6 0.17924974800553173
seed123_A_step12000 64 9 7 0.17584500298835337
seed123_A_step12000 64 9 8 0.17306351801380515
seed123_A_step12000 64 9 9 0.17586452898103744
seed123_A_step12000 69 0 0 0.5194902060320601
seed123_A_step12000 69 0 1 0.5116307220305316
seed123_A_step12000 69 0 2 0.4913750050473027
seed123_A_step12000 69 0 3 0.496431386040058
seed123_A_step12000 69 0 4 0.5392741719842888
seed123_A_step12000 69 0 5 0.5276684460113756
seed123_A_step12000 69 0 6 0.5215342050069012
seed123_A_step12000 69 0 7 0.5703808179823682
seed123_A_step12000 69 0 8 0.5161052579642273
seed123_A_step12000 69 0 9 0.512251183972694
seed123_A_step12000 69 1 0 0.538662369013764
seed123_A_step12000 69 1 1 0.5372615060186945
seed123_A_step12000 69 1 2 0.5298108030110598
seed123_A_step12000 69 1 3 0.5275322709931061
seed123_A_step12000 69 1 4 0.5212668189778924
seed123_A_step12000 69 1 5 0.5798465549596585
seed123_A_step12000 69 1 6 0.5259741640184075
seed123_A_step12000 69 1 7 0.5291854829993099
seed123_A_step12000 69 1 8 0.5815068029914983
seed123_A_step12000 69 1 9 0.5250652359682135
seed123_A_step12000 69 2 0 0.5588864400051534
seed123_A_step12000 69 2 1 0.5597908199997619
seed123_A_step12000 69 2 2 0.5348782970104367
seed123_A_step12000 69 2 3 0.5435527939698659
seed123_A_step12000 69 2 4 0.5240185260190628
seed123_A_step12000 69 2 5 0.5214480360154994
seed123_A_step12000 69 2 6 0.519593283010181
seed123_A_step12000 69 2 7 0.5493471180088818
seed123_A_step12000 69 2 8 0.551778694964014
seed123_A_step12000 69 2 9 0.5496805330039933
seed123_A_step12000 69 3 0 0.5305700019816868
seed123_A_step12000 69 3 1 0.5611816070158966
seed123_A_step12000 69 3 2 0.5122401820262894
seed123_A_step12000 69 3 3 0.5263373160269111
seed123_A_step12000 69 3 4 0.5113020709832199
seed123_A_step12000 69 3 5 0.51700160902692
seed123_A_step12000 69 3 6 0.5176401969511062
seed123_A_step12000 69 3 7 0.5105038849869743
seed123_A_step12000 69 3 8 0.5165849620243534
seed123_A_step12000 69 3 9 0.5450483579770662
seed123_A_step12000 69 4 0 0.5257860380224884
seed123_A_step12000 69 4 1 0.5114705260493793
seed123_A_step12000 69 4 2 0.5386532900156453
seed123_A_step12000 69 4 3 0.517134485009592
seed123_A_step12000 69 4 4 0.5896827739779837
seed123_A_step12000 69 4 5 0.5163809179794043
seed123_A_step12000 69 4 6 0.5439281319850124
seed123_A_step12000 69 4 7 0.5244409890146926
seed123_A_step12000 69 4 8 0.5549414759734645
seed123_A_step12000 69 4 9 0.5054851149907336
seed123_A_step12000 69 5 0 0.5262237720307894
seed123_A_step12000 69 5 1 0.5216738019953482
seed123_A_step12000 69 5 2 0.5174695560126565
seed123_A_step12000 69 5 3 0.5820252869743854
seed123_A_step12000 69 5 4 0.5320593729848042
seed123_A_step12000 69 5 5 0.521554582985118
seed123_A_step12000 69 5 6 0.5236199639621191
seed123_A_step12000 69 5 7 0.5118049909942783
seed123_A_step12000 69 5 8 0.5321421830449253
seed123_A_step12000 69 5 9 0.5105085399700329
seed123_A_step12000 69 6 0 0.56804161000764
seed123_A_step12000 69 6 1 0.5252172059845179
seed123_A_step12000 69 6 2 0.5490424640011042
seed123_A_step12000 69 6 3 0.5148030549753457
seed123_A_step12000 69 6 4 0.5276765120215714
seed123_A_step12000 69 6 5 0.5254435910028405
seed123_A_step12000 69 6 6 0.5382787340204231
seed123_A_step12000 69 6 7 0.5380124489893205
seed123_A_step12000 69 6 8 0.5368879419984296
seed123_A_step12000 69 6 9 0.5213628549827263
seed123_A_step12000 69 7 0 0.5145600499818102
seed123_A_step12000 69 7 1 0.5328572849975899
seed123_A_step12000 69 7 2 0.5025834940024652
seed123_A_step12000 69 7 3 0.5256036570062861
seed123_A_step12000 69 7 4 0.5105304339667782
seed123_A_step12000 69 7 5 0.5237254679668695
seed123_A_step12000 69 7 6 0.5480079249828123
seed123_A_step12000 69 7 7 0.5442896839813329
seed123_A_step12000 69 7 8 0.5320190740167163
seed123_A_step12000 69 7 9 0.5278445759904571
seed123_A_step12000 69 8 0 0.5184114979929291
seed123_A_step12000 69 8 1 0.5217897169641219
seed123_A_step12000 69 8 2 0.5402512489818037
seed123_A_step12000 69 8 3 0.5465593779808842
seed123_A_step12000 69 8 4 0.5222329320386052
seed123_A_step12000 69 8 5 0.5382665510405786
seed123_A_step12000 69 8 6 0.5381495220353827
seed123_A_step12000 69 8 7 0.5640252149896696
seed123_A_step12000 69 8 8 0.5588904260075651
seed123_A_step12000 69 8 9 0.5259693220141344
seed123_A_step12000 69 9 0 0.5340246220002882
seed123_A_step12000 69 9 1 0.5216908319853246
seed123_A_step12000 69 9 2 0.510491392982658
seed123_A_step12000 69 9 3 0.5016901420312934
seed123_A_step12000 69 9 4 0.5163903919747099
seed123_A_step12000 69 9 5 0.5092506379587576
seed123_A_step12000 69 9 6 0.518076772976201
seed123_A_step12000 69 9 7 0.5350177660002373
seed123_A_step12000 69 9 8 0.5268479799851775
seed123_A_step12000 69 9 9 0.5412433429737575
seed123_A_step12000 74 0 0 0.7263126770267263
seed123_A_step12000 74 0 1 0.7454237240017392
seed123_A_step12000 74 0 2 0.7461838719900697
seed123_A_step12000 74 0 3 0.7096793489763513
seed123_A_step12000 74 0 4 0.7254806170240045
seed123_A_step12000 74 0 5 0.7865776490070857
seed123_A_step12000 74 0 6 0.7587573820492253
seed123_A_step12000 74 0 7 0.7383576540159993
seed123_A_step12000 74 0 8 0.7310827990295365
seed123_A_step12000 74 0 9 0.7280436439905316
seed123_A_step12000 74 1 0 0.7208959530107677
seed123_A_step12000 74 1 1 0.7237740790005773
seed123_A_step12000 74 1 2 0.7490324159734882
seed123_A_step12000 74 1 3 0.7404818939976394
seed123_A_step12000 74 1 4 0.7392913060029969
seed123_A_step12000 74 1 5 0.7265841080225073
seed123_A_step12000 74 1 6 0.7217678040033206
seed123_A_step12000 74 1 7 0.7097115250071511
seed123_A_step12000 74 1 8 0.7149176709936
seed123_A_step12000 74 1 9 0.6925973310135305
seed123_A_step12000 74 2 0 0.7283540799980983
seed123_A_step12000 74 2 1 0.7603643710026518
seed123_A_step12000 74 2 2 0.746993653010577
seed123_A_step12000 74 2 3 0.7200865159975365
seed123_A_step12000 74 2 4 0.7148870230303146
seed123_A_step12000 74 2 5 0.7213109319563955
seed123_A_step12000 74 2 6 0.7123829579795711
seed123_A_step12000 74 2 7 0.71902310999576
seed123_A_step12000 74 2 8 0.724978135956917
seed123_A_step12000 74 2 9 0.7242459940025583
seed123_A_step12000 74 3 0 0.7501549709704705
seed123_A_step12000 74 3 1 0.7665720079676248
seed123_A_step12000 74 3 2 0.7316198500338942
seed123_A_step12000 74 3 3 0.7258300440153107
seed123_A_step12000 74 3 4 0.7180153000517748
seed123_A_step12000 74 3 5 0.7273826720193028
seed123_A_step12000 74 3 6 0.748800573986955
seed123_A_step12000 74 3 7 0.7219832229893655
seed123_A_step12000 74 3 8 0.7115390190156177
seed123_A_step12000 74 3 9 0.7639964630361646
seed123_A_step12000 74 4 0 0.7604689510189928
seed123_A_step12000 74 4 1 0.723540240956936
seed123_A_step12000 74 4 2 0.7343397079966962
seed123_A_step12000 74 4 3 0.7220281210029498
seed123_A_step12000 74 4 4 0.7620122920488939
seed123_A_step12000 74 4 5 0.7093890200485475
seed123_A_step12000 74 4 6 0.7257062360295095
seed123_A_step12000 74 4 7 0.702799822029192
seed123_A_step12000 74 4 8 0.744454275991302
seed123_A_step12000 74 4 9 0.7799921880359761
seed123_A_step12000 74 5 0 0.7402614559978247
seed123_A_step12000 74 5 1 0.7137029949808493
seed123_A_step12000 74 5 2 0.7524065190227702
seed123_A_step12000 74 5 3 0.7334464599844068
seed123_A_step12000 74 5 4 0.7257977850385942
seed123_A_step12000 74 5 5 0.7122674559941515
seed123_A_step12000 74 5 6 0.7159703569486737
seed123_A_step12000 74 5 7 0.7263021530234255
seed123_A_step12000 74 5 8 0.7586584020173177
seed123_A_step12000 74 5 9 0.7369060899945907
seed123_A_step12000 74 6 0 0.7474534520297311
seed123_A_step12000 74 6 1 0.7405809220508672
seed123_A_step12000 74 6 2 0.7357618039823137
seed123_A_step12000 74 6 3 0.7493813770124689
seed123_A_step12000 74 6 4 0.741821045987308
seed123_A_step12000 74 6 5 0.7412185199791566
seed123_A_step12000 74 6 6 0.71131319104461
seed123_A_step12000 74 6 7 0.732665324001573
seed123_A_step12000 74 6 8 0.7312358089839108
seed123_A_step12000 74 6 9 0.7101418350357562
seed123_A_step12000 74 7 0 0.7456805550027639
seed123_A_step12000 74 7 1 0.7381700990372337
seed123_A_step12000 74 7 2 0.7400800189934671
seed123_A_step12000 74 7 3 0.7115016740281135
seed123_A_step12000 74 7 4 0.7077492700191215
seed123_A_step12000 74 7 5 0.7317257730173878
seed123_A_step12000 74 7 6 0.7154117239988409
seed123_A_step12000 74 7 7 0.7337352400063537
seed123_A_step12000 74 7 8 0.7382317070150748
seed123_A_step12000 74 7 9 0.7523083089618012
seed123_A_step12000 74 8 0 0.7542337269987911
seed123_A_step12000 74 8 1 0.7258066250360571
seed123_A_step12000 74 8 2 0.7266450849710964
seed123_A_step12000 74 8 3 0.7329485900118016
seed123_A_step12000 74 8 4 0.7322231789585203
seed123_A_step12000 74 8 5 0.7724343370064162
seed123_A_step12000 74 8 6 0.7975214930484071
seed123_A_step12000 74 8 7 0.7687723819981329
seed123_A_step12000 74 8 8 0.7358074680087157
seed123_A_step12000 74 8 9 0.7394323880434968
seed123_A_step12000 74 9 0 0.7252984989900142
seed123_A_step12000 74 9 1 0.7490081049618311
seed123_A_step12000 74 9 2 0.6951442710123956
seed123_A_step12000 74 9 3 0.7237613290199079
seed123_A_step12000 74 9 4 0.7443298610160127
seed123_A_step12000 74 9 5 0.7497397949919105
seed123_A_step12000 74 9 6 0.7417999940225855
seed123_A_step12000 74 9 7 0.7277982410159893
seed123_A_step12000 74 9 8 0.7372780840378255
seed123_A_step12000 74 9 9 0.7037470259820111
seed123_A_step12000 78 0 0 1.1588812990230508
seed123_A_step12000 78 0 1 1.2009584449697286
seed123_A_step12000 78 0 2 1.2117102810298093
seed123_A_step12000 78 0 3 1.2649943790165707
seed123_A_step12000 78 0 4 1.2163611970026977
seed123_A_step12000 78 0 5 1.196381654997822
seed123_A_step12000 78 0 6 1.2133018969907425
seed123_A_step12000 78 0 7 1.2211822259705514
seed123_A_step12000 78 0 8 1.276855069969315
seed123_A_step12000 78 0 9 1.2255868189968169
seed123_A_step12000 78 1 0 1.2482105939998291
seed123_A_step12000 78 1 1 1.2413392520393245
seed123_A_step12000 78 1 2 1.1803182199946605
seed123_A_step12000 78 1 3 1.2332606579875574
seed123_A_step12000 78 1 4 1.2160963130299933
seed123_A_step12000 78 1 5 1.1960033139912412
seed123_A_step12000 78 1 6 1.1611838350072503
seed123_A_step12000 78 1 7 1.1710133060114458
seed123_A_step12000 78 1 8 1.223860408004839
seed123_A_step12000 78 1 9 1.235458438983187
seed123_A_step12000 78 2 0 1.239717451040633
seed123_A_step12000 78 2 1 1.165558528038673
seed123_A_step12000 78 2 2 1.1674513010075316
seed123_A_step12000 78 2 3 1.2540193329914473
seed123_A_step12000 78 2 4 1.2415827149525285
seed123_A_step12000 78 2 5 1.232267303043045
seed123_A_step12000 78 2 6 1.226798849995248
seed123_A_step12000 78 2 7 1.2205911389901303
seed123_A_step12000 78 2 8 1.195732455002144
seed123_A_step12000 78 2 9 1.1642036390258
seed123_A_step12000 78 3 0 1.2045281149912626
seed123_A_step12000 78 3 1 1.2433744759764522
seed123_A_step12000 78 3 2 1.2161855000304058
seed123_A_step12000 78 3 3 1.2049020020058379
seed123_A_step12000 78 3 4 1.2084609880112112
seed123_A_step12000 78 3 5 1.2649241469916888
seed123_A_step12000 78 3 6 1.2715884360368364
seed123_A_step12000 78 3 7 1.1851842679898255
seed123_A_step12000 78 3 8 1.1994001240236685
seed123_A_step12000 78 3 9 1.2498533920152113
seed123_A_step12000 78 4 0 1.2653808290488087
seed123_A_step12000 78 4 1 1.260460083023645
seed123_A_step12000 78 4 2 1.1846588960033841
seed123_A_step12000 78 4 3 1.1986197310034186
seed123_A_step12000 78 4 4 1.190346256014891
seed123_A_step12000 78 4 5 1.2492259400314651
seed123_A_step12000 78 4 6 1.2006161420140415
seed123_A_step12000 78 4 7 1.2100398279726505
seed123_A_step12000 78 4 8 1.224132998031564
seed123_A_step12000 78 4 9 1.215684216003865
seed123_A_step12000 78 5 0 1.2625102100428194
seed123_A_step12000 78 5 1 1.2021135709946975
seed123_A_step12000 78 5 2 1.2210655360249802
seed123_A_step12000 78 5 3 1.161228946002666
seed123_A_step12000 78 5 4 1.2062192489975132
seed123_A_step12000 78 5 5 1.1599141990300268
seed123_A_step12000 78 5 6 1.2802189899957739
seed123_A_step12000 78 5 7 1.2087788520148024
seed123_A_step12000 78 5 8 1.2336835470050573
seed123_A_step12000 78 5 9 1.2298925039940514
seed123_A_step12000 78 6 0 1.2111735389917158
seed123_A_step12000 78 6 1 1.2149533269694075
seed123_A_step12000 78 6 2 1.2193135850247927
seed123_A_step12000 78 6 3 1.2095985889900476
seed123_A_step12000 78 6 4 1.2016007560305297
seed123_A_step12000 78 6 5 1.238687980978284
seed123_A_step12000 78 6 6 1.1912059920141473
seed123_A_step12000 78 6 7 1.2387366149923764
seed123_A_step12000 78 6 8 1.2194859270239249
seed123_A_step12000 78 6 9 1.2246835160185583
seed123_A_step12000 78 7 0 1.244183731963858
seed123_A_step12000 78 7 1 1.188279414025601
seed123_A_step12000 78 7 2 1.1756099769845605
seed123_A_step12000 78 7 3 1.1686346019851044
seed123_A_step12000 78 7 4 1.212725375953596
seed123_A_step12000 78 7 5 1.1792437879485078
seed123_A_step12000 78 7 6 1.2150807669968344
seed123_A_step12000 78 7 7 1.183451893972233
seed123_A_step12000 78 7 8 1.1645660400390625
seed123_A_step12000 78 7 9 1.222810827952344
seed123_A_step12000 78 8 0 1.1742910069879144
seed123_A_step12000 78 8 1 1.225481194036547
seed123_A_step12000 78 8 2 1.208108691032976
seed123_A_step12000 78 8 3 1.1920221730251797
seed123_A_step12000 78 8 4 1.2652679590391926
seed123_A_step12000 78 8 5 1.2357494949828833
seed123_A_step12000 78 8 6 1.2314232439966872
seed123_A_step12000 78 8 7 1.2445366859901696
seed123_A_step12000 78 8 8 1.1899664119700901
seed123_A_step12000 78 8 9 1.2145824849721976
seed123_A_step12000 78 9 0 1.2044785039615817
seed123_A_step12000 78 9 1 1.2129382460261695
seed123_A_step12000 78 9 2 1.1837989140185528
seed123_A_step12000 78 9 3 1.2431872350280173
seed123_A_step12000 78 9 4 1.1994602560298517
seed123_A_step12000 78 9 5 1.2101660970365629
seed123_A_step12000 78 9 6 1.189882058009971
seed123_A_step12000 78 9 7 1.1968895550235175
seed123_A_step12000 78 9 8 1.2001920589827932
seed123_A_step12000 78 9 9 1.2211289149709046
{'model': 'seed123_A_step12000', 'completed_pairs': 2000, 'requested_pairs': 2000, 'completed': True, 'complete_source_count': 20, 'FRD': 154.00543654725146, 'new_pairs': 2000, 'wall_seconds': 486.48460104101105}
