seed123_C1_step2000 0 0 0 0.8273216370143928
seed123_C1_step2000 0 0 1 0.10112876398488879
seed123_C1_step2000 0 0 2 0.0893681010347791
seed123_C1_step2000 0 0 3 0.08677767805056646
seed123_C1_step2000 0 0 4 0.0954138920060359
seed123_C1_step2000 0 0 5 0.08943607099354267
seed123_C1_step2000 0 0 6 0.0914479469647631
seed123_C1_step2000 0 0 7 0.08970802597468719
seed123_C1_step2000 0 0 8 0.08928668196313083
seed123_C1_step2000 0 0 9 0.09325310698477551
seed123_C1_step2000 0 1 0 0.09506987896747887
seed123_C1_step2000 0 1 1 0.09353055100655183
seed123_C1_step2000 0 1 2 0.09068712202133611
seed123_C1_step2000 0 1 3 0.09026672097388655
seed123_C1_step2000 0 1 4 0.10328449896769598
seed123_C1_step2000 0 1 5 0.10311863000970334
seed123_C1_step2000 0 1 6 0.091777742956765
seed123_C1_step2000 0 1 7 0.08864077797625214
seed123_C1_step2000 0 1 8 0.08916655101347715
seed123_C1_step2000 0 1 9 0.08922269899630919
seed123_C1_step2000 0 2 0 0.08839781896676868
seed123_C1_step2000 0 2 1 0.08853607601486146
seed123_C1_step2000 0 2 2 0.08937231701565906
seed123_C1_step2000 0 2 3 0.09294788900297135
seed123_C1_step2000 0 2 4 0.09196125605376437
seed123_C1_step2000 0 2 5 0.0909715190064162
seed123_C1_step2000 0 2 6 0.08991704694926739
seed123_C1_step2000 0 2 7 0.08775221498217434
seed123_C1_step2000 0 2 8 0.08844901801785454
seed123_C1_step2000 0 2 9 0.08879819099092856
seed123_C1_step2000 0 3 0 0.09252647502580658
seed123_C1_step2000 0 3 1 0.0957960169762373
seed123_C1_step2000 0 3 2 0.088139821018558
seed123_C1_step2000 0 3 3 0.09217616094974801
seed123_C1_step2000 0 3 4 0.09228600200731307
seed123_C1_step2000 0 3 5 0.09186039201449603
seed123_C1_step2000 0 3 6 0.09912235802039504
seed123_C1_step2000 0 3 7 0.09829706704476848
seed123_C1_step2000 0 3 8 0.09169087500777096
seed123_C1_step2000 0 3 9 0.09919383504893631
seed123_C1_step2000 0 4 0 0.09530603198800236
seed123_C1_step2000 0 4 1 0.0942183660226874
seed123_C1_step2000 0 4 2 0.09035862801829353
seed123_C1_step2000 0 4 3 0.09021680400473997
seed123_C1_step2000 0 4 4 0.09320933098206297
seed123_C1_step2000 0 4 5 0.09384146996308118
seed123_C1_step2000 0 4 6 0.0896902690292336
seed123_C1_step2000 0 4 7 0.09180737903807312
seed123_C1_step2000 0 4 8 0.0916845029569231
seed123_C1_step2000 0 4 9 0.09913455002242699
seed123_C1_step2000 0 5 0 0.10212536400649697
seed123_C1_step2000 0 5 1 0.09748336800839752
seed123_C1_step2000 0 5 2 0.09227915701922029
seed123_C1_step2000 0 5 3 0.0934839399997145
seed123_C1_step2000 0 5 4 0.09328041697153822
seed123_C1_step2000 0 5 5 0.09554241696605459
seed123_C1_step2000 0 5 6 0.09242132201325148
seed123_C1_step2000 0 5 7 0.09380809497088194
seed123_C1_step2000 0 5 8 0.10507773200515658
seed123_C1_step2000 0 5 9 0.09807061997707933
seed123_C1_step2000 0 6 0 0.10452506702858955
seed123_C1_step2000 0 6 1 0.09327641996787861
seed123_C1_step2000 0 6 2 0.0943214829894714
seed123_C1_step2000 0 6 3 0.09532520803622901
seed123_C1_step2000 0 6 4 0.09698461601510644
seed123_C1_step2000 0 6 5 0.09196638502180576
seed123_C1_step2000 0 6 6 0.08922358800191432
seed123_C1_step2000 0 6 7 0.09116513002663851
seed123_C1_step2000 0 6 8 0.09254396799951792
seed123_C1_step2000 0 6 9 0.09083321102662012
seed123_C1_step2000 0 7 0 0.09276827098801732
seed123_C1_step2000 0 7 1 0.09018326795194298
seed123_C1_step2000 0 7 2 0.08945861202664673
seed123_C1_step2000 0 7 3 0.08928092900896445
seed123_C1_step2000 0 7 4 0.09000175795517862
seed123_C1_step2000 0 7 5 0.09395381400827318
seed123_C1_step2000 0 7 6 0.09632759797386825
seed123_C1_step2000 0 7 7 0.09373407100792974
seed123_C1_step2000 0 7 8 0.08990764600457624
seed123_C1_step2000 0 7 9 0.09042540501104668
seed123_C1_step2000 0 8 0 0.09066464594798163
seed123_C1_step2000 0 8 1 0.10758353100391105
seed123_C1_step2000 0 8 2 0.09286616800818592
seed123_C1_step2000 0 8 3 0.09340296301525086
seed123_C1_step2000 0 8 4 0.0912137430277653
seed123_C1_step2000 0 8 5 0.09464282199041918
seed123_C1_step2000 0 8 6 0.09694066998781636
seed123_C1_step2000 0 8 7 0.09085155598586425
seed123_C1_step2000 0 8 8 0.09312357299495488
seed123_C1_step2000 0 8 9 0.08868926903232932
seed123_C1_step2000 0 9 0 0.09153524198336527
seed123_C1_step2000 0 9 1 0.09440268902108073
seed123_C1_step2000 0 9 2 0.09065634896978736
seed123_C1_step2000 0 9 3 0.09081833099480718
seed123_C1_step2000 0 9 4 0.09209589299280196
seed123_C1_step2000 0 9 5 0.09881656500510871
seed123_C1_step2000 0 9 6 0.09621979994699359
seed123_C1_step2000 0 9 7 0.09647955099353567
seed123_C1_step2000 0 9 8 0.0942509570159018
seed123_C1_step2000 0 9 9 0.09343677700962871
seed123_C1_step2000 6 0 0 0.14727727603167295
seed123_C1_step2000 6 0 1 0.14806474396027625
seed123_C1_step2000 6 0 2 0.15573186898836866
seed123_C1_step2000 6 0 3 0.16300164902349934
seed123_C1_step2000 6 0 4 0.13884620799217373
seed123_C1_step2000 6 0 5 0.1525114419637248
seed123_C1_step2000 6 0 6 0.14103251101914793
seed123_C1_step2000 6 0 7 0.13989448797656223
seed123_C1_step2000 6 0 8 0.14972705696709454
seed123_C1_step2000 6 0 9 0.14546508196508512
seed123_C1_step2000 6 1 0 0.15336659899912775
seed123_C1_step2000 6 1 1 0.14382425899384543
seed123_C1_step2000 6 1 2 0.14665481500560418
seed123_C1_step2000 6 1 3 0.14101324300281703
seed123_C1_step2000 6 1 4 0.1448134469683282
seed123_C1_step2000 6 1 5 0.1419910070253536
seed123_C1_step2000 6 1 6 0.14734177896752954
seed123_C1_step2000 6 1 7 0.15357536100782454
seed123_C1_step2000 6 1 8 0.15634754399070516
seed123_C1_step2000 6 1 9 0.1506891680182889
seed123_C1_step2000 6 2 0 0.15859536500647664
seed123_C1_step2000 6 2 1 0.15691723197232932
seed123_C1_step2000 6 2 2 0.1678405209677294
seed123_C1_step2000 6 2 3 0.17531956400489435
seed123_C1_step2000 6 2 4 0.14624537399504334
seed123_C1_step2000 6 2 5 0.14098544901935384
seed123_C1_step2000 6 2 6 0.14124120096676052
seed123_C1_step2000 6 2 7 0.1419948329566978
seed123_C1_step2000 6 2 8 0.1446576850139536
seed123_C1_step2000 6 2 9 0.14503742603119463
seed123_C1_step2000 6 3 0 0.14237390301423147
seed123_C1_step2000 6 3 1 0.13990188000025228
seed123_C1_step2000 6 3 2 0.14032864198088646
seed123_C1_step2000 6 3 3 0.1420860379585065
seed123_C1_step2000 6 3 4 0.16597771097440273
seed123_C1_step2000 6 3 5 0.1496716160327196
seed123_C1_step2000 6 3 6 0.1417546389857307
seed123_C1_step2000 6 3 7 0.14244773396058008
seed123_C1_step2000 6 3 8 0.15499687899136916
seed123_C1_step2000 6 3 9 0.1414795889868401
seed123_C1_step2000 6 4 0 0.1434911449905485
seed123_C1_step2000 6 4 1 0.14443036599550396
seed123_C1_step2000 6 4 2 0.13815213600173593
seed123_C1_step2000 6 4 3 0.1391375549719669
seed123_C1_step2000 6 4 4 0.1374107970041223
seed123_C1_step2000 6 4 5 0.14339876599842682
seed123_C1_step2000 6 4 6 0.13794715097174048
seed123_C1_step2000 6 4 7 0.14227812696481124
seed123_C1_step2000 6 4 8 0.13919792202068493
seed123_C1_step2000 6 4 9 0.13848655996844172
seed123_C1_step2000 6 5 0 0.1385331799974665
seed123_C1_step2000 6 5 1 0.14083587698405609
seed123_C1_step2000 6 5 2 0.1423230619984679
seed123_C1_step2000 6 5 3 0.1384396689827554
seed123_C1_step2000 6 5 4 0.14014164899708703
seed123_C1_step2000 6 5 5 0.1444876340101473
seed123_C1_step2000 6 5 6 0.14153241796884686
seed123_C1_step2000 6 5 7 0.13796689797891304
seed123_C1_step2000 6 5 8 0.13951967901084572
seed123_C1_step2000 6 5 9 0.14626418700208887
seed123_C1_step2000 6 6 0 0.13977033202536404
seed123_C1_step2000 6 6 1 0.14045573404291645
seed123_C1_step2000 6 6 2 0.13900614000158384
seed123_C1_step2000 6 6 3 0.14586754300398752
seed123_C1_step2000 6 6 4 0.1393498230027035
seed123_C1_step2000 6 6 5 0.14053190994309261
seed123_C1_step2000 6 6 6 0.1402489350293763
seed123_C1_step2000 6 6 7 0.1397318679955788
seed123_C1_step2000 6 6 8 0.14021542901173234
seed123_C1_step2000 6 6 9 0.14080247102538124
seed123_C1_step2000 6 7 0 0.14115370903164148
seed123_C1_step2000 6 7 1 0.1424179829773493
seed123_C1_step2000 6 7 2 0.15213969897013158
seed123_C1_step2000 6 7 3 0.14299015601864085
seed123_C1_step2000 6 7 4 0.14025062700966373
seed123_C1_step2000 6 7 5 0.14320822700392455
seed123_C1_step2000 6 7 6 0.14427136501763016
seed123_C1_step2000 6 7 7 0.13987886102404445
seed123_C1_step2000 6 7 8 0.14155607199063525
seed123_C1_step2000 6 7 9 0.14365009701577947
seed123_C1_step2000 6 8 0 0.14164715795777738
seed123_C1_step2000 6 8 1 0.1396728230174631
seed123_C1_step2000 6 8 2 0.14220540301175788
seed123_C1_step2000 6 8 3 0.14403331599896774
seed123_C1_step2000 6 8 4 0.14184145198669285
seed123_C1_step2000 6 8 5 0.14496155496453866
seed123_C1_step2000 6 8 6 0.14139039197470993
seed123_C1_step2000 6 8 7 0.13968006696086377
seed123_C1_step2000 6 8 8 0.13976629200624302
seed123_C1_step2000 6 8 9 0.13892674399539828
seed123_C1_step2000 6 9 0 0.14843754301546142
seed123_C1_step2000 6 9 1 0.14384725701529533
seed123_C1_step2000 6 9 2 0.144251415040344
seed123_C1_step2000 6 9 3 0.1405492999474518
seed123_C1_step2000 6 9 4 0.14833941200049594
seed123_C1_step2000 6 9 5 0.1408372150035575
seed123_C1_step2000 6 9 6 0.14190310897538438
seed123_C1_step2000 6 9 7 0.13941414200235158
seed123_C1_step2000 6 9 8 0.14028311701258644
seed123_C1_step2000 6 9 9 0.13971154595492408
seed123_C1_step2000 9 0 0 0.04838177497731522
seed123_C1_step2000 9 0 1 0.04132727102842182
seed123_C1_step2000 9 0 2 0.040983528015203774
seed123_C1_step2000 9 0 3 0.041498220001813024
seed123_C1_step2000 9 0 4 0.04536935000214726
seed123_C1_step2000 9 0 5 0.040462404023855925
seed123_C1_step2000 9 0 6 0.04050515597919002
seed123_C1_step2000 9 0 7 0.040558749984484166
seed123_C1_step2000 9 0 8 0.041826132975984365
seed123_C1_step2000 9 0 9 0.041946073004510254
seed123_C1_step2000 9 1 0 0.041459064988885075
seed123_C1_step2000 9 1 1 0.041891598026268184
seed123_C1_step2000 9 1 2 0.040303197980392724
seed123_C1_step2000 9 1 3 0.03997360303765163
seed123_C1_step2000 9 1 4 0.040343343978747725
seed123_C1_step2000 9 1 5 0.044749866996426135
seed123_C1_step2000 9 1 6 0.040804793999996036
seed123_C1_step2000 9 1 7 0.039956439984962344
seed123_C1_step2000 9 1 8 0.04006207303609699
seed123_C1_step2000 9 1 9 0.04016170499380678
seed123_C1_step2000 9 2 0 0.04116502800025046
seed123_C1_step2000 9 2 1 0.04214675002731383
seed123_C1_step2000 9 2 2 0.04205071501201019
seed123_C1_step2000 9 2 3 0.041082549025304615
seed123_C1_step2000 9 2 4 0.04101990902563557
seed123_C1_step2000 9 2 5 0.041079843998886645
seed123_C1_step2000 9 2 6 0.04300080600660294
seed123_C1_step2000 9 2 7 0.04176229902077466
seed123_C1_step2000 9 2 8 0.0412406440009363
seed123_C1_step2000 9 2 9 0.0409069909946993
seed123_C1_step2000 9 3 0 0.04064059699885547
seed123_C1_step2000 9 3 1 0.0409987680031918
seed123_C1_step2000 9 3 2 0.040346421010326594
seed123_C1_step2000 9 3 3 0.040903103013988584
seed123_C1_step2000 9 3 4 0.042448571999557316
seed123_C1_step2000 9 3 5 0.046424152969848365
seed123_C1_step2000 9 3 6 0.04453860898502171
seed123_C1_step2000 9 3 7 0.04118450602982193
seed123_C1_step2000 9 3 8 0.04321528796572238
seed123_C1_step2000 9 3 9 0.04192418104503304
seed123_C1_step2000 9 4 0 0.040234434010926634
seed123_C1_step2000 9 4 1 0.04027205699821934
seed123_C1_step2000 9 4 2 0.04222484998172149
seed123_C1_step2000 9 4 3 0.04222175502218306
seed123_C1_step2000 9 4 4 0.040842706977855414
seed123_C1_step2000 9 4 5 0.04067063599359244
seed123_C1_step2000 9 4 6 0.040594707999844104
seed123_C1_step2000 9 4 7 0.040771911037154496
seed123_C1_step2000 9 4 8 0.04117251199204475
seed123_C1_step2000 9 4 9 0.040725180006120354
seed123_C1_step2000 9 5 0 0.04426442098338157
seed123_C1_step2000 9 5 1 0.04166635399451479
seed123_C1_step2000 9 5 2 0.040039990039076656
seed123_C1_step2000 9 5 3 0.04002769500948489
seed123_C1_step2000 9 5 4 0.04092260100878775
seed123_C1_step2000 9 5 5 0.041193914017640054
seed123_C1_step2000 9 5 6 0.04393891297513619
seed123_C1_step2000 9 5 7 0.04057083296356723
seed123_C1_step2000 9 5 8 0.04032421798910946
seed123_C1_step2000 9 5 9 0.0402675389777869
seed123_C1_step2000 9 6 0 0.04058028099825606
seed123_C1_step2000 9 6 1 0.041692204016726464
seed123_C1_step2000 9 6 2 0.0407221139757894
seed123_C1_step2000 9 6 3 0.040390704991295934
seed123_C1_step2000 9 6 4 0.03995646897237748
seed123_C1_step2000 9 6 5 0.04004150297259912
seed123_C1_step2000 9 6 6 0.04011690797051415
seed123_C1_step2000 9 6 7 0.04060031898552552
seed123_C1_step2000 9 6 8 0.0404227280523628
seed123_C1_step2000 9 6 9 0.04042955004842952
seed123_C1_step2000 9 7 0 0.04037324199452996
seed123_C1_step2000 9 7 1 0.040583225956652313
seed123_C1_step2000 9 7 2 0.04050508502405137
seed123_C1_step2000 9 7 3 0.04219893901608884
seed123_C1_step2000 9 7 4 0.04031050100456923
seed123_C1_step2000 9 7 5 0.040485657984390855
seed123_C1_step2000 9 7 6 0.040795546025037766
seed123_C1_step2000 9 7 7 0.040686265972908586
seed123_C1_step2000 9 7 8 0.04047586000524461
seed123_C1_step2000 9 7 9 0.04039769904920831
seed123_C1_step2000 9 8 0 0.040876201004721224
seed123_C1_step2000 9 8 1 0.0402929870178923
seed123_C1_step2000 9 8 2 0.04011401196476072
seed123_C1_step2000 9 8 3 0.04039692803053185
seed123_C1_step2000 9 8 4 0.040427576983347535
seed123_C1_step2000 9 8 5 0.040488253987859935
seed123_C1_step2000 9 8 6 0.04129154095426202
seed123_C1_step2000 9 8 7 0.04533561400603503
seed123_C1_step2000 9 8 8 0.04109920095652342
seed123_C1_step2000 9 8 9 0.04052708903327584
seed123_C1_step2000 9 9 0 0.040363823994994164
seed123_C1_step2000 9 9 1 0.04001486097695306
seed123_C1_step2000 9 9 2 0.040476490976288915
seed123_C1_step2000 9 9 3 0.04120665800292045
seed123_C1_step2000 9 9 4 0.040937768993899226
seed123_C1_step2000 9 9 5 0.040516657987609506
seed123_C1_step2000 9 9 6 0.04099616198800504
seed123_C1_step2000 9 9 7 0.04093213897431269
seed123_C1_step2000 9 9 8 0.04169734398601577
seed123_C1_step2000 9 9 9 0.04174746898934245
seed123_C1_step2000 12 0 0 0.44561429700115696
seed123_C1_step2000 12 0 1 0.43269766395678744
seed123_C1_step2000 12 0 2 0.4385257040266879
seed123_C1_step2000 12 0 3 0.43492223898647353
seed123_C1_step2000 12 0 4 0.4310870760236867
seed123_C1_step2000 12 0 5 0.4381176959723234
seed123_C1_step2000 12 0 6 0.4451685710228048
seed123_C1_step2000 12 0 7 0.4288140239659697
seed123_C1_step2000 12 0 8 0.43503888900158927
seed123_C1_step2000 12 0 9 0.44907552702352405
seed123_C1_step2000 12 1 0 0.44151510699884966
seed123_C1_step2000 12 1 1 0.4456611550413072
seed123_C1_step2000 12 1 2 0.4341640999773517
seed123_C1_step2000 12 1 3 0.42829863500082865
seed123_C1_step2000 12 1 4 0.4466920599807054
seed123_C1_step2000 12 1 5 0.44417603994952515
seed123_C1_step2000 12 1 6 0.43369462102418765
seed123_C1_step2000 12 1 7 0.43448003398953006
seed123_C1_step2000 12 1 8 0.4288593119708821
seed123_C1_step2000 12 1 9 0.4223495679907501
seed123_C1_step2000 12 2 0 0.427277882990893
seed123_C1_step2000 12 2 1 0.43026879499666393
seed123_C1_step2000 12 2 2 0.43380009999964386
seed123_C1_step2000 12 2 3 0.43565940100234
seed123_C1_step2000 12 2 4 0.41994694201275706
seed123_C1_step2000 12 2 5 0.45709414401790127
seed123_C1_step2000 12 2 6 0.43983338196994737
seed123_C1_step2000 12 2 7 0.4308989230194129
seed123_C1_step2000 12 2 8 0.4494503819732927
seed123_C1_step2000 12 2 9 0.46127305302070454
seed123_C1_step2000 12 3 0 0.4446646280121058
seed123_C1_step2000 12 3 1 0.4372188189881854
seed123_C1_step2000 12 3 2 0.4300650230143219
seed123_C1_step2000 12 3 3 0.44363345799501985
seed123_C1_step2000 12 3 4 0.4474616040242836
seed123_C1_step2000 12 3 5 0.4277528250240721
seed123_C1_step2000 12 3 6 0.4237142910133116
seed123_C1_step2000 12 3 7 0.43258557497756556
seed123_C1_step2000 12 3 8 0.4319569329963997
seed123_C1_step2000 12 3 9 0.4486332869855687
seed123_C1_step2000 12 4 0 0.42774534597992897
seed123_C1_step2000 12 4 1 0.4367194669903256
seed123_C1_step2000 12 4 2 0.4291849790024571
seed123_C1_step2000 12 4 3 0.42528173502068967
seed123_C1_step2000 12 4 4 0.42305057600606233
seed123_C1_step2000 12 4 5 0.431119914050214
seed123_C1_step2000 12 4 6 0.4215499719721265
seed123_C1_step2000 12 4 7 0.44527836597990245
seed123_C1_step2000 12 4 8 0.4347802450065501
seed123_C1_step2000 12 4 9 0.4466241460177116
seed123_C1_step2000 12 5 0 0.41761838301317766
seed123_C1_step2000 12 5 1 0.4260614819941111
seed123_C1_step2000 12 5 2 0.4534609380061738
seed123_C1_step2000 12 5 3 0.4276885450235568
seed123_C1_step2000 12 5 4 0.4414987459895201
seed123_C1_step2000 12 5 5 0.4460293460288085
seed123_C1_step2000 12 5 6 0.44734427897492424
seed123_C1_step2000 12 5 7 0.4492027380038053
seed123_C1_step2000 12 5 8 0.42830338596832007
seed123_C1_step2000 12 5 9 0.43564726499607787
seed123_C1_step2000 12 6 0 0.42902158899232745
seed123_C1_step2000 12 6 1 0.42120790999615565
seed123_C1_step2000 12 6 2 0.42792927200207487
seed123_C1_step2000 12 6 3 0.4407294950215146
seed123_C1_step2000 12 6 4 0.440742609964218
seed123_C1_step2000 12 6 5 0.4210959910415113
seed123_C1_step2000 12 6 6 0.45413130696397275
seed123_C1_step2000 12 6 7 0.4531646440154873
seed123_C1_step2000 12 6 8 0.45818845299072564
seed123_C1_step2000 12 6 9 0.42748466902412474
seed123_C1_step2000 12 7 0 0.42629963398212567
seed123_C1_step2000 12 7 1 0.44469544099410996
seed123_C1_step2000 12 7 2 0.42671637603780255
seed123_C1_step2000 12 7 3 0.4234429670032114
seed123_C1_step2000 12 7 4 0.44061165902530774
seed123_C1_step2000 12 7 5 0.436451752029825
seed123_C1_step2000 12 7 6 0.43559622403699905
seed123_C1_step2000 12 7 7 0.4275774299749173
seed123_C1_step2000 12 7 8 0.43448846600949764
seed123_C1_step2000 12 7 9 0.4381901789456606
seed123_C1_step2000 12 8 0 0.44033739500446245
seed123_C1_step2000 12 8 1 0.42523887200513855
seed123_C1_step2000 12 8 2 0.44154935801634565
seed123_C1_step2000 12 8 3 0.4600476029445417
seed123_C1_step2000 12 8 4 0.4421639610081911
seed123_C1_step2000 12 8 5 0.4411900339764543
seed123_C1_step2000 12 8 6 0.43973662197822705
seed123_C1_step2000 12 8 7 0.43379325000569224
seed123_C1_step2000 12 8 8 0.45775397802935913
seed123_C1_step2000 12 8 9 0.4368976099649444
seed123_C1_step2000 12 9 0 0.43788611300988123
seed123_C1_step2000 12 9 1 0.43468350102193654
seed123_C1_step2000 12 9 2 0.4388172560138628
seed123_C1_step2000 12 9 3 0.4355759489699267
seed123_C1_step2000 12 9 4 0.446853237983305
seed123_C1_step2000 12 9 5 0.44703162100631744
seed123_C1_step2000 12 9 6 0.4412276759976521
seed123_C1_step2000 12 9 7 0.44019983598263934
seed123_C1_step2000 12 9 8 0.443232066987548
seed123_C1_step2000 12 9 9 0.44052699499297887
seed123_C1_step2000 18 0 0 0.1060454539838247
seed123_C1_step2000 18 0 1 0.09937602403806522
seed123_C1_step2000 18 0 2 0.10008297598687932
seed123_C1_step2000 18 0 3 0.10224696598015726
seed123_C1_step2000 18 0 4 0.10303081595338881
seed123_C1_step2000 18 0 5 0.106695246999152
seed123_C1_step2000 18 0 6 0.1077130869962275
seed123_C1_step2000 18 0 7 0.12535510095767677
seed123_C1_step2000 18 0 8 0.10417396802222356
seed123_C1_step2000 18 0 9 0.10481698700459674
seed123_C1_step2000 18 1 0 0.10086227697320282
seed123_C1_step2000 18 1 1 0.09706032101530582
seed123_C1_step2000 18 1 2 0.09949532302562147
seed123_C1_step2000 18 1 3 0.09761901700403541
seed123_C1_step2000 18 1 4 0.09974465303821489
seed123_C1_step2000 18 1 5 0.10153172700665891
seed123_C1_step2000 18 1 6 0.09676003200002015
seed123_C1_step2000 18 1 7 0.0972233850043267
seed123_C1_step2000 18 1 8 0.09670606901636347
seed123_C1_step2000 18 1 9 0.0987809770158492
seed123_C1_step2000 18 2 0 0.10234982200199738
seed123_C1_step2000 18 2 1 0.10246984398690984
seed123_C1_step2000 18 2 2 0.10589939297642559
seed123_C1_step2000 18 2 3 0.09931045596022159
seed123_C1_step2000 18 2 4 0.098236255988013
seed123_C1_step2000 18 2 5 0.1018312830128707
seed123_C1_step2000 18 2 6 0.09507403295719996
seed123_C1_step2000 18 2 7 0.09596056095324457
seed123_C1_step2000 18 2 8 0.09631547599565238
seed123_C1_step2000 18 2 9 0.10984522401122376
seed123_C1_step2000 18 3 0 0.10239963798085228
seed123_C1_step2000 18 3 1 0.10296296398155391
seed123_C1_step2000 18 3 2 0.10140714602312073
seed123_C1_step2000 18 3 3 0.10382190794916824
seed123_C1_step2000 18 3 4 0.10038982500554994
seed123_C1_step2000 18 3 5 0.10808417102089152
seed123_C1_step2000 18 3 6 0.10881144204176962
seed123_C1_step2000 18 3 7 0.10640484601026401
seed123_C1_step2000 18 3 8 0.10140190500533208
seed123_C1_step2000 18 3 9 0.0982627070043236
seed123_C1_step2000 18 4 0 0.1008686880231835
seed123_C1_step2000 18 4 1 0.11784994800109416
seed123_C1_step2000 18 4 2 0.10087889700662345
seed123_C1_step2000 18 4 3 0.10629271902143955
seed123_C1_step2000 18 4 4 0.10059885698137805
seed123_C1_step2000 18 4 5 0.10069687699433416
seed123_C1_step2000 18 4 6 0.10350013797869906
seed123_C1_step2000 18 4 7 0.10180534300161526
seed123_C1_step2000 18 4 8 0.10378835303708911
seed123_C1_step2000 18 4 9 0.09853320696856827
seed123_C1_step2000 18 5 0 0.10115477896761149
seed123_C1_step2000 18 5 1 0.10198004898848012
seed123_C1_step2000 18 5 2 0.09797286702087149
seed123_C1_step2000 18 5 3 0.09984685899689794
seed123_C1_step2000 18 5 4 0.09739008400356397
seed123_C1_step2000 18 5 5 0.09704962896648794
seed123_C1_step2000 18 5 6 0.10443857603240758
seed123_C1_step2000 18 5 7 0.10563195502618328
seed123_C1_step2000 18 5 8 0.10732572799315676
seed123_C1_step2000 18 5 9 0.09911658096825704
seed123_C1_step2000 18 6 0 0.09570737200556323
seed123_C1_step2000 18 6 1 0.09926783200353384
seed123_C1_step2000 18 6 2 0.09528422600124031
seed123_C1_step2000 18 6 3 0.09671798901399598
seed123_C1_step2000 18 6 4 0.09675856697140262
seed123_C1_step2000 18 6 5 0.10544251900864765
seed123_C1_step2000 18 6 6 0.11056052095955238
seed123_C1_step2000 18 6 7 0.09879909898154438
seed123_C1_step2000 18 6 8 0.10093895200407133
seed123_C1_step2000 18 6 9 0.10594652104191482
seed123_C1_step2000 18 7 0 0.10138699499657378
seed123_C1_step2000 18 7 1 0.10109001398086548
seed123_C1_step2000 18 7 2 0.10095590498531237
seed123_C1_step2000 18 7 3 0.10283036599867046
seed123_C1_step2000 18 7 4 0.10560945101315156
seed123_C1_step2000 18 7 5 0.09701629396295175
seed123_C1_step2000 18 7 6 0.10113708302378654
seed123_C1_step2000 18 7 7 0.09786348603665829
seed123_C1_step2000 18 7 8 0.09944407100556418
seed123_C1_step2000 18 7 9 0.09888484299881384
seed123_C1_step2000 18 8 0 0.09785348601872101
seed123_C1_step2000 18 8 1 0.10236375697422773
seed123_C1_step2000 18 8 2 0.10498918499797583
seed123_C1_step2000 18 8 3 0.11052267800550908
seed123_C1_step2000 18 8 4 0.10789514501811936
seed123_C1_step2000 18 8 5 0.10520358802750707
seed123_C1_step2000 18 8 6 0.10241292102728039
seed123_C1_step2000 18 8 7 0.10255205899011344
seed123_C1_step2000 18 8 8 0.1078760779928416
seed123_C1_step2000 18 8 9 0.1083485379931517
seed123_C1_step2000 18 9 0 0.09860638598911464
seed123_C1_step2000 18 9 1 0.10259379900526255
seed123_C1_step2000 18 9 2 0.09962144203018397
seed123_C1_step2000 18 9 3 0.10154731303919107
seed123_C1_step2000 18 9 4 0.1032033140072599
seed123_C1_step2000 18 9 5 0.10215325001627207
seed123_C1_step2000 18 9 6 0.10073175199795514
seed123_C1_step2000 18 9 7 0.10134018398821354
seed123_C1_step2000 18 9 8 0.09784008900169283
seed123_C1_step2000 18 9 9 0.1000303000328131
seed123_C1_step2000 22 0 0 0.016376042971387506
seed123_C1_step2000 22 0 1 0.015445409982930869
seed123_C1_step2000 22 0 2 0.015558218001388013
seed123_C1_step2000 22 0 3 0.015529222029726952
seed123_C1_step2000 22 0 4 0.015601510996930301
seed123_C1_step2000 22 0 5 0.015667477971874177
seed123_C1_step2000 22 0 6 0.01633427297929302
seed123_C1_step2000 22 0 7 0.0162548299995251
seed123_C1_step2000 22 0 8 0.017610100971069187
seed123_C1_step2000 22 0 9 0.018229805980809033
seed123_C1_step2000 22 1 0 0.015560842992272228
seed123_C1_step2000 22 1 1 0.015461521979887038
seed123_C1_step2000 22 1 2 0.015507319010794163
seed123_C1_step2000 22 1 3 0.015557696984615177
seed123_C1_step2000 22 1 4 0.01567286904901266
seed123_C1_step2000 22 1 5 0.01591440394986421
seed123_C1_step2000 22 1 6 0.015478894987609237
seed123_C1_step2000 22 1 7 0.016182111052330583
seed123_C1_step2000 22 1 8 0.01581057399744168
seed123_C1_step2000 22 1 9 0.01558698300505057
seed123_C1_step2000 22 2 0 0.017197356966789812
seed123_C1_step2000 22 2 1 0.015661737008485943
seed123_C1_step2000 22 2 2 0.01563048700336367
seed123_C1_step2000 22 2 3 0.015755087020806968
seed123_C1_step2000 22 2 4 0.01642463798634708
seed123_C1_step2000 22 2 5 0.01559506799094379
seed123_C1_step2000 22 2 6 0.01580043399007991
seed123_C1_step2000 22 2 7 0.01554891001433134
seed123_C1_step2000 22 2 8 0.01573440694482997
seed123_C1_step2000 22 2 9 0.015666606021113694
seed123_C1_step2000 22 3 0 0.015581201994791627
seed123_C1_step2000 22 3 1 0.015534633013885468
seed123_C1_step2000 22 3 2 0.016596247965935618
seed123_C1_step2000 22 3 3 0.01595278800232336
seed123_C1_step2000 22 3 4 0.015421774995047599
seed123_C1_step2000 22 3 5 0.015697375987656415
seed123_C1_step2000 22 3 6 0.015490497054997832
seed123_C1_step2000 22 3 7 0.015603725973051041
seed123_C1_step2000 22 3 8 0.015402366989292204
seed123_C1_step2000 22 3 9 0.015519153035711497
seed123_C1_step2000 22 4 0 0.015474936983082443
seed123_C1_step2000 22 4 1 0.015509182994719595
seed123_C1_step2000 22 4 2 0.01539168698946014
seed123_C1_step2000 22 4 3 0.015271354001015425
seed123_C1_step2000 22 4 4 0.01533540798118338
seed123_C1_step2000 22 4 5 0.01546911703189835
seed123_C1_step2000 22 4 6 0.01539175701327622
seed123_C1_step2000 22 4 7 0.015302626008633524
seed123_C1_step2000 22 4 8 0.015486327989492565
seed123_C1_step2000 22 4 9 0.0154185889987275
seed123_C1_step2000 22 5 0 0.01538985304068774
seed123_C1_step2000 22 5 1 0.015320739010348916
seed123_C1_step2000 22 5 2 0.015527107985690236
seed123_C1_step2000 22 5 3 0.015427735983394086
seed123_C1_step2000 22 5 4 0.015485467971302569
seed123_C1_step2000 22 5 5 0.015346660977229476
seed123_C1_step2000 22 5 6 0.015244132024236023
seed123_C1_step2000 22 5 7 0.015924613981042057
seed123_C1_step2000 22 5 8 0.017287749971728772
seed123_C1_step2000 22 5 9 0.01695910602575168
seed123_C1_step2000 22 6 0 0.016928067954722792
seed123_C1_step2000 22 6 1 0.01753372501116246
seed123_C1_step2000 22 6 2 0.0173712499672547
seed123_C1_step2000 22 6 3 0.02245919400593266
seed123_C1_step2000 22 6 4 0.019845368049573153
seed123_C1_step2000 22 6 5 0.01629298401530832
seed123_C1_step2000 22 6 6 0.018746069981716573
seed123_C1_step2000 22 6 7 0.01589718199102208
seed123_C1_step2000 22 6 8 0.015950903994962573
seed123_C1_step2000 22 6 9 0.015947978012263775
seed123_C1_step2000 22 7 0 0.016110873024445027
seed123_C1_step2000 22 7 1 0.016028883983381093
seed123_C1_step2000 22 7 2 0.01609198603546247
seed123_C1_step2000 22 7 3 0.01617437496315688
seed123_C1_step2000 22 7 4 0.016046668984927237
seed123_C1_step2000 22 7 5 0.016014286957215518
seed123_C1_step2000 22 7 6 0.015887963003478944
seed123_C1_step2000 22 7 7 0.016070824989583343
seed123_C1_step2000 22 7 8 0.016066137002781034
seed123_C1_step2000 22 7 9 0.01612347603077069
seed123_C1_step2000 22 8 0 0.01611422997666523
seed123_C1_step2000 22 8 1 0.0160408079973422
seed123_C1_step2000 22 8 2 0.016044964955653995
seed123_C1_step2000 22 8 3 0.016083950991742313
seed123_C1_step2000 22 8 4 0.01704524300293997
seed123_C1_step2000 22 8 5 0.017499789013527334
seed123_C1_step2000 22 8 6 0.015927989967167377
seed123_C1_step2000 22 8 7 0.0159558950108476
seed123_C1_step2000 22 8 8 0.016846929967869073
seed123_C1_step2000 22 8 9 0.016564998019021004
seed123_C1_step2000 22 9 0 0.01681799499783665
seed123_C1_step2000 22 9 1 0.015412937966175377
seed123_C1_step2000 22 9 2 0.015517639985773712
seed123_C1_step2000 22 9 3 0.01548681000713259
seed123_C1_step2000 22 9 4 0.015508572978433222
seed123_C1_step2000 22 9 5 0.015468184021301568
seed123_C1_step2000 22 9 6 0.015496398962568492
seed123_C1_step2000 22 9 7 0.015495727013330907
seed123_C1_step2000 22 9 8 0.015269891999196261
seed123_C1_step2000 22 9 9 0.015211129968520254
seed123_C1_step2000 24 0 0 0.018562485987786204
seed123_C1_step2000 24 0 1 0.017159492999780923
seed123_C1_step2000 24 0 2 0.017019142978824675
seed123_C1_step2000 24 0 3 0.01712626899825409
seed123_C1_step2000 24 0 4 0.017129324027337134
seed123_C1_step2000 24 0 5 0.01708466897252947
seed123_C1_step2000 24 0 6 0.01713263103738427
seed123_C1_step2000 24 0 7 0.017340391990728676
seed123_C1_step2000 24 0 8 0.017403083038516343
seed123_C1_step2000 24 0 9 0.017340249964036047
seed123_C1_step2000 24 1 0 0.017329069960396737
seed123_C1_step2000 24 1 1 0.017398563970346004
seed123_C1_step2000 24 1 2 0.018586321966722608
seed123_C1_step2000 24 1 3 0.022076947963796556
seed123_C1_step2000 24 1 4 0.018560472002718598
seed123_C1_step2000 24 1 5 0.017544685979373753
seed123_C1_step2000 24 1 6 0.017377653042785823
seed123_C1_step2000 24 1 7 0.01724650099640712
seed123_C1_step2000 24 1 8 0.017144202953204513
seed123_C1_step2000 24 1 9 0.01714547601295635
seed123_C1_step2000 24 2 0 0.01746714598266408
seed123_C1_step2000 24 2 1 0.01721580099547282
seed123_C1_step2000 24 2 2 0.017463087977375835
seed123_C1_step2000 24 2 3 0.0175676989601925
seed123_C1_step2000 24 2 4 0.017404476006049663
seed123_C1_step2000 24 2 5 0.017295864992775023
seed123_C1_step2000 24 2 6 0.017103043966926634
seed123_C1_step2000 24 2 7 0.01867211703211069
seed123_C1_step2000 24 2 8 0.01958929398097098
seed123_C1_step2000 24 2 9 0.019572463002987206
seed123_C1_step2000 24 3 0 0.019049523980356753
seed123_C1_step2000 24 3 1 0.019382396014407277
seed123_C1_step2000 24 3 2 0.01744039502227679
seed123_C1_step2000 24 3 3 0.017280084954109043
seed123_C1_step2000 24 3 4 0.0171768760192208
seed123_C1_step2000 24 3 5 0.017558431020006537
seed123_C1_step2000 24 3 6 0.01783823099685833
seed123_C1_step2000 24 3 7 0.017476213979534805
seed123_C1_step2000 24 3 8 0.01753557799383998
seed123_C1_step2000 24 3 9 0.017569863994140178
seed123_C1_step2000 24 4 0 0.017507462995126843
seed123_C1_step2000 24 4 1 0.017659867007751018
seed123_C1_step2000 24 4 2 0.017782123002689332
seed123_C1_step2000 24 4 3 0.017435544985346496
seed123_C1_step2000 24 4 4 0.01747553196037188
seed123_C1_step2000 24 4 5 0.017469860962592065
seed123_C1_step2000 24 4 6 0.01738054904853925
seed123_C1_step2000 24 4 7 0.017284864035900682
seed123_C1_step2000 24 4 8 0.01743209798587486
seed123_C1_step2000 24 4 9 0.017255277023650706
seed123_C1_step2000 24 5 0 0.01727354299509898
seed123_C1_step2000 24 5 1 0.01728717901278287
seed123_C1_step2000 24 5 2 0.017318208992946893
seed123_C1_step2000 24 5 3 0.017262340988963842
seed123_C1_step2000 24 5 4 0.017475270957220346
seed123_C1_step2000 24 5 5 0.017406529979780316
seed123_C1_step2000 24 5 6 0.017499708977993578
seed123_C1_step2000 24 5 7 0.018167987000197172
seed123_C1_step2000 24 5 8 0.0185866630054079
seed123_C1_step2000 24 5 9 0.018502309976611286
seed123_C1_step2000 24 6 0 0.018634125008247793
seed123_C1_step2000 24 6 1 0.017449892009608448
seed123_C1_step2000 24 6 2 0.017705074977129698
seed123_C1_step2000 24 6 3 0.019856087979860604
seed123_C1_step2000 24 6 4 0.01855116500519216
seed123_C1_step2000 24 6 5 0.01957137999124825
seed123_C1_step2000 24 6 6 0.018769255024380982
seed123_C1_step2000 24 6 7 0.017322647967375815
seed123_C1_step2000 24 6 8 0.01740495703415945
seed123_C1_step2000 24 6 9 0.01731457095593214
seed123_C1_step2000 24 7 0 0.017359037999995053
seed123_C1_step2000 24 7 1 0.017552099016029388
seed123_C1_step2000 24 7 2 0.017543894005939364
seed123_C1_step2000 24 7 3 0.01760243601165712
seed123_C1_step2000 24 7 4 0.017403042991645634
seed123_C1_step2000 24 7 5 0.017259937012568116
seed123_C1_step2000 24 7 6 0.017227512958925217
seed123_C1_step2000 24 7 7 0.017205973039381206
seed123_C1_step2000 24 7 8 0.01728655700571835
seed123_C1_step2000 24 7 9 0.017255458049476147
seed123_C1_step2000 24 8 0 0.017231782025191933
seed123_C1_step2000 24 8 1 0.017269284988287836
seed123_C1_step2000 24 8 2 0.017215520958416164
seed123_C1_step2000 24 8 3 0.0172254599747248
seed123_C1_step2000 24 8 4 0.017504828982055187
seed123_C1_step2000 24 8 5 0.01882788701914251
seed123_C1_step2000 24 8 6 0.01969129196368158
seed123_C1_step2000 24 8 7 0.01799198699882254
seed123_C1_step2000 24 8 8 0.0172900750185363
seed123_C1_step2000 24 8 9 0.01722437801072374
seed123_C1_step2000 24 9 0 0.01725846400950104
seed123_C1_step2000 24 9 1 0.017259033978916705
seed123_C1_step2000 24 9 2 0.01722932799020782
seed123_C1_step2000 24 9 3 0.01721243397332728
seed123_C1_step2000 24 9 4 0.017079089011531323
seed123_C1_step2000 24 9 5 0.017012389027513564
seed123_C1_step2000 24 9 6 0.01700602803612128
seed123_C1_step2000 24 9 7 0.016975276987068355
seed123_C1_step2000 24 9 8 0.018486579007003456
seed123_C1_step2000 24 9 9 0.018396086001303047
seed123_C1_step2000 30 0 0 0.029203318990767002
seed123_C1_step2000 30 0 1 0.02990719600347802
seed123_C1_step2000 30 0 2 0.029238004994112998
seed123_C1_step2000 30 0 3 0.028980068978853524
seed123_C1_step2000 30 0 4 0.029919739987235516
seed123_C1_step2000 30 0 5 0.028830130002461374
seed123_C1_step2000 30 0 6 0.028040728997439146
seed123_C1_step2000 30 0 7 0.028716129949316382
seed123_C1_step2000 30 0 8 0.03010529704624787
seed123_C1_step2000 30 0 9 0.02915014704922214
seed123_C1_step2000 30 1 0 0.027858076035045087
seed123_C1_step2000 30 1 1 0.028682184987701476
seed123_C1_step2000 30 1 2 0.02905805903719738
seed123_C1_step2000 30 1 3 0.0291263010003604
seed123_C1_step2000 30 1 4 0.029769901011604816
seed123_C1_step2000 30 1 5 0.030885900021530688
seed123_C1_step2000 30 1 6 0.02990071300882846
seed123_C1_step2000 30 1 7 0.02915436401963234
seed123_C1_step2000 30 1 8 0.02924395800800994
seed123_C1_step2000 30 1 9 0.029565998003818095
seed123_C1_step2000 30 2 0 0.03187407401856035
seed123_C1_step2000 30 2 1 0.03435818199068308
seed123_C1_step2000 30 2 2 0.03359238599659875
seed123_C1_step2000 30 2 3 0.0336915259831585
seed123_C1_step2000 30 2 4 0.034770063997711986
seed123_C1_step2000 30 2 5 0.03417224297299981
seed123_C1_step2000 30 2 6 0.03201795200584456
seed123_C1_step2000 30 2 7 0.030017498007509857
seed123_C1_step2000 30 2 8 0.03243591799400747
seed123_C1_step2000 30 2 9 0.029254798020701855
seed123_C1_step2000 30 3 0 0.02913371502654627
seed123_C1_step2000 30 3 1 0.03363726200768724
seed123_C1_step2000 30 3 2 0.03116665198467672
seed123_C1_step2000 30 3 3 0.029601055022794753
seed123_C1_step2000 30 3 4 0.029538724978920072
seed123_C1_step2000 30 3 5 0.032532103010453284
seed123_C1_step2000 30 3 6 0.030619908997323364
seed123_C1_step2000 30 3 7 0.03034177201334387
seed123_C1_step2000 30 3 8 0.029898919980041683
seed123_C1_step2000 30 3 9 0.029326255957130343
seed123_C1_step2000 30 4 0 0.028025700012221932
seed123_C1_step2000 30 4 1 0.028331459034234285
seed123_C1_step2000 30 4 2 0.02814651298103854
seed123_C1_step2000 30 4 3 0.028217818995472044
seed123_C1_step2000 30 4 4 0.0290317379985936
seed123_C1_step2000 30 4 5 0.028519800980575383
seed123_C1_step2000 30 4 6 0.02864701795624569
seed123_C1_step2000 30 4 7 0.0282881049788557
seed123_C1_step2000 30 4 8 0.029457508004270494
seed123_C1_step2000 30 4 9 0.029028752993326634
seed123_C1_step2000 30 5 0 0.02864452201174572
seed123_C1_step2000 30 5 1 0.028861701022833586
seed123_C1_step2000 30 5 2 0.029135237040463835
seed123_C1_step2000 30 5 3 0.031664540991187096
seed123_C1_step2000 30 5 4 0.030734598985873163
seed123_C1_step2000 30 5 5 0.02954849402885884
seed123_C1_step2000 30 5 6 0.029341935995034873
seed123_C1_step2000 30 5 7 0.030705982993822545
seed123_C1_step2000 30 5 8 0.027589199016802013
seed123_C1_step2000 30 5 9 0.0275610139942728
seed123_C1_step2000 30 6 0 0.027171363995876163
seed123_C1_step2000 30 6 1 0.027297477005049586
seed123_C1_step2000 30 6 2 0.027229404950048774
seed123_C1_step2000 30 6 3 0.027094925986602902
seed123_C1_step2000 30 6 4 0.027424772968515754
seed123_C1_step2000 30 6 5 0.027827927959151566
seed123_C1_step2000 30 6 6 0.027585491945501417
seed123_C1_step2000 30 6 7 0.027480939985252917
seed123_C1_step2000 30 6 8 0.028217718994710594
seed123_C1_step2000 30 6 9 0.0269663889775984
seed123_C1_step2000 30 7 0 0.027190520951990038
seed123_C1_step2000 30 7 1 0.02680235297884792
seed123_C1_step2000 30 7 2 0.026620032032951713
seed123_C1_step2000 30 7 3 0.02654077799525112
seed123_C1_step2000 30 7 4 0.026734421961009502
seed123_C1_step2000 30 7 5 0.026879761018790305
seed123_C1_step2000 30 7 6 0.027268751000519842
seed123_C1_step2000 30 7 7 0.02686872100457549
seed123_C1_step2000 30 7 8 0.027999878977425396
seed123_C1_step2000 30 7 9 0.028394230001140386
seed123_C1_step2000 30 8 0 0.027614486985839903
seed123_C1_step2000 30 8 1 0.027474848029669374
seed123_C1_step2000 30 8 2 0.027339035994373262
seed123_C1_step2000 30 8 3 0.02695710101397708
seed123_C1_step2000 30 8 4 0.02729480102425441
seed123_C1_step2000 30 8 5 0.026912584027741104
seed123_C1_step2000 30 8 6 0.026887918007560074
seed123_C1_step2000 30 8 7 0.027059337007813156
seed123_C1_step2000 30 8 8 0.027019430010113865
seed123_C1_step2000 30 8 9 0.026758177031297237
seed123_C1_step2000 30 9 0 0.026950107014272362
seed123_C1_step2000 30 9 1 0.02679647202603519
seed123_C1_step2000 30 9 2 0.027361669985111803
seed123_C1_step2000 30 9 3 0.026961649011354893
seed123_C1_step2000 30 9 4 0.02712724800221622
seed123_C1_step2000 30 9 5 0.027479958022013307
seed123_C1_step2000 30 9 6 0.026928125007543713
seed123_C1_step2000 30 9 7 0.02764654898783192
seed123_C1_step2000 30 9 8 0.027097370999399573
seed123_C1_step2000 30 9 9 0.026871034991927445
seed123_C1_step2000 33 0 0 0.0065872520208358765
seed123_C1_step2000 33 0 1 0.006068453018087894
seed123_C1_step2000 33 0 2 0.006001834000926465
seed123_C1_step2000 33 0 3 0.005992716993205249
seed123_C1_step2000 33 0 4 0.006103719992097467
seed123_C1_step2000 33 0 5 0.005981035006698221
seed123_C1_step2000 33 0 6 0.006003476970363408
seed123_C1_step2000 33 0 7 0.006177371949888766
seed123_C1_step2000 33 0 8 0.006030129035934806
seed123_C1_step2000 33 0 9 0.006004148977808654
seed123_C1_step2000 33 1 0 0.006358852027915418
seed123_C1_step2000 33 1 1 0.006063734006602317
seed123_C1_step2000 33 1 2 0.0060194479883648455
seed123_C1_step2000 33 1 3 0.009064656042028219
seed123_C1_step2000 33 1 4 0.009195257036481053
seed123_C1_step2000 33 1 5 0.00961357296910137
seed123_C1_step2000 33 1 6 0.006104001018684357
seed123_C1_step2000 33 1 7 0.006020700966473669
seed123_C1_step2000 33 1 8 0.0059935980243608356
seed123_C1_step2000 33 1 9 0.006071237963624299
seed123_C1_step2000 33 2 0 0.00599897897336632
seed123_C1_step2000 33 2 1 0.006266725016757846
seed123_C1_step2000 33 2 2 0.006001253961585462
seed123_C1_step2000 33 2 3 0.006031611002981663
seed123_C1_step2000 33 2 4 0.006017674983013421
seed123_C1_step2000 33 2 5 0.006047761999070644
seed123_C1_step2000 33 2 6 0.006015972001478076
seed123_C1_step2000 33 2 7 0.006011692981701344
seed123_C1_step2000 33 2 8 0.005996493971906602
seed123_C1_step2000 33 2 9 0.005992245045490563
seed123_C1_step2000 33 3 0 0.006144108017906547
seed123_C1_step2000 33 3 1 0.006035780010279268
seed123_C1_step2000 33 3 2 0.006027683964930475
seed123_C1_step2000 33 3 3 0.006057090999092907
seed123_C1_step2000 33 3 4 0.0061125269858166575
seed123_C1_step2000 33 3 5 0.006101204955484718
seed123_C1_step2000 33 3 6 0.006023065012414008
seed123_C1_step2000 33 3 7 0.006313443998806179
seed123_C1_step2000 33 3 8 0.006701742997393012
seed123_C1_step2000 33 3 9 0.006214524037204683
seed123_C1_step2000 33 4 0 0.006017794949002564
seed123_C1_step2000 33 4 1 0.006072730990126729
seed123_C1_step2000 33 4 2 0.0062570159789174795
seed123_C1_step2000 33 4 3 0.006044916983228177
seed123_C1_step2000 33 4 4 0.006131713977083564
seed123_C1_step2000 33 4 5 0.006019898981321603
seed123_C1_step2000 33 4 6 0.006013467034790665
seed123_C1_step2000 33 4 7 0.006059986015316099
seed123_C1_step2000 33 4 8 0.006020691012963653
seed123_C1_step2000 33 4 9 0.006268227007240057
seed123_C1_step2000 33 5 0 0.00604750303318724
seed123_C1_step2000 33 5 1 0.006034978025127202
seed123_C1_step2000 33 5 2 0.006120793987065554
seed123_C1_step2000 33 5 3 0.006195426976773888
seed123_C1_step2000 33 5 4 0.006131863978225738
seed123_C1_step2000 33 5 5 0.006102046987507492
seed123_C1_step2000 33 5 6 0.0060931799816899
seed123_C1_step2000 33 5 7 0.006220966984983534
seed123_C1_step2000 33 5 8 0.006069264025427401
seed123_C1_step2000 33 5 9 0.006070256000384688
seed123_C1_step2000 33 6 0 0.006014538987074047
seed123_C1_step2000 33 6 1 0.006271063000895083
seed123_C1_step2000 33 6 2 0.005965885007753968
seed123_C1_step2000 33 6 3 0.006044606969226152
seed123_C1_step2000 33 6 4 0.006018015963491052
seed123_C1_step2000 33 6 5 0.006569397985003889
seed123_C1_step2000 33 6 6 0.006090756040066481
seed123_C1_step2000 33 6 7 0.006572383979801089
seed123_C1_step2000 33 6 8 0.006385652988683432
seed123_C1_step2000 33 6 9 0.0061551189864985645
seed123_C1_step2000 33 7 0 0.00612644397187978
seed123_C1_step2000 33 7 1 0.006139258970506489
seed123_C1_step2000 33 7 2 0.006546945020090789
seed123_C1_step2000 33 7 3 0.006643469969276339
seed123_C1_step2000 33 7 4 0.006642367981839925
seed123_C1_step2000 33 7 5 0.006361607986036688
seed123_C1_step2000 33 7 6 0.006746458995621651
seed123_C1_step2000 33 7 7 0.006986482010688633
seed123_C1_step2000 33 7 8 0.007109187019523233
seed123_C1_step2000 33 7 9 0.006699268007650971
seed123_C1_step2000 33 8 0 0.006419720011763275
seed123_C1_step2000 33 8 1 0.006415762007236481
seed123_C1_step2000 33 8 2 0.00668744498398155
seed123_C1_step2000 33 8 3 0.006179596995934844
seed123_C1_step2000 33 8 4 0.00619757198728621
seed123_C1_step2000 33 8 5 0.00628662301460281
seed123_C1_step2000 33 8 6 0.006857972999569029
seed123_C1_step2000 33 8 7 0.006438465032260865
seed123_C1_step2000 33 8 8 0.00623646704480052
seed123_C1_step2000 33 8 9 0.006249722035136074
seed123_C1_step2000 33 9 0 0.006405562977306545
seed123_C1_step2000 33 9 1 0.006418227043468505
seed123_C1_step2000 33 9 2 0.006120271980762482
seed123_C1_step2000 33 9 3 0.006197510985657573
seed123_C1_step2000 33 9 4 0.006068672984838486
seed123_C1_step2000 33 9 5 0.006268738012295216
seed123_C1_step2000 33 9 6 0.006322372006252408
seed123_C1_step2000 33 9 7 0.006236436951439828
seed123_C1_step2000 33 9 8 0.006152444984763861
seed123_C1_step2000 33 9 9 0.006331670039799064
seed123_C1_step2000 36 0 0 0.006757571012713015
seed123_C1_step2000 36 0 1 0.00664334004977718
seed123_C1_step2000 36 0 2 0.0066081719705834985
seed123_C1_step2000 36 0 3 0.006673858966678381
seed123_C1_step2000 36 0 4 0.14648465404752642
seed123_C1_step2000 36 0 5 0.007173029996920377
seed123_C1_step2000 36 0 6 0.006718685966916382
seed123_C1_step2000 36 0 7 0.006831893988419324
seed123_C1_step2000 36 0 8 0.006563085014931858
seed123_C1_step2000 36 0 9 0.0067029649508185685
seed123_C1_step2000 36 1 0 0.006583214970305562
seed123_C1_step2000 36 1 1 0.006866729992907494
seed123_C1_step2000 36 1 2 0.006662306026555598
seed123_C1_step2000 36 1 3 0.006681302969809622
seed123_C1_step2000 36 1 4 0.006603273039218038
seed123_C1_step2000 36 1 5 0.0067487130290828645
seed123_C1_step2000 36 1 6 0.006970491027459502
seed123_C1_step2000 36 1 7 0.006934631033800542
seed123_C1_step2000 36 1 8 0.006813418003730476
seed123_C1_step2000 36 1 9 0.006751278007868677
seed123_C1_step2000 36 2 0 0.006683336978312582
seed123_C1_step2000 36 2 1 0.006861449975986034
seed123_C1_step2000 36 2 2 0.006768011022359133
seed123_C1_step2000 36 2 3 0.00683372700586915
seed123_C1_step2000 36 2 4 0.0067074940307065845
seed123_C1_step2000 36 2 5 0.006675080978311598
seed123_C1_step2000 36 2 6 0.006717231997754425
seed123_C1_step2000 36 2 7 0.0067483020247891545
seed123_C1_step2000 36 2 8 0.006669210037216544
seed123_C1_step2000 36 2 9 0.0067542739561758935
seed123_C1_step2000 36 3 0 0.006721871031913906
seed123_C1_step2000 36 3 1 0.006700049969367683
seed123_C1_step2000 36 3 2 0.006734987022355199
seed123_C1_step2000 36 3 3 0.006693196017295122
seed123_C1_step2000 36 3 4 0.0067304790136404335
seed123_C1_step2000 36 3 5 0.006625776004511863
seed123_C1_step2000 36 3 6 0.006689939997158945
seed123_C1_step2000 36 3 7 0.006718535034451634
seed123_C1_step2000 36 3 8 0.006655954988673329
seed123_C1_step2000 36 3 9 0.006953176984097809
seed123_C1_step2000 36 4 0 0.006665192020591348
seed123_C1_step2000 36 4 1 0.006657688005361706
seed123_C1_step2000 36 4 2 0.0066548429895192385
seed123_C1_step2000 36 4 3 0.006672375951893628
seed123_C1_step2000 36 4 4 0.006665161985438317
seed123_C1_step2000 36 4 5 0.006737421965226531
seed123_C1_step2000 36 4 6 0.006620727013796568
seed123_C1_step2000 36 4 7 0.006746177969034761
seed123_C1_step2000 36 4 8 0.006791876978240907
seed123_C1_step2000 36 4 9 0.006827766017522663
seed123_C1_step2000 36 5 0 0.007167128962464631
seed123_C1_step2000 36 5 1 0.006920244020875543
seed123_C1_step2000 36 5 2 0.0068877910380251706
seed123_C1_step2000 36 5 3 0.0068576629855670035
seed123_C1_step2000 36 5 4 0.006761397002264857
seed123_C1_step2000 36 5 5 0.0068627430009655654
seed123_C1_step2000 36 5 6 0.006895244994666427
seed123_C1_step2000 36 5 7 0.006808257952798158
seed123_C1_step2000 36 5 8 0.00681266700848937
seed123_C1_step2000 36 5 9 0.00681439001346007
seed123_C1_step2000 36 6 0 0.006543006980791688
seed123_C1_step2000 36 6 1 0.006622068991418928
seed123_C1_step2000 36 6 2 0.006606840004678816
seed123_C1_step2000 36 6 3 0.0065941259963437915
seed123_C1_step2000 36 6 4 0.006600718013942242
seed123_C1_step2000 36 6 5 0.006621388019993901
seed123_C1_step2000 36 6 6 0.00665055395802483
seed123_C1_step2000 36 6 7 0.008952639997005463
seed123_C1_step2000 36 6 8 0.007194603036623448
seed123_C1_step2000 36 6 9 0.006706993037369102
seed123_C1_step2000 36 7 0 0.00695778604131192
seed123_C1_step2000 36 7 1 0.006910715950652957
seed123_C1_step2000 36 7 2 0.006907440023496747
seed123_C1_step2000 36 7 3 0.006975449970923364
seed123_C1_step2000 36 7 4 0.006921216030605137
seed123_C1_step2000 36 7 5 0.006943428015802056
seed123_C1_step2000 36 7 6 0.006848445977084339
seed123_C1_step2000 36 7 7 0.007053340028505772
seed123_C1_step2000 36 7 8 0.006975640018936247
seed123_C1_step2000 36 7 9 0.0070071310037747025
seed123_C1_step2000 36 8 0 0.006952625990379602
seed123_C1_step2000 36 8 1 0.006950220966245979
seed123_C1_step2000 36 8 2 0.0065832550171762705
seed123_C1_step2000 36 8 3 0.006745557009708136
seed123_C1_step2000 36 8 4 0.006637618993408978
seed123_C1_step2000 36 8 5 0.0067858940456062555
seed123_C1_step2000 36 8 6 0.006593994970899075
seed123_C1_step2000 36 8 7 0.006619144056458026
seed123_C1_step2000 36 8 8 0.0067453469964675605
seed123_C1_step2000 36 8 9 0.006804559961892664
seed123_C1_step2000 36 9 0 0.006621056993026286
seed123_C1_step2000 36 9 1 0.006642188003752381
seed123_C1_step2000 36 9 2 0.0068427950027398765
seed123_C1_step2000 36 9 3 0.007438472006469965
seed123_C1_step2000 36 9 4 0.010594122984912246
seed123_C1_step2000 36 9 5 0.010609682009089738
seed123_C1_step2000 36 9 6 0.01055830396944657
seed123_C1_step2000 36 9 7 0.010688695008866489
seed123_C1_step2000 36 9 8 0.010698422964196652
seed123_C1_step2000 36 9 9 0.01114649698138237
seed123_C1_step2000 40 0 0 0.006687345041427761
seed123_C1_step2000 40 0 1 0.006471749977208674
seed123_C1_step2000 40 0 2 0.006465918035246432
seed123_C1_step2000 40 0 3 0.006502428965177387
seed123_C1_step2000 40 0 4 0.006521685980260372
seed123_C1_step2000 40 0 5 0.006445128004997969
seed123_C1_step2000 40 0 6 0.006395962962415069
seed123_C1_step2000 40 0 7 0.006427924963645637
seed123_C1_step2000 40 0 8 0.006440569006372243
seed123_C1_step2000 40 0 9 0.006306821014732122
seed123_C1_step2000 40 1 0 0.006383468979038298
seed123_C1_step2000 40 1 1 0.006348241993691772
seed123_C1_step2000 40 1 2 0.006291651981882751
seed123_C1_step2000 40 1 3 0.006332720979116857
seed123_C1_step2000 40 1 4 0.006319144973531365
seed123_C1_step2000 40 1 5 0.003994175989646465
seed123_C1_step2000 40 1 6 0.0039487690082751215
seed123_C1_step2000 40 1 7 0.0039257939788512886
seed123_C1_step2000 40 1 8 0.004001219000201672
seed123_C1_step2000 40 1 9 0.004051967000123113
seed123_C1_step2000 40 2 0 0.00402950297575444
seed123_C1_step2000 40 2 1 0.003984818002209067
seed123_C1_step2000 40 2 2 0.004244568001013249
seed123_C1_step2000 40 2 3 0.003966462973039597
seed123_C1_step2000 40 2 4 0.003939380985684693
seed123_C1_step2000 40 2 5 0.004082335974089801
seed123_C1_step2000 40 2 6 0.004012079967651516
seed123_C1_step2000 40 2 7 0.003914602973964065
seed123_C1_step2000 40 2 8 0.0041039069765247405
seed123_C1_step2000 40 2 9 0.003980179026257247
seed123_C1_step2000 40 3 0 0.004029312985949218
seed123_C1_step2000 40 3 1 0.003880366974044591
seed123_C1_step2000 40 3 2 0.004222606017719954
seed123_C1_step2000 40 3 3 0.0038843340007588267
seed123_C1_step2000 40 3 4 0.0038769699749536812
seed123_C1_step2000 40 3 5 0.003975099010858685
seed123_C1_step2000 40 3 6 0.003873482986818999
seed123_C1_step2000 40 3 7 0.003849347005598247
seed123_C1_step2000 40 3 8 0.004041728039737791
seed123_C1_step2000 40 3 9 0.00397031003376469
seed123_C1_step2000 40 4 0 0.0038769200327806175
seed123_C1_step2000 40 4 1 0.003948408004362136
seed123_C1_step2000 40 4 2 0.003965761978179216
seed123_C1_step2000 40 4 3 0.0039697380270808935
seed123_C1_step2000 40 4 4 0.0038683339953422546
seed123_C1_step2000 40 4 5 0.003995097009465098
seed123_C1_step2000 40 4 6 0.0039026199956424534
seed123_C1_step2000 40 4 7 0.003869976964779198
seed123_C1_step2000 40 4 8 0.003877320035826415
seed123_C1_step2000 40 4 9 0.0038939720252528787
seed123_C1_step2000 40 5 0 0.003901757998391986
seed123_C1_step2000 40 5 1 0.003883943019900471
seed123_C1_step2000 40 5 2 0.0038938329671509564
seed123_C1_step2000 40 5 3 0.0038762190379202366
seed123_C1_step2000 40 5 4 0.003926786012016237
seed123_C1_step2000 40 5 5 0.0038836530293338
seed123_C1_step2000 40 5 6 0.003955001011490822
seed123_C1_step2000 40 5 7 0.003942906972952187
seed123_C1_step2000 40 5 8 0.003951373044401407
seed123_C1_step2000 40 5 9 0.004007572017144412
seed123_C1_step2000 40 6 0 0.003862322017084807
seed123_C1_step2000 40 6 1 0.003855618997476995
seed123_C1_step2000 40 6 2 0.0038877910119481385
seed123_C1_step2000 40 6 3 0.0038742850301787257
seed123_C1_step2000 40 6 4 0.0038619909901171923
seed123_C1_step2000 40 6 5 0.0038724919431842864
seed123_C1_step2000 40 6 6 0.0038703979807905853
seed123_C1_step2000 40 6 7 0.0038616509991697967
seed123_C1_step2000 40 6 8 0.0038687140331603587
seed123_C1_step2000 40 6 9 0.003857723029796034
seed123_C1_step2000 40 7 0 0.003952705999836326
seed123_C1_step2000 40 7 1 0.003911916981451213
seed123_C1_step2000 40 7 2 0.0039287389954552054
seed123_C1_step2000 40 7 3 0.00390832097036764
seed123_C1_step2000 40 7 4 0.003905454999767244
seed123_C1_step2000 40 7 5 0.003920012968592346
seed123_C1_step2000 40 7 6 0.003916566027328372
seed123_C1_step2000 40 7 7 0.003905474964994937
seed123_C1_step2000 40 7 8 0.004031517019029707
seed123_C1_step2000 40 7 9 0.003946744021959603
seed123_C1_step2000 40 8 0 0.003983063972555101
seed123_C1_step2000 40 8 1 0.003889405052177608
seed123_C1_step2000 40 8 2 0.003914642031304538
seed123_C1_step2000 40 8 3 0.0039133899845182896
seed123_C1_step2000 40 8 4 0.003939199959859252
seed123_C1_step2000 40 8 5 0.003921324969269335
seed123_C1_step2000 40 8 6 0.0039265460218302906
seed123_C1_step2000 40 8 7 0.00390394200803712
seed123_C1_step2000 40 8 8 0.004272942955140024
seed123_C1_step2000 40 8 9 0.004403575032483786
seed123_C1_step2000 40 9 0 0.00430179905379191
seed123_C1_step2000 40 9 1 0.004601245978847146
seed123_C1_step2000 40 9 2 0.0045653359848074615
seed123_C1_step2000 40 9 3 0.004383046005386859
seed123_C1_step2000 40 9 4 0.0044516780180856586
seed123_C1_step2000 40 9 5 0.004248586017638445
seed123_C1_step2000 40 9 6 0.004469320992939174
seed123_C1_step2000 40 9 7 0.0044662459986284375
seed123_C1_step2000 40 9 8 0.004507564997766167
seed123_C1_step2000 40 9 9 0.004505269986111671
seed123_C1_step2000 47 0 0 0.07048248499631882
seed123_C1_step2000 47 0 1 0.06989058403996751
seed123_C1_step2000 47 0 2 0.07682817097520456
seed123_C1_step2000 47 0 3 0.0655837960075587
seed123_C1_step2000 47 0 4 0.05940779601223767
seed123_C1_step2000 47 0 5 0.05954789597308263
seed123_C1_step2000 47 0 6 0.05964203696930781
seed123_C1_step2000 47 0 7 0.06038793397601694
seed123_C1_step2000 47 0 8 0.06129137403331697
seed123_C1_step2000 47 0 9 0.05938377900747582
seed123_C1_step2000 47 1 0 0.06066802400164306
seed123_C1_step2000 47 1 1 0.06275037600426003
seed123_C1_step2000 47 1 2 0.062253358017187566
seed123_C1_step2000 47 1 3 0.06506003596587107
seed123_C1_step2000 47 1 4 0.06525066401809454
seed123_C1_step2000 47 1 5 0.061878746026195586
seed123_C1_step2000 47 1 6 0.06327124999370426
seed123_C1_step2000 47 1 7 0.06594670499907807
seed123_C1_step2000 47 1 8 0.06528614199487492
seed123_C1_step2000 47 1 9 0.06398478400660679
seed123_C1_step2000 47 2 0 0.06528366601560265
seed123_C1_step2000 47 2 1 0.061225107056088746
seed123_C1_step2000 47 2 2 0.06159157300135121
seed123_C1_step2000 47 2 3 0.06116313801612705
seed123_C1_step2000 47 2 4 0.06311987701337785
seed123_C1_step2000 47 2 5 0.06164929398801178
seed123_C1_step2000 47 2 6 0.06132295494899154
seed123_C1_step2000 47 2 7 0.06126002501696348
seed123_C1_step2000 47 2 8 0.06005530297989026
seed123_C1_step2000 47 2 9 0.06201454799156636
seed123_C1_step2000 47 3 0 0.06160266499500722
seed123_C1_step2000 47 3 1 0.06252911896444857
seed123_C1_step2000 47 3 2 0.060943513992242515
seed123_C1_step2000 47 3 3 0.059955179982353
seed123_C1_step2000 47 3 4 0.06074091396294534
seed123_C1_step2000 47 3 5 0.06302691897144541
seed123_C1_step2000 47 3 6 0.05972296296386048
seed123_C1_step2000 47 3 7 0.06024476798484102
seed123_C1_step2000 47 3 8 0.05988655803957954
seed123_C1_step2000 47 3 9 0.060565405001398176
seed123_C1_step2000 47 4 0 0.06168649502797052
seed123_C1_step2000 47 4 1 0.06098389200633392
seed123_C1_step2000 47 4 2 0.06263311899965629
seed123_C1_step2000 47 4 3 0.06032679503550753
seed123_C1_step2000 47 4 4 0.06039583799429238
seed123_C1_step2000 47 4 5 0.05990470200777054
seed123_C1_step2000 47 4 6 0.059448743995744735
seed123_C1_step2000 47 4 7 0.06028493499616161
seed123_C1_step2000 47 4 8 0.06032452097861096
seed123_C1_step2000 47 4 9 0.06064674298977479
seed123_C1_step2000 47 5 0 0.060402620991226286
seed123_C1_step2000 47 5 1 0.05939181399298832
seed123_C1_step2000 47 5 2 0.05947725899750367
seed123_C1_step2000 47 5 3 0.0594330329913646
seed123_C1_step2000 47 5 4 0.059527065022848547
seed123_C1_step2000 47 5 5 0.05930939398240298
seed123_C1_step2000 47 5 6 0.05943844298599288
seed123_C1_step2000 47 5 7 0.05988608702318743
seed123_C1_step2000 47 5 8 0.059425888990517706
seed123_C1_step2000 47 5 9 0.06140725698787719
seed123_C1_step2000 47 6 0 0.06000822101486847
seed123_C1_step2000 47 6 1 0.0593798509798944
seed123_C1_step2000 47 6 2 0.05915918597020209
seed123_C1_step2000 47 6 3 0.05996537901228294
seed123_C1_step2000 47 6 4 0.05971552699338645
seed123_C1_step2000 47 6 5 0.05990526400273666
seed123_C1_step2000 47 6 6 0.06371613603550941
seed123_C1_step2000 47 6 7 0.060093606007285416
seed123_C1_step2000 47 6 8 0.059763939992990345
seed123_C1_step2000 47 6 9 0.06116619298700243
seed123_C1_step2000 47 7 0 0.06035471899667755
seed123_C1_step2000 47 7 1 0.06067113799508661
seed123_C1_step2000 47 7 2 0.060293741000350565
seed123_C1_step2000 47 7 3 0.060616764007136226
seed123_C1_step2000 47 7 4 0.06008981796912849
seed123_C1_step2000 47 7 5 0.060750330972950906
seed123_C1_step2000 47 7 6 0.058708967990241945
seed123_C1_step2000 47 7 7 0.059194313012994826
seed123_C1_step2000 47 7 8 0.059515472035855055
seed123_C1_step2000 47 7 9 0.0588976819999516
seed123_C1_step2000 47 8 0 0.0599719220190309
seed123_C1_step2000 47 8 1 0.060457096027676016
seed123_C1_step2000 47 8 2 0.061561262991745025
seed123_C1_step2000 47 8 3 0.06051582895452157
seed123_C1_step2000 47 8 4 0.060131037957035005
seed123_C1_step2000 47 8 5 0.06028591701760888
seed123_C1_step2000 47 8 6 0.05962765798904002
seed123_C1_step2000 47 8 7 0.059956401004455984
seed123_C1_step2000 47 8 8 0.06023494800319895
seed123_C1_step2000 47 8 9 0.06492798996623605
seed123_C1_step2000 47 9 0 0.060124075040221214
seed123_C1_step2000 47 9 1 0.060051413951441646
seed123_C1_step2000 47 9 2 0.060078125970903784
seed123_C1_step2000 47 9 3 0.06066917395219207
seed123_C1_step2000 47 9 4 0.062140470021404326
seed123_C1_step2000 47 9 5 0.06318388896761462
seed123_C1_step2000 47 9 6 0.061189869011286646
seed123_C1_step2000 47 9 7 0.06475896399933845
seed123_C1_step2000 47 9 8 0.06476583803305402
seed123_C1_step2000 47 9 9 0.06274183798814192
seed123_C1_step2000 51 0 0 0.0245982040069066
seed123_C1_step2000 51 0 1 0.0235835500061512
seed123_C1_step2000 51 0 2 0.023503235017415136
seed123_C1_step2000 51 0 3 0.023127891996409744
seed123_C1_step2000 51 0 4 0.02312383404932916
seed123_C1_step2000 51 0 5 0.023101500992197543
seed123_C1_step2000 51 0 6 0.023431435984093696
seed123_C1_step2000 51 0 7 0.023306004994083196
seed123_C1_step2000 51 0 8 0.02280296600656584
seed123_C1_step2000 51 0 9 0.022950248967390507
seed123_C1_step2000 51 1 0 0.02304195601027459
seed123_C1_step2000 51 1 1 0.023130055982619524
seed123_C1_step2000 51 1 2 0.02327997499378398
seed123_C1_step2000 51 1 3 0.02322927600471303
seed123_C1_step2000 51 1 4 0.02299832197604701
seed123_C1_step2000 51 1 5 0.024221047991886735
seed123_C1_step2000 51 1 6 0.023334200028330088
seed123_C1_step2000 51 1 7 0.023279784014448524
seed123_C1_step2000 51 1 8 0.02348675299435854
seed123_C1_step2000 51 1 9 0.023842878988943994
seed123_C1_step2000 51 2 0 0.023812981962691993
seed123_C1_step2000 51 2 1 0.02414057299029082
seed123_C1_step2000 51 2 2 0.023403131985105574
seed123_C1_step2000 51 2 3 0.023794646025635302
seed123_C1_step2000 51 2 4 0.024044268007855862
seed123_C1_step2000 51 2 5 0.023899909981992096
seed123_C1_step2000 51 2 6 0.02395743998931721
seed123_C1_step2000 51 2 7 0.024057091970462352
seed123_C1_step2000 51 2 8 0.02377431804779917
seed123_C1_step2000 51 2 9 0.023994921997655183
seed123_C1_step2000 51 3 0 0.022740915999747813
seed123_C1_step2000 51 3 1 0.022966511023696512
seed123_C1_step2000 51 3 2 0.02298900397727266
seed123_C1_step2000 51 3 3 0.02287900197552517
seed123_C1_step2000 51 3 4 0.022838033037260175
seed123_C1_step2000 51 3 5 0.02485604101093486
seed123_C1_step2000 51 3 6 0.022726347960997373
seed123_C1_step2000 51 3 7 0.022749873984139413
seed123_C1_step2000 51 3 8 0.02254199201706797
seed123_C1_step2000 51 3 9 0.022614792978856713
seed123_C1_step2000 51 4 0 0.02285142900655046
seed123_C1_step2000 51 4 1 0.022597410017624497
seed123_C1_step2000 51 4 2 0.02285141998436302
seed123_C1_step2000 51 4 3 0.023254856991115957
seed123_C1_step2000 51 4 4 0.023047116002999246
seed123_C1_step2000 51 4 5 0.0228811870329082
seed123_C1_step2000 51 4 6 0.02296034898608923
seed123_C1_step2000 51 4 7 0.022963715018704534
seed123_C1_step2000 51 4 8 0.023007680021692067
seed123_C1_step2000 51 4 9 0.022824816987849772
seed123_C1_step2000 51 5 0 0.022748220013454556
seed123_C1_step2000 51 5 1 0.022655781998764724
seed123_C1_step2000 51 5 2 0.02272086701123044
seed123_C1_step2000 51 5 3 0.023125817999243736
seed123_C1_step2000 51 5 4 0.02274999296059832
seed123_C1_step2000 51 5 5 0.022975317027885467
seed123_C1_step2000 51 5 6 0.022902256983797997
seed123_C1_step2000 51 5 7 0.02318711602129042
seed123_C1_step2000 51 5 8 0.022854245034977794
seed123_C1_step2000 51 5 9 0.023052345030009747
seed123_C1_step2000 51 6 0 0.02277925005182624
seed123_C1_step2000 51 6 1 0.023103685001842678
seed123_C1_step2000 51 6 2 0.022989115037489682
seed123_C1_step2000 51 6 3 0.02412543399259448
seed123_C1_step2000 51 6 4 0.024212461023125798
seed123_C1_step2000 51 6 5 0.023380337981507182
seed123_C1_step2000 51 6 6 0.023497453017625958
seed123_C1_step2000 51 6 7 0.023385847976896912
seed123_C1_step2000 51 6 8 0.023472354980185628
seed123_C1_step2000 51 6 9 0.02332824800396338
seed123_C1_step2000 51 7 0 0.023226001008879393
seed123_C1_step2000 51 7 1 0.022825899010058492
seed123_C1_step2000 51 7 2 0.02267400798154995
seed123_C1_step2000 51 7 3 0.02252706402214244
seed123_C1_step2000 51 7 4 0.022498129052110016
seed123_C1_step2000 51 7 5 0.022464142995886505
seed123_C1_step2000 51 7 6 0.023044199973810464
seed123_C1_step2000 51 7 7 0.023189369996543974
seed123_C1_step2000 51 7 8 0.022652595944236964
seed123_C1_step2000 51 7 9 0.022561300022061914
seed123_C1_step2000 51 8 0 0.022508085996378213
seed123_C1_step2000 51 8 1 0.022573122987523675
seed123_C1_step2000 51 8 2 0.02262464299565181
seed123_C1_step2000 51 8 3 0.022598290990572423
seed123_C1_step2000 51 8 4 0.029250718012917787
seed123_C1_step2000 51 8 5 0.02871217200299725
seed123_C1_step2000 51 8 6 0.028818666003644466
seed123_C1_step2000 51 8 7 0.026832478994037956
seed123_C1_step2000 51 8 8 0.022285929007921368
seed123_C1_step2000 51 8 9 0.022336948022712022
seed123_C1_step2000 51 9 0 0.022433392994571477
seed123_C1_step2000 51 9 1 0.022900403011590242
seed123_C1_step2000 51 9 2 0.022862800979055464
seed123_C1_step2000 51 9 3 0.022636353969573975
seed123_C1_step2000 51 9 4 0.022557602962478995
seed123_C1_step2000 51 9 5 0.02269995800452307
seed123_C1_step2000 51 9 6 0.022682041977532208
seed123_C1_step2000 51 9 7 0.022690758982207626
seed123_C1_step2000 51 9 8 0.022890585009008646
seed123_C1_step2000 51 9 9 0.0230695289792493
seed123_C1_step2000 52 0 0 0.8267178409732878
seed123_C1_step2000 52 0 1 0.8382815879886039
seed123_C1_step2000 52 0 2 0.8379777200170793
seed123_C1_step2000 52 0 3 0.8526170529657975
seed123_C1_step2000 52 0 4 0.8373409970081411
seed123_C1_step2000 52 0 5 0.8367344560101628
seed123_C1_step2000 52 0 6 0.8118043990107253
seed123_C1_step2000 52 0 7 0.8033710390445776
seed123_C1_step2000 52 0 8 0.7977000889950432
seed123_C1_step2000 52 0 9 0.8141999469953589
seed123_C1_step2000 52 1 0 0.8440305090043694
seed123_C1_step2000 52 1 1 0.891481199010741
seed123_C1_step2000 52 1 2 0.8395829639630392
seed123_C1_step2000 52 1 3 0.8336177780292928
seed123_C1_step2000 52 1 4 0.82193247100804
seed123_C1_step2000 52 1 5 0.8327642470248975
seed123_C1_step2000 52 1 6 0.8361538559547625
seed123_C1_step2000 52 1 7 0.8299392790067941
seed123_C1_step2000 52 1 8 0.8337946040555835
seed123_C1_step2000 52 1 9 0.8237331860000268
seed123_C1_step2000 52 2 0 0.8349178720382042
seed123_C1_step2000 52 2 1 0.8371371160028502
seed123_C1_step2000 52 2 2 0.8284864849993028
seed123_C1_step2000 52 2 3 0.8557105049840175
seed123_C1_step2000 52 2 4 0.8267777889850549
seed123_C1_step2000 52 2 5 0.8332537219976075
seed123_C1_step2000 52 2 6 0.8143946439959109
seed123_C1_step2000 52 2 7 0.8322212779894471
seed123_C1_step2000 52 2 8 0.8378812400042079
seed123_C1_step2000 52 2 9 0.8219708430115134
seed123_C1_step2000 52 3 0 0.8324611920397729
seed123_C1_step2000 52 3 1 0.82772235898301
seed123_C1_step2000 52 3 2 0.8158284510136582
seed123_C1_step2000 52 3 3 0.8367334149661474
seed123_C1_step2000 52 3 4 0.822418011026457
seed123_C1_step2000 52 3 5 0.8401867329957895
seed123_C1_step2000 52 3 6 0.8185770359705202
seed123_C1_step2000 52 3 7 0.8235555840074085
seed123_C1_step2000 52 3 8 0.803714296023827
seed123_C1_step2000 52 3 9 0.8148814879823476
seed123_C1_step2000 52 4 0 0.8358060580212623
seed123_C1_step2000 52 4 1 0.8069936669780873
seed123_C1_step2000 52 4 2 0.8181052810396068
seed123_C1_step2000 52 4 3 0.8310677819536068
seed123_C1_step2000 52 4 4 0.8046841290197335
seed123_C1_step2000 52 4 5 0.8424425810226239
seed123_C1_step2000 52 4 6 0.8386360850417987
seed123_C1_step2000 52 4 7 0.8420984630356543
seed123_C1_step2000 52 4 8 0.8405918770004064
seed123_C1_step2000 52 4 9 0.8384626919869334
seed123_C1_step2000 52 5 0 0.8295550079783425
seed123_C1_step2000 52 5 1 0.82148728298489
seed123_C1_step2000 52 5 2 0.8367612860165536
seed123_C1_step2000 52 5 3 0.8381488070008345
seed123_C1_step2000 52 5 4 0.856749789963942
seed123_C1_step2000 52 5 5 0.8296995740383863
seed123_C1_step2000 52 5 6 0.8307384829968214
seed123_C1_step2000 52 5 7 0.8268383559770882
seed123_C1_step2000 52 5 8 0.8137157430173829
seed123_C1_step2000 52 5 9 0.843010347976815
seed123_C1_step2000 52 6 0 0.8286993330111727
seed123_C1_step2000 52 6 1 0.8365665570017882
seed123_C1_step2000 52 6 2 0.8530470549594611
seed123_C1_step2000 52 6 3 0.8221985120326281
seed123_C1_step2000 52 6 4 0.839375892013777
seed123_C1_step2000 52 6 5 0.8417403550120071
seed123_C1_step2000 52 6 6 0.8188135530217551
seed123_C1_step2000 52 6 7 0.8273998410440981
seed123_C1_step2000 52 6 8 0.8195235659950413
seed123_C1_step2000 52 6 9 0.8457654590019956
seed123_C1_step2000 52 7 0 0.8318121440242976
seed123_C1_step2000 52 7 1 0.8308890330372378
seed123_C1_step2000 52 7 2 0.8379930469673127
seed123_C1_step2000 52 7 3 0.8384934079949744
seed123_C1_step2000 52 7 4 0.8403683970100246
seed123_C1_step2000 52 7 5 0.8333887889748439
seed123_C1_step2000 52 7 6 0.8381878020009026
seed123_C1_step2000 52 7 7 0.8311541180009954
seed123_C1_step2000 52 7 8 0.825252485985402
seed123_C1_step2000 52 7 9 0.8390198269626126
seed123_C1_step2000 52 8 0 0.8217874460387975
seed123_C1_step2000 52 8 1 0.8239174979971722
seed123_C1_step2000 52 8 2 0.8528584690066054
seed123_C1_step2000 52 8 3 0.8460956479539163
seed123_C1_step2000 52 8 4 0.8768633179715835
seed123_C1_step2000 52 8 5 0.8486323789693415
seed123_C1_step2000 52 8 6 0.861948259989731
seed123_C1_step2000 52 8 7 0.8493933489662595
seed123_C1_step2000 52 8 8 0.8370839239796624
seed123_C1_step2000 52 8 9 0.8251943069626577
seed123_C1_step2000 52 9 0 0.8316561419633217
seed123_C1_step2000 52 9 1 0.8343740560230799
seed123_C1_step2000 52 9 2 0.8402037839987315
seed123_C1_step2000 52 9 3 0.8265860179672018
seed123_C1_step2000 52 9 4 0.8239925089874305
seed123_C1_step2000 52 9 5 0.8350665799807757
seed123_C1_step2000 52 9 6 0.8586108239833266
seed123_C1_step2000 52 9 7 0.847079255967401
seed123_C1_step2000 52 9 8 0.833471969992388
seed123_C1_step2000 52 9 9 0.8428346040309407
seed123_C1_step2000 56 0 0 0.019408499007113278
seed123_C1_step2000 56 0 1 0.01736707700183615
seed123_C1_step2000 56 0 2 0.018378484004642814
seed123_C1_step2000 56 0 3 0.018497053999453783
seed123_C1_step2000 56 0 4 0.019818146945908666
seed123_C1_step2000 56 0 5 0.018480209982953966
seed123_C1_step2000 56 0 6 0.017422823002561927
seed123_C1_step2000 56 0 7 0.019182583957444876
seed123_C1_step2000 56 0 8 0.018561056989710778
seed123_C1_step2000 56 0 9 0.017057148972526193
seed123_C1_step2000 56 1 0 0.018129754986148328
seed123_C1_step2000 56 1 1 0.017544657981488854
seed123_C1_step2000 56 1 2 0.017412654007785022
seed123_C1_step2000 56 1 3 0.017032411007676274
seed123_C1_step2000 56 1 4 0.017035486991517246
seed123_C1_step2000 56 1 5 0.017247566021978855
seed123_C1_step2000 56 1 6 0.01717898400966078
seed123_C1_step2000 56 1 7 0.017251963960006833
seed123_C1_step2000 56 1 8 0.017453032021876425
seed123_C1_step2000 56 1 9 0.017122275021392852
seed123_C1_step2000 56 2 0 0.01708094502100721
seed123_C1_step2000 56 2 1 0.01699764496879652
seed123_C1_step2000 56 2 2 0.016945164010394365
seed123_C1_step2000 56 2 3 0.016930534970015287
seed123_C1_step2000 56 2 4 0.016936376981902868
seed123_C1_step2000 56 2 5 0.01699804497184232
seed123_C1_step2000 56 2 6 0.01693678804440424
seed123_C1_step2000 56 2 7 0.016927238961216062
seed123_C1_step2000 56 2 8 0.01720859098713845
seed123_C1_step2000 56 2 9 0.01706020499113947
seed123_C1_step2000 56 3 0 0.01741927705006674
seed123_C1_step2000 56 3 1 0.017524108989164233
seed123_C1_step2000 56 3 2 0.01733962300932035
seed123_C1_step2000 56 3 3 0.017101613979320973
seed123_C1_step2000 56 3 4 0.016989668016321957
seed123_C1_step2000 56 3 5 0.016982255037873983
seed123_C1_step2000 56 3 6 0.016971313976682723
seed123_C1_step2000 56 3 7 0.01706518401624635
seed123_C1_step2000 56 3 8 0.019434708985500038
seed123_C1_step2000 56 3 9 0.01703862298745662
seed123_C1_step2000 56 4 0 0.016992575023323298
seed123_C1_step2000 56 4 1 0.016975771985016763
seed123_C1_step2000 56 4 2 0.016955743019934744
seed123_C1_step2000 56 4 3 0.01694489299552515
seed123_C1_step2000 56 4 4 0.016966483963187784
seed123_C1_step2000 56 4 5 0.016994297970086336
seed123_C1_step2000 56 4 6 0.016983608016744256
seed123_C1_step2000 56 4 7 0.01696596300462261
seed123_C1_step2000 56 4 8 0.01707827002974227
seed123_C1_step2000 56 4 9 0.017033933952916414
seed123_C1_step2000 56 5 0 0.017468673002440482
seed123_C1_step2000 56 5 1 0.017388327978551388
seed123_C1_step2000 56 5 2 0.01730761199723929
seed123_C1_step2000 56 5 3 0.017357979028020054
seed123_C1_step2000 56 5 4 0.017426780017558485
seed123_C1_step2000 56 5 5 0.017324585001915693
seed123_C1_step2000 56 5 6 0.01720032497541979
seed123_C1_step2000 56 5 7 0.017247165029402822
seed123_C1_step2000 56 5 8 0.017028264002874494
seed123_C1_step2000 56 5 9 0.016983256966341287
seed123_C1_step2000 56 6 0 0.01704547699773684
seed123_C1_step2000 56 6 1 0.01720967300934717
seed123_C1_step2000 56 6 2 0.017194402986206114
seed123_C1_step2000 56 6 3 0.017579125007614493
seed123_C1_step2000 56 6 4 0.01767956803087145
seed123_C1_step2000 56 6 5 0.017385581973940134
seed123_C1_step2000 56 6 6 0.017146662052255124
seed123_C1_step2000 56 6 7 0.017685798986349255
seed123_C1_step2000 56 6 8 0.01813927397597581
seed123_C1_step2000 56 6 9 0.018316054018214345
seed123_C1_step2000 56 7 0 0.0181596539914608
seed123_C1_step2000 56 7 1 0.017712370958179235
seed123_C1_step2000 56 7 2 0.018177627003751695
seed123_C1_step2000 56 7 3 0.01849163294536993
seed123_C1_step2000 56 7 4 0.01884377101669088
seed123_C1_step2000 56 7 5 0.01889379700878635
seed123_C1_step2000 56 7 6 0.018728828988969326
seed123_C1_step2000 56 7 7 0.018191073031630367
seed123_C1_step2000 56 7 8 0.017592771037016064
seed123_C1_step2000 56 7 9 0.017535391030833125
seed123_C1_step2000 56 8 0 0.01775722805177793
seed123_C1_step2000 56 8 1 0.01790380897000432
seed123_C1_step2000 56 8 2 0.017723271972499788
seed123_C1_step2000 56 8 3 0.017437953036278486
seed123_C1_step2000 56 8 4 0.017178942973259836
seed123_C1_step2000 56 8 5 0.017267162969801575
seed123_C1_step2000 56 8 6 0.017301940999459475
seed123_C1_step2000 56 8 7 0.01746112701948732
seed123_C1_step2000 56 8 8 0.017609181988518685
seed123_C1_step2000 56 8 9 0.01717605796875432
seed123_C1_step2000 56 9 0 0.017255780985578895
seed123_C1_step2000 56 9 1 0.017453022010158747
seed123_C1_step2000 56 9 2 0.017359210993163288
seed123_C1_step2000 56 9 3 0.017813135986216366
seed123_C1_step2000 56 9 4 0.01727009896421805
seed123_C1_step2000 56 9 5 0.01736702601192519
seed123_C1_step2000 56 9 6 0.01797923498088494
seed123_C1_step2000 56 9 7 0.022495085024274886
seed123_C1_step2000 56 9 8 0.022921736992429942
seed123_C1_step2000 56 9 9 0.018063908035401255
seed123_C1_step2000 62 0 0 0.2710610260255635
seed123_C1_step2000 62 0 1 0.2671428070170805
seed123_C1_step2000 62 0 2 0.273729334003292
seed123_C1_step2000 62 0 3 0.28737818700028583
seed123_C1_step2000 62 0 4 0.2873057389515452
seed123_C1_step2000 62 0 5 0.29877341899555176
seed123_C1_step2000 62 0 6 0.276957112015225
seed123_C1_step2000 62 0 7 0.2770312450011261
seed123_C1_step2000 62 0 8 0.2763564939959906
seed123_C1_step2000 62 0 9 0.28296083700843155
seed123_C1_step2000 62 1 0 0.28062975499778986
seed123_C1_step2000 62 1 1 0.29139496298739687
seed123_C1_step2000 62 1 2 0.2769428730243817
seed123_C1_step2000 62 1 3 0.2776696020155214
seed123_C1_step2000 62 1 4 0.2757119609741494
seed123_C1_step2000 62 1 5 0.2763451909995638
seed123_C1_step2000 62 1 6 0.29107729997485876
seed123_C1_step2000 62 1 7 0.2771921519888565
seed123_C1_step2000 62 1 8 0.27926288096932694
seed123_C1_step2000 62 1 9 0.2847853489802219
seed123_C1_step2000 62 2 0 0.277058202016633
seed123_C1_step2000 62 2 1 0.2780494120088406
seed123_C1_step2000 62 2 2 0.2808010430308059
seed123_C1_step2000 62 2 3 0.2801884629880078
seed123_C1_step2000 62 2 4 0.2888658680021763
seed123_C1_step2000 62 2 5 0.28379796497756615
seed123_C1_step2000 62 2 6 0.27690545801306143
seed123_C1_step2000 62 2 7 0.2821745270048268
seed123_C1_step2000 62 2 8 0.2827490229974501
seed123_C1_step2000 62 2 9 0.281884056981653
seed123_C1_step2000 62 3 0 0.2835451469873078
seed123_C1_step2000 62 3 1 0.2805665979976766
seed123_C1_step2000 62 3 2 0.2773600420332514
seed123_C1_step2000 62 3 3 0.2832504080142826
seed123_C1_step2000 62 3 4 0.27974113798700273
seed123_C1_step2000 62 3 5 0.2817263719625771
seed123_C1_step2000 62 3 6 0.28073665499687195
seed123_C1_step2000 62 3 7 0.28044697700534016
seed123_C1_step2000 62 3 8 0.2867308009881526
seed123_C1_step2000 62 3 9 0.29451470501953736
seed123_C1_step2000 62 4 0 0.28331556101329625
seed123_C1_step2000 62 4 1 0.284238017979078
seed123_C1_step2000 62 4 2 0.2831377479596995
seed123_C1_step2000 62 4 3 0.2815749380388297
seed123_C1_step2000 62 4 4 0.27653745299903676
seed123_C1_step2000 62 4 5 0.2778351629967801
seed123_C1_step2000 62 4 6 0.29169479198753834
seed123_C1_step2000 62 4 7 0.27544796298025176
seed123_C1_step2000 62 4 8 0.2776911039836705
seed123_C1_step2000 62 4 9 0.2791411370271817
seed123_C1_step2000 62 5 0 0.28043075097957626
seed123_C1_step2000 62 5 1 0.2826571409823373
seed123_C1_step2000 62 5 2 0.2806616360321641
seed123_C1_step2000 62 5 3 0.2892353009665385
seed123_C1_step2000 62 5 4 0.28141845302889124
seed123_C1_step2000 62 5 5 0.2765409869607538
seed123_C1_step2000 62 5 6 0.2793716689920984
seed123_C1_step2000 62 5 7 0.2815931079676375
seed123_C1_step2000 62 5 8 0.29145541798789054
seed123_C1_step2000 62 5 9 0.2864794200286269
seed123_C1_step2000 62 6 0 0.276751060038805
seed123_C1_step2000 62 6 1 0.2765437809866853
seed123_C1_step2000 62 6 2 0.27583329199114814
seed123_C1_step2000 62 6 3 0.28792697802418843
seed123_C1_step2000 62 6 4 0.27982523100217804
seed123_C1_step2000 62 6 5 0.27658763399813324
seed123_C1_step2000 62 6 6 0.2827433220227249
seed123_C1_step2000 62 6 7 0.2784374470356852
seed123_C1_step2000 62 6 8 0.3093593730009161
seed123_C1_step2000 62 6 9 0.28281525999773294
seed123_C1_step2000 62 7 0 0.28391261299839243
seed123_C1_step2000 62 7 1 0.301712321001105
seed123_C1_step2000 62 7 2 0.29543690202990547
seed123_C1_step2000 62 7 3 0.2803764000418596
seed123_C1_step2000 62 7 4 0.2822880130261183
seed123_C1_step2000 62 7 5 0.28917279496090487
seed123_C1_step2000 62 7 6 0.29979811201337725
seed123_C1_step2000 62 7 7 0.2813906919909641
seed123_C1_step2000 62 7 8 0.28285874100402
seed123_C1_step2000 62 7 9 0.27907885098829865
seed123_C1_step2000 62 8 0 0.2846458330168389
seed123_C1_step2000 62 8 1 0.29391985799884424
seed123_C1_step2000 62 8 2 0.2840952720143832
seed123_C1_step2000 62 8 3 0.2804974819882773
seed123_C1_step2000 62 8 4 0.2933582440018654
seed123_C1_step2000 62 8 5 0.2898168420069851
seed123_C1_step2000 62 8 6 0.282381038996391
seed123_C1_step2000 62 8 7 0.3095849819947034
seed123_C1_step2000 62 8 8 0.28651006100699306
seed123_C1_step2000 62 8 9 0.28167638898594305
seed123_C1_step2000 62 9 0 0.2842734130099416
seed123_C1_step2000 62 9 1 0.28127014701021835
seed123_C1_step2000 62 9 2 0.2863361360505223
seed123_C1_step2000 62 9 3 0.2811404470121488
seed123_C1_step2000 62 9 4 0.27633886702824384
seed123_C1_step2000 62 9 5 0.27949173998786137
seed123_C1_step2000 62 9 6 0.2829048950225115
seed123_C1_step2000 62 9 7 0.2821316149784252
seed123_C1_step2000 62 9 8 0.27637825097190216
seed123_C1_step2000 62 9 9 0.27771895396290347
seed123_C1_step2000 64 0 0 0.1730016249930486
seed123_C1_step2000 64 0 1 0.16729004302760586
seed123_C1_step2000 64 0 2 0.17079550499329343
seed123_C1_step2000 64 0 3 0.16785260703181848
seed123_C1_step2000 64 0 4 0.16789172298740596
seed123_C1_step2000 64 0 5 0.17000979196745902
seed123_C1_step2000 64 0 6 0.1656505850260146
seed123_C1_step2000 64 0 7 0.16858974698698148
seed123_C1_step2000 64 0 8 0.16950589994667098
seed123_C1_step2000 64 0 9 0.1650380149949342
seed123_C1_step2000 64 1 0 0.16684102697763592
seed123_C1_step2000 64 1 1 0.1670272959745489
seed123_C1_step2000 64 1 2 0.18068668898195028
seed123_C1_step2000 64 1 3 0.17869537201477215
seed123_C1_step2000 64 1 4 0.1673097499879077
seed123_C1_step2000 64 1 5 0.1681073849904351
seed123_C1_step2000 64 1 6 0.16758431895868853
seed123_C1_step2000 64 1 7 0.16789400501875207
seed123_C1_step2000 64 1 8 0.1679165679961443
seed123_C1_step2000 64 1 9 0.16663116199197248
seed123_C1_step2000 64 2 0 0.16645706701092422
seed123_C1_step2000 64 2 1 0.1704120350186713
seed123_C1_step2000 64 2 2 0.16791158902924508
seed123_C1_step2000 64 2 3 0.16580910800257698
seed123_C1_step2000 64 2 4 0.1657086949562654
seed123_C1_step2000 64 2 5 0.17440498701762408
seed123_C1_step2000 64 2 6 0.16966846300056204
seed123_C1_step2000 64 2 7 0.1659224759787321
seed123_C1_step2000 64 2 8 0.1707832090323791
seed123_C1_step2000 64 2 9 0.1860346479807049
seed123_C1_step2000 64 3 0 0.1676753229694441
seed123_C1_step2000 64 3 1 0.167956845019944
seed123_C1_step2000 64 3 2 0.16675421799300238
seed123_C1_step2000 64 3 3 0.173778229043819
seed123_C1_step2000 64 3 4 0.1700783809646964
seed123_C1_step2000 64 3 5 0.16764802002580836
seed123_C1_step2000 64 3 6 0.16977358399890363
seed123_C1_step2000 64 3 7 0.17003878502873704
seed123_C1_step2000 64 3 8 0.1663306910195388
seed123_C1_step2000 64 3 9 0.1679080999456346
seed123_C1_step2000 64 4 0 0.16850005101878196
seed123_C1_step2000 64 4 1 0.17512151499977335
seed123_C1_step2000 64 4 2 0.16669741802616045
seed123_C1_step2000 64 4 3 0.16435868199914694
seed123_C1_step2000 64 4 4 0.17187324800761417
seed123_C1_step2000 64 4 5 0.16673560097115114
seed123_C1_step2000 64 4 6 0.16179463296430185
seed123_C1_step2000 64 4 7 0.17590161802945659
seed123_C1_step2000 64 4 8 0.17499094299273565
seed123_C1_step2000 64 4 9 0.1679870309890248
seed123_C1_step2000 64 5 0 0.1677893499727361
seed123_C1_step2000 64 5 1 0.1794616850093007
seed123_C1_step2000 64 5 2 0.16698968998389319
seed123_C1_step2000 64 5 3 0.1710740969865583
seed123_C1_step2000 64 5 4 0.1776299659977667
seed123_C1_step2000 64 5 5 0.16513449605554342
seed123_C1_step2000 64 5 6 0.16555448499275371
seed123_C1_step2000 64 5 7 0.1693040169775486
seed123_C1_step2000 64 5 8 0.16582063701935112
seed123_C1_step2000 64 5 9 0.16881231998559088
seed123_C1_step2000 64 6 0 0.1655268410104327
seed123_C1_step2000 64 6 1 0.16651771997567266
seed123_C1_step2000 64 6 2 0.1653275570133701
seed123_C1_step2000 64 6 3 0.17067776300245896
seed123_C1_step2000 64 6 4 0.16681142605375499
seed123_C1_step2000 64 6 5 0.1728446159977466
seed123_C1_step2000 64 6 6 0.16514127800473943
seed123_C1_step2000 64 6 7 0.16486975498264655
seed123_C1_step2000 64 6 8 0.16822722204960883
seed123_C1_step2000 64 6 9 0.16626683599315584
seed123_C1_step2000 64 7 0 0.15982115996303037
seed123_C1_step2000 64 7 1 0.1792804230353795
seed123_C1_step2000 64 7 2 0.15827946999343112
seed123_C1_step2000 64 7 3 0.15903676900779828
seed123_C1_step2000 64 7 4 0.16303575097117573
seed123_C1_step2000 64 7 5 0.16981443797703832
seed123_C1_step2000 64 7 6 0.17174437700305134
seed123_C1_step2000 64 7 7 0.16126589197665453
seed123_C1_step2000 64 7 8 0.16013686696533114
seed123_C1_step2000 64 7 9 0.16023391403723508
seed123_C1_step2000 64 8 0 0.1727648620144464
seed123_C1_step2000 64 8 1 0.16343641298590228
seed123_C1_step2000 64 8 2 0.16160491498885676
seed123_C1_step2000 64 8 3 0.16146229900186881
seed123_C1_step2000 64 8 4 0.16637919103959575
seed123_C1_step2000 64 8 5 0.17146779404720291
seed123_C1_step2000 64 8 6 0.17632986803073436
seed123_C1_step2000 64 8 7 0.17103216401301324
seed123_C1_step2000 64 8 8 0.18189472798258066
seed123_C1_step2000 64 8 9 0.17577028000960127
seed123_C1_step2000 64 9 0 0.16915425600018352
seed123_C1_step2000 64 9 1 0.16698450600961223
seed123_C1_step2000 64 9 2 0.16649129701545462
seed123_C1_step2000 64 9 3 0.16990638396237046
seed123_C1_step2000 64 9 4 0.17014508397551253
seed123_C1_step2000 64 9 5 0.17703217099187896
seed123_C1_step2000 64 9 6 0.17239454702939838
seed123_C1_step2000 64 9 7 0.18261360097676516
seed123_C1_step2000 64 9 8 0.16775068000424653
seed123_C1_step2000 64 9 9 0.16370460798498243
seed123_C1_step2000 69 0 0 0.48304114100756124
seed123_C1_step2000 69 0 1 0.48515614500502124
seed123_C1_step2000 69 0 2 0.48097957897698507
seed123_C1_step2000 69 0 3 0.48814729496371
seed123_C1_step2000 69 0 4 0.48390798998298123
seed123_C1_step2000 69 0 5 0.5241828260477632
seed123_C1_step2000 69 0 6 0.5042507729958743
seed123_C1_step2000 69 0 7 0.5046702589606866
seed123_C1_step2000 69 0 8 0.5231125730206259
seed123_C1_step2000 69 0 9 0.5098192060249858
seed123_C1_step2000 69 1 0 0.5009038230055012
seed123_C1_step2000 69 1 1 0.5080000309972093
seed123_C1_step2000 69 1 2 0.5078128089662641
seed123_C1_step2000 69 1 3 0.48282033600844443
seed123_C1_step2000 69 1 4 0.4814234359655529
seed123_C1_step2000 69 1 5 0.4848371499683708
seed123_C1_step2000 69 1 6 0.5013587040011771
seed123_C1_step2000 69 1 7 0.5190422759624198
seed123_C1_step2000 69 1 8 0.5139007709803991
seed123_C1_step2000 69 1 9 0.5130287299980409
seed123_C1_step2000 69 2 0 0.5341788500081748
seed123_C1_step2000 69 2 1 0.5132078930037096
seed123_C1_step2000 69 2 2 0.5449783990043215
seed123_C1_step2000 69 2 3 0.5252988719730638
seed123_C1_step2000 69 2 4 0.493622935959138
seed123_C1_step2000 69 2 5 0.5041452840087004
seed123_C1_step2000 69 2 6 0.5027641329797916
seed123_C1_step2000 69 2 7 0.49610983399907127
seed123_C1_step2000 69 2 8 0.4893022509641014
seed123_C1_step2000 69 2 9 0.5009155789739452
seed123_C1_step2000 69 3 0 0.49699883395805955
seed123_C1_step2000 69 3 1 0.5249993170145899
seed123_C1_step2000 69 3 2 0.5086805740138516
seed123_C1_step2000 69 3 3 0.507713018974755
seed123_C1_step2000 69 3 4 0.5132114900043234
seed123_C1_step2000 69 3 5 0.5149150200304575
seed123_C1_step2000 69 3 6 0.5139133299817331
seed123_C1_step2000 69 3 7 0.5091006490401924
seed123_C1_step2000 69 3 8 0.5090181090054102
seed123_C1_step2000 69 3 9 0.5112038080114871
seed123_C1_step2000 69 4 0 0.5184349269839004
seed123_C1_step2000 69 4 1 0.5075254319817759
seed123_C1_step2000 69 4 2 0.5179937140201218
seed123_C1_step2000 69 4 3 0.5121987619786523
seed123_C1_step2000 69 4 4 0.5236544560175389
seed123_C1_step2000 69 4 5 0.5143647629884072
seed123_C1_step2000 69 4 6 0.5145244880113751
seed123_C1_step2000 69 4 7 0.48940144694643095
seed123_C1_step2000 69 4 8 0.49382749100914225
seed123_C1_step2000 69 4 9 0.506430706998799
seed123_C1_step2000 69 5 0 0.4963433950324543
seed123_C1_step2000 69 5 1 0.5084762350306846
seed123_C1_step2000 69 5 2 0.4985901420004666
seed123_C1_step2000 69 5 3 0.5237550730234943
seed123_C1_step2000 69 5 4 0.5261492839781567
seed123_C1_step2000 69 5 5 0.513560175022576
seed123_C1_step2000 69 5 6 0.5286490959697403
seed123_C1_step2000 69 5 7 0.5078606839524582
seed123_C1_step2000 69 5 8 0.523886080016382
seed123_C1_step2000 69 5 9 0.511764011986088
seed123_C1_step2000 69 6 0 0.5183895219815895
seed123_C1_step2000 69 6 1 0.5024158740416169
seed123_C1_step2000 69 6 2 0.5281406340072863
seed123_C1_step2000 69 6 3 0.5060073299682699
seed123_C1_step2000 69 6 4 0.5194565840065479
seed123_C1_step2000 69 6 5 0.5234103499678895
seed123_C1_step2000 69 6 6 0.5257512480020523
seed123_C1_step2000 69 6 7 0.5301550190197304
seed123_C1_step2000 69 6 8 0.510506942984648
seed123_C1_step2000 69 6 9 0.5097849409794435
seed123_C1_step2000 69 7 0 0.5195219850284047
seed123_C1_step2000 69 7 1 0.5110349780297838
seed123_C1_step2000 69 7 2 0.5268174759694375
seed123_C1_step2000 69 7 3 0.5190250249579549
seed123_C1_step2000 69 7 4 0.5211019259877503
seed123_C1_step2000 69 7 5 0.5062357310089283
seed123_C1_step2000 69 7 6 0.5185872000292875
seed123_C1_step2000 69 7 7 0.5037575040478259
seed123_C1_step2000 69 7 8 0.513556208985392
seed123_C1_step2000 69 7 9 0.530605796026066
seed123_C1_step2000 69 8 0 0.5331712679471821
seed123_C1_step2000 69 8 1 0.5224317109677941
seed123_C1_step2000 69 8 2 0.5343554770224728
seed123_C1_step2000 69 8 3 0.5231136220390908
seed123_C1_step2000 69 8 4 0.5220997490105219
seed123_C1_step2000 69 8 5 0.532858289021533
seed123_C1_step2000 69 8 6 0.5076336140045896
seed123_C1_step2000 69 8 7 0.5319534260197543
seed123_C1_step2000 69 8 8 0.5178910090471618
seed123_C1_step2000 69 8 9 0.5232012969790958
seed123_C1_step2000 69 9 0 0.5308616100228392
seed123_C1_step2000 69 9 1 0.4890069630346261
seed123_C1_step2000 69 9 2 0.49202337296446785
seed123_C1_step2000 69 9 3 0.5001352850231342
seed123_C1_step2000 69 9 4 0.49559463997138664
seed123_C1_step2000 69 9 5 0.50801643403247
seed123_C1_step2000 69 9 6 0.5153923000325449
seed123_C1_step2000 69 9 7 0.49962095299270004
seed123_C1_step2000 69 9 8 0.5071911220438778
seed123_C1_step2000 69 9 9 0.4841065990040079
seed123_C1_step2000 74 0 0 0.6647500750259496
seed123_C1_step2000 74 0 1 0.6814800670254044
seed123_C1_step2000 74 0 2 0.7199611340183765
seed123_C1_step2000 74 0 3 0.7374775320058689
seed123_C1_step2000 74 0 4 0.7068399079726078
seed123_C1_step2000 74 0 5 0.7400509840226732
seed123_C1_step2000 74 0 6 0.7379763870267197
seed123_C1_step2000 74 0 7 0.7458117470378056
seed123_C1_step2000 74 0 8 0.7079273560084403
seed123_C1_step2000 74 0 9 0.7041716619860381
seed123_C1_step2000 74 1 0 0.7229480849928223
seed123_C1_step2000 74 1 1 0.7182155179907568
seed123_C1_step2000 74 1 2 0.7269576149992645
seed123_C1_step2000 74 1 3 0.6988710659788921
seed123_C1_step2000 74 1 4 0.7109120470122434
seed123_C1_step2000 74 1 5 0.7096936089801602
seed123_C1_step2000 74 1 6 0.7318992060027085
seed123_C1_step2000 74 1 7 0.7281596810207702
seed123_C1_step2000 74 1 8 0.7283404900226742
seed123_C1_step2000 74 1 9 0.7268831399851479
seed123_C1_step2000 74 2 0 0.718322240980342
seed123_C1_step2000 74 2 1 0.7077613170258701
seed123_C1_step2000 74 2 2 0.7005673110252246
seed123_C1_step2000 74 2 3 0.7202526039909571
seed123_C1_step2000 74 2 4 0.734163906017784
seed123_C1_step2000 74 2 5 0.7000517229898833
seed123_C1_step2000 74 2 6 0.7017909930436872
seed123_C1_step2000 74 2 7 0.7035388770163991
seed123_C1_step2000 74 2 8 0.704685382952448
seed123_C1_step2000 74 2 9 0.7171638769796118
seed123_C1_step2000 74 3 0 0.7049521839944646
seed123_C1_step2000 74 3 1 0.7176209529861808
seed123_C1_step2000 74 3 2 0.707697408972308
seed123_C1_step2000 74 3 3 0.7133678189711645
seed123_C1_step2000 74 3 4 0.7126435219543055
seed123_C1_step2000 74 3 5 0.6901490569580346
seed123_C1_step2000 74 3 6 0.690679858031217
seed123_C1_step2000 74 3 7 0.7034168579848483
seed123_C1_step2000 74 3 8 0.7275871789897792
seed123_C1_step2000 74 3 9 0.7102788210031576
seed123_C1_step2000 74 4 0 0.7426148999948055
seed123_C1_step2000 74 4 1 0.7793020780081861
seed123_C1_step2000 74 4 2 0.7190945760230534
seed123_C1_step2000 74 4 3 0.7142566569964401
seed123_C1_step2000 74 4 4 0.7126322170370258
seed123_C1_step2000 74 4 5 0.7102452570106834
seed123_C1_step2000 74 4 6 0.7063469089916907
seed123_C1_step2000 74 4 7 0.7564524809713475
seed123_C1_step2000 74 4 8 0.7375429390231147
seed123_C1_step2000 74 4 9 0.7557262679911219
seed123_C1_step2000 74 5 0 0.7140063149854541
seed123_C1_step2000 74 5 1 0.7075582440011203
seed123_C1_step2000 74 5 2 0.7010055129649118
seed123_C1_step2000 74 5 3 0.6991957949940115
seed123_C1_step2000 74 5 4 0.7775196350412443
seed123_C1_step2000 74 5 5 0.7358464919961989
seed123_C1_step2000 74 5 6 0.7321717630256899
seed123_C1_step2000 74 5 7 0.71021871000994
seed123_C1_step2000 74 5 8 0.7148262929986231
seed123_C1_step2000 74 5 9 0.6763327430235222
seed123_C1_step2000 74 6 0 0.7193897790275514
seed123_C1_step2000 74 6 1 0.7001424079644494
seed123_C1_step2000 74 6 2 0.707605640986003
seed123_C1_step2000 74 6 3 0.7351725019980222
seed123_C1_step2000 74 6 4 0.7391823739744723
seed123_C1_step2000 74 6 5 0.6778095799963921
seed123_C1_step2000 74 6 6 0.6756418140139431
seed123_C1_step2000 74 6 7 0.6834171279915608
seed123_C1_step2000 74 6 8 0.7189134510117583
seed123_C1_step2000 74 6 9 0.7767621140228584
seed123_C1_step2000 74 7 0 0.7214897200465202
seed123_C1_step2000 74 7 1 0.7340465220040642
seed123_C1_step2000 74 7 2 0.7114990960108116
seed123_C1_step2000 74 7 3 0.6804089960060082
seed123_C1_step2000 74 7 4 0.6978286940138787
seed123_C1_step2000 74 7 5 0.7153544769971631
seed123_C1_step2000 74 7 6 0.7362401299760677
seed123_C1_step2000 74 7 7 0.7939770470256917
seed123_C1_step2000 74 7 8 0.8004694989649579
seed123_C1_step2000 74 7 9 0.7582864050054923
seed123_C1_step2000 74 8 0 0.7290018829517066
seed123_C1_step2000 74 8 1 0.7744398830109276
seed123_C1_step2000 74 8 2 0.753441640001256
seed123_C1_step2000 74 8 3 0.7486010860302486
seed123_C1_step2000 74 8 4 0.7276692310115322
seed123_C1_step2000 74 8 5 0.7785797689575702
seed123_C1_step2000 74 8 6 0.7732693410362117
seed123_C1_step2000 74 8 7 0.7668631820124574
seed123_C1_step2000 74 8 8 0.7363296549883671
seed123_C1_step2000 74 8 9 0.7344770549680106
seed123_C1_step2000 74 9 0 0.7709776910487562
seed123_C1_step2000 74 9 1 0.7389192479895428
seed123_C1_step2000 74 9 2 0.7251072160433978
seed123_C1_step2000 74 9 3 0.7579223929787986
seed123_C1_step2000 74 9 4 0.7801709600025788
seed123_C1_step2000 74 9 5 0.7479043769999407
seed123_C1_step2000 74 9 6 0.7776118480251171
seed123_C1_step2000 74 9 7 0.7509176169987768
seed123_C1_step2000 74 9 8 0.7408491849782877
seed123_C1_step2000 74 9 9 0.7222067200345919
seed123_C1_step2000 78 0 0 1.2062698660301976
seed123_C1_step2000 78 0 1 1.2196904679876752
seed123_C1_step2000 78 0 2 1.2544357999577187
seed123_C1_step2000 78 0 3 1.2243338429834694
seed123_C1_step2000 78 0 4 1.252944831037894
seed123_C1_step2000 78 0 5 1.2335135039757006
seed123_C1_step2000 78 0 6 1.2051176830427721
seed123_C1_step2000 78 0 7 1.225360164011363
seed123_C1_step2000 78 0 8 1.2282166209770367
seed123_C1_step2000 78 0 9 1.2300481449929066
seed123_C1_step2000 78 1 0 1.2699112619739026
seed123_C1_step2000 78 1 1 1.2190621300251223
seed123_C1_step2000 78 1 2 1.20565171004273
seed123_C1_step2000 78 1 3 1.214774073974695
seed123_C1_step2000 78 1 4 1.2198761780164205
seed123_C1_step2000 78 1 5 1.281508999003563
seed123_C1_step2000 78 1 6 1.2280103649827652
seed123_C1_step2000 78 1 7 1.2207238780101761
seed123_C1_step2000 78 1 8 1.2251460410188884
seed123_C1_step2000 78 1 9 1.2421652640332468
seed123_C1_step2000 78 2 0 1.1857301250565797
seed123_C1_step2000 78 2 1 1.229759624984581
seed123_C1_step2000 78 2 2 1.271198666014243
seed123_C1_step2000 78 2 3 1.219806019042153
seed123_C1_step2000 78 2 4 1.197295333025977
seed123_C1_step2000 78 2 5 1.21491006197175
seed123_C1_step2000 78 2 6 1.2076224549673498
seed123_C1_step2000 78 2 7 1.2480409599957056
seed123_C1_step2000 78 2 8 1.24317950400291
seed123_C1_step2000 78 2 9 1.1999996050144546
seed123_C1_step2000 78 3 0 1.2218617220059969
seed123_C1_step2000 78 3 1 1.2174325399682857
seed123_C1_step2000 78 3 2 1.221289343026001
seed123_C1_step2000 78 3 3 1.2251909629558213
seed123_C1_step2000 78 3 4 1.2605833580018952
seed123_C1_step2000 78 3 5 1.2146280640154146
seed123_C1_step2000 78 3 6 1.228492941998411
seed123_C1_step2000 78 3 7 1.2658062459668145
seed123_C1_step2000 78 3 8 1.2260640379972756
seed123_C1_step2000 78 3 9 1.218723216035869
seed123_C1_step2000 78 4 0 1.2585887560271658
seed123_C1_step2000 78 4 1 1.2072382930200547
seed123_C1_step2000 78 4 2 1.2455786729697138
seed123_C1_step2000 78 4 3 1.263068562024273
seed123_C1_step2000 78 4 4 1.2931103120208718
seed123_C1_step2000 78 4 5 1.227669224026613
seed123_C1_step2000 78 4 6 1.2874088439857587
seed123_C1_step2000 78 4 7 1.2076228819787502
seed123_C1_step2000 78 4 8 1.2154628160060383
seed123_C1_step2000 78 4 9 1.2135170069523156
seed123_C1_step2000 78 5 0 1.2986743949586526
seed123_C1_step2000 78 5 1 1.2535162870190106
seed123_C1_step2000 78 5 2 1.21573144197464
seed123_C1_step2000 78 5 3 1.2159702369826846
seed123_C1_step2000 78 5 4 1.178310441027861
seed123_C1_step2000 78 5 5 1.2730388380005024
seed123_C1_step2000 78 5 6 1.2372566189733334
seed123_C1_step2000 78 5 7 1.2433867810177617
seed123_C1_step2000 78 5 8 1.2118770279921591
seed123_C1_step2000 78 5 9 1.217598351999186
seed123_C1_step2000 78 6 0 1.2432222929783165
seed123_C1_step2000 78 6 1 1.2563390400027856
seed123_C1_step2000 78 6 2 1.2085517920204438
seed123_C1_step2000 78 6 3 1.2323914560256526
seed123_C1_step2000 78 6 4 1.20874291297514
seed123_C1_step2000 78 6 5 1.2233420929987915
seed123_C1_step2000 78 6 6 1.1866620049695484
seed123_C1_step2000 78 6 7 1.217005493992474
seed123_C1_step2000 78 6 8 1.191464978037402
seed123_C1_step2000 78 6 9 1.2491665600100532
seed123_C1_step2000 78 7 0 1.2227199079934508
seed123_C1_step2000 78 7 1 1.1767479190020822
seed123_C1_step2000 78 7 2 1.2178868249757215
seed123_C1_step2000 78 7 3 1.2764064730145037
seed123_C1_step2000 78 7 4 1.266407044022344
seed123_C1_step2000 78 7 5 1.2452276560361497
seed123_C1_step2000 78 7 6 1.2241621070425026
seed123_C1_step2000 78 7 7 1.2386483590235002
seed123_C1_step2000 78 7 8 1.2373735819710419
seed123_C1_step2000 78 7 9 1.2282579750171863
seed123_C1_step2000 78 8 0 1.2517206530319527
seed123_C1_step2000 78 8 1 1.2424347269698046
seed123_C1_step2000 78 8 2 1.2087366540217772
seed123_C1_step2000 78 8 3 1.2458873799769208
seed123_C1_step2000 78 8 4 1.1902456100215204
seed123_C1_step2000 78 8 5 1.2306829949957319
seed123_C1_step2000 78 8 6 1.1994481440051459
seed123_C1_step2000 78 8 7 1.2074743479606695
seed123_C1_step2000 78 8 8 1.226834436005447
seed123_C1_step2000 78 8 9 1.2435903880395927
seed123_C1_step2000 78 9 0 1.2266893399646506
seed123_C1_step2000 78 9 1 1.218532338971272
seed123_C1_step2000 78 9 2 1.2288595319841988
seed123_C1_step2000 78 9 3 1.2002379649784416
seed123_C1_step2000 78 9 4 1.2626592619926669
seed123_C1_step2000 78 9 5 1.1910256990231574
seed123_C1_step2000 78 9 6 1.1832970430259593
seed123_C1_step2000 78 9 7 1.2155488159623928
seed123_C1_step2000 78 9 8 1.2241137450328097
seed123_C1_step2000 78 9 9 1.2386431400082074
{'model': 'seed123_C1_step2000', 'completed_pairs': 2000, 'requested_pairs': 2000, 'completed': True, 'complete_source_count': 20, 'FRD': 365.7746682024382, 'new_pairs': 2000, 'wall_seconds': 476.8020585179911}
