seed123_C0_step2000 0 0 0 0.8950066779507324
seed123_C0_step2000 0 0 1 0.09101778001058847
seed123_C0_step2000 0 0 2 0.09689088800223544
seed123_C0_step2000 0 0 3 0.0907185030519031
seed123_C0_step2000 0 0 4 0.09084344404982403
seed123_C0_step2000 0 0 5 0.09333346202038229
seed123_C0_step2000 0 0 6 0.09618679102277383
seed123_C0_step2000 0 0 7 0.0982003909884952
seed123_C0_step2000 0 0 8 0.09198354999534786
seed123_C0_step2000 0 0 9 0.09631605999311432
seed123_C0_step2000 0 1 0 0.09900939103681594
seed123_C0_step2000 0 1 1 0.09853765199659392
seed123_C0_step2000 0 1 2 0.09532710397616029
seed123_C0_step2000 0 1 3 0.09549779299413785
seed123_C0_step2000 0 1 4 0.11440904799383134
seed123_C0_step2000 0 1 5 0.10328338801627979
seed123_C0_step2000 0 1 6 0.09722364804474637
seed123_C0_step2000 0 1 7 0.09639465098734945
seed123_C0_step2000 0 1 8 0.09593102702638134
seed123_C0_step2000 0 1 9 0.09690370201133192
seed123_C0_step2000 0 2 0 0.0984696300001815
seed123_C0_step2000 0 2 1 0.09730140800820664
seed123_C0_step2000 0 2 2 0.10614010103745386
seed123_C0_step2000 0 2 3 0.09691638598451391
seed123_C0_step2000 0 2 4 0.09599356801481918
seed123_C0_step2000 0 2 5 0.09616919601103291
seed123_C0_step2000 0 2 6 0.09425449598347768
seed123_C0_step2000 0 2 7 0.09315254300599918
seed123_C0_step2000 0 2 8 0.09215247398242354
seed123_C0_step2000 0 2 9 0.0895853879628703
seed123_C0_step2000 0 3 0 0.09173130302224308
seed123_C0_step2000 0 3 1 0.09277121798368171
seed123_C0_step2000 0 3 2 0.09593269001925364
seed123_C0_step2000 0 3 3 0.0956031649839133
seed123_C0_step2000 0 3 4 0.092314796987921
seed123_C0_step2000 0 3 5 0.0951277389540337
seed123_C0_step2000 0 3 6 0.0988204549648799
seed123_C0_step2000 0 3 7 0.08969377604080364
seed123_C0_step2000 0 3 8 0.0917730939690955
seed123_C0_step2000 0 3 9 0.09426063799764961
seed123_C0_step2000 0 4 0 0.09526918100891635
seed123_C0_step2000 0 4 1 0.09605788002954796
seed123_C0_step2000 0 4 2 0.10114537505432963
seed123_C0_step2000 0 4 3 0.09621751896338537
seed123_C0_step2000 0 4 4 0.09391059202607721
seed123_C0_step2000 0 4 5 0.09305278898682445
seed123_C0_step2000 0 4 6 0.0921531849890016
seed123_C0_step2000 0 4 7 0.09432002203539014
seed123_C0_step2000 0 4 8 0.08992547198431566
seed123_C0_step2000 0 4 9 0.10457903199130669
seed123_C0_step2000 0 5 0 0.09904036798980087
seed123_C0_step2000 0 5 1 0.09118984901579097
seed123_C0_step2000 0 5 2 0.09589857299579307
seed123_C0_step2000 0 5 3 0.096202838991303
seed123_C0_step2000 0 5 4 0.0952872249763459
seed123_C0_step2000 0 5 5 0.0910796569660306
seed123_C0_step2000 0 5 6 0.09032679500523955
seed123_C0_step2000 0 5 7 0.0925784750143066
seed123_C0_step2000 0 5 8 0.09128861798672006
seed123_C0_step2000 0 5 9 0.09019195497967303
seed123_C0_step2000 0 6 0 0.09103148401482031
seed123_C0_step2000 0 6 1 0.09356531599769369
seed123_C0_step2000 0 6 2 0.09654599998611957
seed123_C0_step2000 0 6 3 0.0959635489853099
seed123_C0_step2000 0 6 4 0.08969383500516415
seed123_C0_step2000 0 6 5 0.09446569095598534
seed123_C0_step2000 0 6 6 0.0964649340021424
seed123_C0_step2000 0 6 7 0.09873619099380448
seed123_C0_step2000 0 6 8 0.09433299500960857
seed123_C0_step2000 0 6 9 0.09433777502272278
seed123_C0_step2000 0 7 0 0.09102040104335174
seed123_C0_step2000 0 7 1 0.08854862698353827
seed123_C0_step2000 0 7 2 0.0885845260345377
seed123_C0_step2000 0 7 3 0.09439218899933621
seed123_C0_step2000 0 7 4 0.08792750997235999
seed123_C0_step2000 0 7 5 0.08872870495542884
seed123_C0_step2000 0 7 6 0.08991296699969098
seed123_C0_step2000 0 7 7 0.09678961901227012
seed123_C0_step2000 0 7 8 0.0957352080149576
seed123_C0_step2000 0 7 9 0.09257071901811287
seed123_C0_step2000 0 8 0 0.09591851098230109
seed123_C0_step2000 0 8 1 0.09137767896754667
seed123_C0_step2000 0 8 2 0.08950468903640285
seed123_C0_step2000 0 8 3 0.09492704999865964
seed123_C0_step2000 0 8 4 0.09322669199900702
seed123_C0_step2000 0 8 5 0.09219320100964978
seed123_C0_step2000 0 8 6 0.09569639305118471
seed123_C0_step2000 0 8 7 0.09349854604806751
seed123_C0_step2000 0 8 8 0.09638895699754357
seed123_C0_step2000 0 8 9 0.09524381899973378
seed123_C0_step2000 0 9 0 0.0903132589883171
seed123_C0_step2000 0 9 1 0.09128781600156799
seed123_C0_step2000 0 9 2 0.09302141598891467
seed123_C0_step2000 0 9 3 0.09445066103944555
seed123_C0_step2000 0 9 4 0.09210975002497435
seed123_C0_step2000 0 9 5 0.08956312196096405
seed123_C0_step2000 0 9 6 0.08974242804106325
seed123_C0_step2000 0 9 7 0.09165798797039315
seed123_C0_step2000 0 9 8 0.09100791695527732
seed123_C0_step2000 0 9 9 0.09180396096780896
seed123_C0_step2000 6 0 0 0.1502123730024323
seed123_C0_step2000 6 0 1 0.1497304629883729
seed123_C0_step2000 6 0 2 0.14622660097666085
seed123_C0_step2000 6 0 3 0.1438708599889651
seed123_C0_step2000 6 0 4 0.14770417904946953
seed123_C0_step2000 6 0 5 0.14223008800763637
seed123_C0_step2000 6 0 6 0.17068848200142384
seed123_C0_step2000 6 0 7 0.1528812239994295
seed123_C0_step2000 6 0 8 0.1523764610174112
seed123_C0_step2000 6 0 9 0.14906237402465194
seed123_C0_step2000 6 1 0 0.14158759999554604
seed123_C0_step2000 6 1 1 0.14911827200558037
seed123_C0_step2000 6 1 2 0.13957111397758126
seed123_C0_step2000 6 1 3 0.1424750699661672
seed123_C0_step2000 6 1 4 0.14882920496165752
seed123_C0_step2000 6 1 5 0.148423022008501
seed123_C0_step2000 6 1 6 0.14273159304866567
seed123_C0_step2000 6 1 7 0.14332541800104082
seed123_C0_step2000 6 1 8 0.14616834599291906
seed123_C0_step2000 6 1 9 0.14352517400402576
seed123_C0_step2000 6 2 0 0.147810511989519
seed123_C0_step2000 6 2 1 0.1856066890177317
seed123_C0_step2000 6 2 2 0.16515668900683522
seed123_C0_step2000 6 2 3 0.14437702496070415
seed123_C0_step2000 6 2 4 0.14446938200853765
seed123_C0_step2000 6 2 5 0.1394720299867913
seed123_C0_step2000 6 2 6 0.1400775680085644
seed123_C0_step2000 6 2 7 0.17577137402258813
seed123_C0_step2000 6 2 8 0.14473064499907196
seed123_C0_step2000 6 2 9 0.1472208729828708
seed123_C0_step2000 6 3 0 0.1391998149920255
seed123_C0_step2000 6 3 1 0.13853801100049168
seed123_C0_step2000 6 3 2 0.1568099939613603
seed123_C0_step2000 6 3 3 0.14268398098647594
seed123_C0_step2000 6 3 4 0.1409598080208525
seed123_C0_step2000 6 3 5 0.14057694899383932
seed123_C0_step2000 6 3 6 0.14362815901404247
seed123_C0_step2000 6 3 7 0.1401408090023324
seed123_C0_step2000 6 3 8 0.14760019397363067
seed123_C0_step2000 6 3 9 0.15582563495263457
seed123_C0_step2000 6 4 0 0.14139511599205434
seed123_C0_step2000 6 4 1 0.14162367599783465
seed123_C0_step2000 6 4 2 0.14554462098749354
seed123_C0_step2000 6 4 3 0.14472324796952307
seed123_C0_step2000 6 4 4 0.1465539369964972
seed123_C0_step2000 6 4 5 0.14709098194725811
seed123_C0_step2000 6 4 6 0.14822614897275344
seed123_C0_step2000 6 4 7 0.14753978699445724
seed123_C0_step2000 6 4 8 0.15200418897438794
seed123_C0_step2000 6 4 9 0.1514400729793124
seed123_C0_step2000 6 5 0 0.1490157800144516
seed123_C0_step2000 6 5 1 0.14327395503642038
seed123_C0_step2000 6 5 2 0.150092346011661
seed123_C0_step2000 6 5 3 0.14888210297795013
seed123_C0_step2000 6 5 4 0.14600808499380946
seed123_C0_step2000 6 5 5 0.14016707701375708
seed123_C0_step2000 6 5 6 0.14163505600299686
seed123_C0_step2000 6 5 7 0.15497929201228544
seed123_C0_step2000 6 5 8 0.1435339860036038
seed123_C0_step2000 6 5 9 0.14735043101245537
seed123_C0_step2000 6 6 0 0.15103345800889656
seed123_C0_step2000 6 6 1 0.14584758499404415
seed123_C0_step2000 6 6 2 0.14205030602170154
seed123_C0_step2000 6 6 3 0.14095231000101194
seed123_C0_step2000 6 6 4 0.14375937002478167
seed123_C0_step2000 6 6 5 0.13995305402204394
seed123_C0_step2000 6 6 6 0.14199487899895757
seed123_C0_step2000 6 6 7 0.14250525296665728
seed123_C0_step2000 6 6 8 0.14364014903549105
seed123_C0_step2000 6 6 9 0.14586512703681365
seed123_C0_step2000 6 7 0 0.1459322859882377
seed123_C0_step2000 6 7 1 0.14579266699729487
seed123_C0_step2000 6 7 2 0.15082211000844836
seed123_C0_step2000 6 7 3 0.1495985410292633
seed123_C0_step2000 6 7 4 0.154022436006926
seed123_C0_step2000 6 7 5 0.14777446602238342
seed123_C0_step2000 6 7 6 0.15191830100957304
seed123_C0_step2000 6 7 7 0.15034345601452515
seed123_C0_step2000 6 7 8 0.15005926799494773
seed123_C0_step2000 6 7 9 0.1485813710023649
seed123_C0_step2000 6 8 0 0.14478780003264546
seed123_C0_step2000 6 8 1 0.14036923501407728
seed123_C0_step2000 6 8 2 0.13957701803883538
seed123_C0_step2000 6 8 3 0.13988778600469232
seed123_C0_step2000 6 8 4 0.14295059896539897
seed123_C0_step2000 6 8 5 0.13885932398261502
seed123_C0_step2000 6 8 6 0.13925765204476193
seed123_C0_step2000 6 8 7 0.14870274398708716
seed123_C0_step2000 6 8 8 0.15171930601354688
seed123_C0_step2000 6 8 9 0.15153316699434072
seed123_C0_step2000 6 9 0 0.14757608098443598
seed123_C0_step2000 6 9 1 0.1520600719959475
seed123_C0_step2000 6 9 2 0.15996900398749858
seed123_C0_step2000 6 9 3 0.15732252300949767
seed123_C0_step2000 6 9 4 0.15833569702226669
seed123_C0_step2000 6 9 5 0.1470897240214981
seed123_C0_step2000 6 9 6 0.14765389100648463
seed123_C0_step2000 6 9 7 0.15117627900326625
seed123_C0_step2000 6 9 8 0.14747877302579582
seed123_C0_step2000 6 9 9 0.1473787910072133
seed123_C0_step2000 9 0 0 0.05109002499375492
seed123_C0_step2000 9 0 1 0.04320038098376244
seed123_C0_step2000 9 0 2 0.04318337800214067
seed123_C0_step2000 9 0 3 0.04328464198624715
seed123_C0_step2000 9 0 4 0.042456197028514
seed123_C0_step2000 9 0 5 0.042525410011876374
seed123_C0_step2000 9 0 6 0.043368864979129285
seed123_C0_step2000 9 0 7 0.04436580598121509
seed123_C0_step2000 9 0 8 0.047185169998556376
seed123_C0_step2000 9 0 9 0.0445288399932906
seed123_C0_step2000 9 1 0 0.04432936501689255
seed123_C0_step2000 9 1 1 0.04284819198073819
seed123_C0_step2000 9 1 2 0.04278708400670439
seed123_C0_step2000 9 1 3 0.04243936401326209
seed123_C0_step2000 9 1 4 0.04275890899589285
seed123_C0_step2000 9 1 5 0.04261819802923128
seed123_C0_step2000 9 1 6 0.0426772219943814
seed123_C0_step2000 9 1 7 0.04341335000935942
seed123_C0_step2000 9 1 8 0.04641733004245907
seed123_C0_step2000 9 1 9 0.04758056200807914
seed123_C0_step2000 9 2 0 0.04686032299650833
seed123_C0_step2000 9 2 1 0.04560314101399854
seed123_C0_step2000 9 2 2 0.04433023801539093
seed123_C0_step2000 9 2 3 0.04375748400343582
seed123_C0_step2000 9 2 4 0.04512803500983864
seed123_C0_step2000 9 2 5 0.04440515098394826
seed123_C0_step2000 9 2 6 0.04480661702109501
seed123_C0_step2000 9 2 7 0.04342431196710095
seed123_C0_step2000 9 2 8 0.04499862599186599
seed123_C0_step2000 9 2 9 0.04579391796141863
seed123_C0_step2000 9 3 0 0.04321746400091797
seed123_C0_step2000 9 3 1 0.04302611399907619
seed123_C0_step2000 9 3 2 0.04355825000675395
seed123_C0_step2000 9 3 3 0.04509455099469051
seed123_C0_step2000 9 3 4 0.04471335600828752
seed123_C0_step2000 9 3 5 0.04448416404193267
seed123_C0_step2000 9 3 6 0.04452796798432246
seed123_C0_step2000 9 3 7 0.04444508894812316
seed123_C0_step2000 9 3 8 0.04411712696310133
seed123_C0_step2000 9 3 9 0.043101940013002604
seed123_C0_step2000 9 4 0 0.04357904999051243
seed123_C0_step2000 9 4 1 0.04433044797042385
seed123_C0_step2000 9 4 2 0.043196993006858975
seed123_C0_step2000 9 4 3 0.04308983695227653
seed123_C0_step2000 9 4 4 0.04327939299400896
seed123_C0_step2000 9 4 5 0.042576538980938494
seed123_C0_step2000 9 4 6 0.04540727304993197
seed123_C0_step2000 9 4 7 0.04316564300097525
seed123_C0_step2000 9 4 8 0.04424706700956449
seed123_C0_step2000 9 4 9 0.043665778008289635
seed123_C0_step2000 9 5 0 0.04377965599996969
seed123_C0_step2000 9 5 1 0.044408979010768235
seed123_C0_step2000 9 5 2 0.04468524199910462
seed123_C0_step2000 9 5 3 0.04341335000935942
seed123_C0_step2000 9 5 4 0.0423920419998467
seed123_C0_step2000 9 5 5 0.042806130019016564
seed123_C0_step2000 9 5 6 0.042699344048742205
seed123_C0_step2000 9 5 7 0.0443230020464398
seed123_C0_step2000 9 5 8 0.04339136800263077
seed123_C0_step2000 9 5 9 0.04287575400667265
seed123_C0_step2000 9 6 0 0.042768519022502005
seed123_C0_step2000 9 6 1 0.04261064296588302
seed123_C0_step2000 9 6 2 0.042373105010483414
seed123_C0_step2000 9 6 3 0.043588158034253865
seed123_C0_step2000 9 6 4 0.04311526601668447
seed123_C0_step2000 9 6 5 0.04213850398082286
seed123_C0_step2000 9 6 6 0.042498948983848095
seed123_C0_step2000 9 6 7 0.0423738380195573
seed123_C0_step2000 9 6 8 0.04236801597289741
seed123_C0_step2000 9 6 9 0.04780173802282661
seed123_C0_step2000 9 7 0 0.046793645014986396
seed123_C0_step2000 9 7 1 0.041301439981907606
seed123_C0_step2000 9 7 2 0.04164839902659878
seed123_C0_step2000 9 7 3 0.05023114901268855
seed123_C0_step2000 9 7 4 0.05268565902952105
seed123_C0_step2000 9 7 5 0.04230454401113093
seed123_C0_step2000 9 7 6 0.04183296498376876
seed123_C0_step2000 9 7 7 0.04206917999545112
seed123_C0_step2000 9 7 8 0.041873192007187754
seed123_C0_step2000 9 7 9 0.042013583006337285
seed123_C0_step2000 9 8 0 0.04257626802427694
seed123_C0_step2000 9 8 1 0.04202595603419468
seed123_C0_step2000 9 8 2 0.04431415698491037
seed123_C0_step2000 9 8 3 0.04391344398027286
seed123_C0_step2000 9 8 4 0.04460423398995772
seed123_C0_step2000 9 8 5 0.04204140603542328
seed123_C0_step2000 9 8 6 0.043034130008891225
seed123_C0_step2000 9 8 7 0.040778582042548805
seed123_C0_step2000 9 8 8 0.04097124398685992
seed123_C0_step2000 9 8 9 0.041049704945180565
seed123_C0_step2000 9 9 0 0.04340412298915908
seed123_C0_step2000 9 9 1 0.0447208599653095
seed123_C0_step2000 9 9 2 0.04640672804089263
seed123_C0_step2000 9 9 3 0.04758490895619616
seed123_C0_step2000 9 9 4 0.0551505780313164
seed123_C0_step2000 9 9 5 0.04343520203838125
seed123_C0_step2000 9 9 6 0.04616004298441112
seed123_C0_step2000 9 9 7 0.04532692796783522
seed123_C0_step2000 9 9 8 0.04408601700561121
seed123_C0_step2000 9 9 9 0.04431261296849698
seed123_C0_step2000 12 0 0 0.4457386729773134
seed123_C0_step2000 12 0 1 0.43451217899564654
seed123_C0_step2000 12 0 2 0.444404571026098
seed123_C0_step2000 12 0 3 0.43563519103918225
seed123_C0_step2000 12 0 4 0.4443857729784213
seed123_C0_step2000 12 0 5 0.44523884600494057
seed123_C0_step2000 12 0 6 0.44821771496208385
seed123_C0_step2000 12 0 7 0.45153365400619805
seed123_C0_step2000 12 0 8 0.44645480799954385
seed123_C0_step2000 12 0 9 0.4399412930360995
seed123_C0_step2000 12 1 0 0.4395660499576479
seed123_C0_step2000 12 1 1 0.4571937079890631
seed123_C0_step2000 12 1 2 0.4624041669885628
seed123_C0_step2000 12 1 3 0.46318743500160053
seed123_C0_step2000 12 1 4 0.4494761219830252
seed123_C0_step2000 12 1 5 0.4459731110255234
seed123_C0_step2000 12 1 6 0.4498798589920625
seed123_C0_step2000 12 1 7 0.4444583909935318
seed123_C0_step2000 12 1 8 0.4795759810367599
seed123_C0_step2000 12 1 9 0.45325789600610733
seed123_C0_step2000 12 2 0 0.45193083700723946
seed123_C0_step2000 12 2 1 0.44719565100967884
seed123_C0_step2000 12 2 2 0.45379191101528704
seed123_C0_step2000 12 2 3 0.44694238202646375
seed123_C0_step2000 12 2 4 0.44730138196609914
seed123_C0_step2000 12 2 5 0.458821781037841
seed123_C0_step2000 12 2 6 0.48161051399074495
seed123_C0_step2000 12 2 7 0.4655810339609161
seed123_C0_step2000 12 2 8 0.462297084974125
seed123_C0_step2000 12 2 9 0.44408254500012845
seed123_C0_step2000 12 3 0 0.46454639796866104
seed123_C0_step2000 12 3 1 0.4435023539699614
seed123_C0_step2000 12 3 2 0.4408872650237754
seed123_C0_step2000 12 3 3 0.435529428999871
seed123_C0_step2000 12 3 4 0.44852261600317433
seed123_C0_step2000 12 3 5 0.4489920290070586
seed123_C0_step2000 12 3 6 0.4442436789977364
seed123_C0_step2000 12 3 7 0.44367346895160154
seed123_C0_step2000 12 3 8 0.4543021789868362
seed123_C0_step2000 12 3 9 0.4427349789766595
seed123_C0_step2000 12 4 0 0.450640361988917
seed123_C0_step2000 12 4 1 0.4538879890460521
seed123_C0_step2000 12 4 2 0.45872859499650076
seed123_C0_step2000 12 4 3 0.46026388299651444
seed123_C0_step2000 12 4 4 0.4667400509933941
seed123_C0_step2000 12 4 5 0.4477215819642879
seed123_C0_step2000 12 4 6 0.4429356179898605
seed123_C0_step2000 12 4 7 0.45503592398017645
seed123_C0_step2000 12 4 8 0.4506166279898025
seed123_C0_step2000 12 4 9 0.4523425630177371
seed123_C0_step2000 12 5 0 0.4367490039439872
seed123_C0_step2000 12 5 1 0.4399829750182107
seed123_C0_step2000 12 5 2 0.4534373300266452
seed123_C0_step2000 12 5 3 0.46130002004792914
seed123_C0_step2000 12 5 4 0.4315894389874302
seed123_C0_step2000 12 5 5 0.44136148696998134
seed123_C0_step2000 12 5 6 0.4384749550372362
seed123_C0_step2000 12 5 7 0.44047260202933103
seed123_C0_step2000 12 5 8 0.4465386000229046
seed123_C0_step2000 12 5 9 0.4555219809990376
seed123_C0_step2000 12 6 0 0.4474595119827427
seed123_C0_step2000 12 6 1 0.44344393600476906
seed123_C0_step2000 12 6 2 0.4464826890034601
seed123_C0_step2000 12 6 3 0.4422333500115201
seed123_C0_step2000 12 6 4 0.44088501000078395
seed123_C0_step2000 12 6 5 0.4785267830011435
seed123_C0_step2000 12 6 6 0.4783956289757043
seed123_C0_step2000 12 6 7 0.44034128001658246
seed123_C0_step2000 12 6 8 0.44699767598649487
seed123_C0_step2000 12 6 9 0.4447208669735119
seed123_C0_step2000 12 7 0 0.4472232889966108
seed123_C0_step2000 12 7 1 0.45344261097488925
seed123_C0_step2000 12 7 2 0.45023505098652095
seed123_C0_step2000 12 7 3 0.44003934296779335
seed123_C0_step2000 12 7 4 0.44310294603928924
seed123_C0_step2000 12 7 5 0.44920248800190166
seed123_C0_step2000 12 7 6 0.45415108295856044
seed123_C0_step2000 12 7 7 0.4441656400449574
seed123_C0_step2000 12 7 8 0.4339790520025417
seed123_C0_step2000 12 7 9 0.4371225380455144
seed123_C0_step2000 12 8 0 0.46319495397619903
seed123_C0_step2000 12 8 1 0.446468363981694
seed123_C0_step2000 12 8 2 0.4698680419824086
seed123_C0_step2000 12 8 3 0.44621622702106833
seed123_C0_step2000 12 8 4 0.44396824401337653
seed123_C0_step2000 12 8 5 0.44866116699995473
seed123_C0_step2000 12 8 6 0.44096801098203287
seed123_C0_step2000 12 8 7 0.44319383904803544
seed123_C0_step2000 12 8 8 0.460161552997306
seed123_C0_step2000 12 8 9 0.44281112001044676
seed123_C0_step2000 12 9 0 0.4496463899849914
seed123_C0_step2000 12 9 1 0.44325257802847773
seed123_C0_step2000 12 9 2 0.4424336000229232
seed123_C0_step2000 12 9 3 0.4453540260437876
seed123_C0_step2000 12 9 4 0.4581982039962895
seed123_C0_step2000 12 9 5 0.4406304340227507
seed123_C0_step2000 12 9 6 0.44941933697555214
seed123_C0_step2000 12 9 7 0.44685859204037115
seed123_C0_step2000 12 9 8 0.4476502659963444
seed123_C0_step2000 12 9 9 0.43643337301909924
seed123_C0_step2000 18 0 0 0.10438707796856761
seed123_C0_step2000 18 0 1 0.10369321098551154
seed123_C0_step2000 18 0 2 0.10213958797976375
seed123_C0_step2000 18 0 3 0.10273685795255005
seed123_C0_step2000 18 0 4 0.10222109500318766
seed123_C0_step2000 18 0 5 0.10366906400304288
seed123_C0_step2000 18 0 6 0.10395557701122016
seed123_C0_step2000 18 0 7 0.1084250480053015
seed123_C0_step2000 18 0 8 0.10485514998435974
seed123_C0_step2000 18 0 9 0.10724891303107142
seed123_C0_step2000 18 1 0 0.10907516104634851
seed123_C0_step2000 18 1 1 0.11060059000737965
seed123_C0_step2000 18 1 2 0.10772346600424498
seed123_C0_step2000 18 1 3 0.10428836802020669
seed123_C0_step2000 18 1 4 0.1020364579744637
seed123_C0_step2000 18 1 5 0.1022357419715263
seed123_C0_step2000 18 1 6 0.10824090399546549
seed123_C0_step2000 18 1 7 0.10343093500705436
seed123_C0_step2000 18 1 8 0.10426561400527135
seed123_C0_step2000 18 1 9 0.10604111402062699
seed123_C0_step2000 18 2 0 0.10276402998715639
seed123_C0_step2000 18 2 1 0.10738780000247061
seed123_C0_step2000 18 2 2 0.10647030099062249
seed123_C0_step2000 18 2 3 0.10322339495178312
seed123_C0_step2000 18 2 4 0.10508404002757743
seed123_C0_step2000 18 2 5 0.10526628099614754
seed123_C0_step2000 18 2 6 0.10810110397869721
seed123_C0_step2000 18 2 7 0.10943985299672931
seed123_C0_step2000 18 2 8 0.10564724501455203
seed123_C0_step2000 18 2 9 0.10680564702488482
seed123_C0_step2000 18 3 0 0.1040245580370538
seed123_C0_step2000 18 3 1 0.1038322780514136
seed123_C0_step2000 18 3 2 0.10549097397597507
seed123_C0_step2000 18 3 3 0.1052640859852545
seed123_C0_step2000 18 3 4 0.10644633398624137
seed123_C0_step2000 18 3 5 0.10854654101422057
seed123_C0_step2000 18 3 6 0.11348913499386981
seed123_C0_step2000 18 3 7 0.12029239401454106
seed123_C0_step2000 18 3 8 0.10921483801212162
seed123_C0_step2000 18 3 9 0.1073709559859708
seed123_C0_step2000 18 4 0 0.10683331004111096
seed123_C0_step2000 18 4 1 0.10302418103674427
seed123_C0_step2000 18 4 2 0.10282988601829857
seed123_C0_step2000 18 4 3 0.10368979297345504
seed123_C0_step2000 18 4 4 0.10637652000878006
seed123_C0_step2000 18 4 5 0.1030042709899135
seed123_C0_step2000 18 4 6 0.10309461498400196
seed123_C0_step2000 18 4 7 0.10960357601288706
seed123_C0_step2000 18 4 8 0.10871980397496372
seed123_C0_step2000 18 4 9 0.10808848799206316
seed123_C0_step2000 18 5 0 0.10670732700964436
seed123_C0_step2000 18 5 1 0.10715098096989095
seed123_C0_step2000 18 5 2 0.1078074150136672
seed123_C0_step2000 18 5 3 0.1064704799791798
seed123_C0_step2000 18 5 4 0.10916708596050739
seed123_C0_step2000 18 5 5 0.10351962404092774
seed123_C0_step2000 18 5 6 0.10307973599992692
seed123_C0_step2000 18 5 7 0.10398456902476028
seed123_C0_step2000 18 5 8 0.10441254498437047
seed123_C0_step2000 18 5 9 0.10684162605321035
seed123_C0_step2000 18 6 0 0.10228149802424014
seed123_C0_step2000 18 6 1 0.10361349501181394
seed123_C0_step2000 18 6 2 0.10328812798252329
seed123_C0_step2000 18 6 3 0.10650095797609538
seed123_C0_step2000 18 6 4 0.1037479640217498
seed123_C0_step2000 18 6 5 0.1038200129987672
seed123_C0_step2000 18 6 6 0.11518695496488363
seed123_C0_step2000 18 6 7 0.10893625003518537
seed123_C0_step2000 18 6 8 0.10336448496673256
seed123_C0_step2000 18 6 9 0.1026642459910363
seed123_C0_step2000 18 7 0 0.10365006397478282
seed123_C0_step2000 18 7 1 0.10718774195993319
seed123_C0_step2000 18 7 2 0.10372263501631096
seed123_C0_step2000 18 7 3 0.10278316400945187
seed123_C0_step2000 18 7 4 0.10328419000143185
seed123_C0_step2000 18 7 5 0.10215259902179241
seed123_C0_step2000 18 7 6 0.10205335699720308
seed123_C0_step2000 18 7 7 0.10500774998217821
seed123_C0_step2000 18 7 8 0.10341711598448455
seed123_C0_step2000 18 7 9 0.11119167599827051
seed123_C0_step2000 18 8 0 0.10582867194898427
seed123_C0_step2000 18 8 1 0.10727413702988997
seed123_C0_step2000 18 8 2 0.10892287502065301
seed123_C0_step2000 18 8 3 0.11013712402200326
seed123_C0_step2000 18 8 4 0.10590912698535249
seed123_C0_step2000 18 8 5 0.10482603998389095
seed123_C0_step2000 18 8 6 0.10355204500956461
seed123_C0_step2000 18 8 7 0.11044355400372297
seed123_C0_step2000 18 8 8 0.10401629901025444
seed123_C0_step2000 18 8 9 0.10151571105234325
seed123_C0_step2000 18 9 0 0.10514464299194515
seed123_C0_step2000 18 9 1 0.10672035900643095
seed123_C0_step2000 18 9 2 0.10672826500376686
seed123_C0_step2000 18 9 3 0.1044194659916684
seed123_C0_step2000 18 9 4 0.10758598695974797
seed123_C0_step2000 18 9 5 0.11537431395845488
seed123_C0_step2000 18 9 6 0.10049387195613235
seed123_C0_step2000 18 9 7 0.11486669501755387
seed123_C0_step2000 18 9 8 0.10874547105049714
seed123_C0_step2000 18 9 9 0.10096263495506719
seed123_C0_step2000 22 0 0 0.016625573975034058
seed123_C0_step2000 22 0 1 0.015263639972545207
seed123_C0_step2000 22 0 2 0.0152136129909195
seed123_C0_step2000 22 0 3 0.015244242968037724
seed123_C0_step2000 22 0 4 0.015262847999110818
seed123_C0_step2000 22 0 5 0.015250344993546605
seed123_C0_step2000 22 0 6 0.0152752929716371
seed123_C0_step2000 22 0 7 0.015237359970342368
seed123_C0_step2000 22 0 8 0.015367869986221194
seed123_C0_step2000 22 0 9 0.015713406959548593
seed123_C0_step2000 22 1 0 0.016793266986496747
seed123_C0_step2000 22 1 1 0.015254122030455619
seed123_C0_step2000 22 1 2 0.015264821995515376
seed123_C0_step2000 22 1 3 0.015227840980514884
seed123_C0_step2000 22 1 4 0.015269000025000423
seed123_C0_step2000 22 1 5 0.01621072500711307
seed123_C0_step2000 22 1 6 0.01674689701758325
seed123_C0_step2000 22 1 7 0.015963668993208557
seed123_C0_step2000 22 1 8 0.018874196044635028
seed123_C0_step2000 22 1 9 0.017680999008007348
seed123_C0_step2000 22 2 0 0.015594487020280212
seed123_C0_step2000 22 2 1 0.016413856006693095
seed123_C0_step2000 22 2 2 0.017442548007238656
seed123_C0_step2000 22 2 3 0.01560760400025174
seed123_C0_step2000 22 2 4 0.016925140982493758
seed123_C0_step2000 22 2 5 0.016322890995070338
seed123_C0_step2000 22 2 6 0.015204075025394559
seed123_C0_step2000 22 2 7 0.015210407029371709
seed123_C0_step2000 22 2 8 0.015434289001859725
seed123_C0_step2000 22 2 9 0.015349635039456189
seed123_C0_step2000 22 3 0 0.015263249981217086
seed123_C0_step2000 22 3 1 0.015255392994731665
seed123_C0_step2000 22 3 2 0.015367290005087852
seed123_C0_step2000 22 3 3 0.015335388015955687
seed123_C0_step2000 22 3 4 0.01531092100776732
seed123_C0_step2000 22 3 5 0.015615258016623557
seed123_C0_step2000 22 3 6 0.015525082999374717
seed123_C0_step2000 22 3 7 0.015644564002286643
seed123_C0_step2000 22 3 8 0.015706884034443647
seed123_C0_step2000 22 3 9 0.015652058005798608
seed123_C0_step2000 22 4 0 0.015543229004833847
seed123_C0_step2000 22 4 1 0.01543446903815493
seed123_C0_step2000 22 4 2 0.015315129945520312
seed123_C0_step2000 22 4 3 0.015262268017977476
seed123_C0_step2000 22 4 4 0.015264050976838917
seed123_C0_step2000 22 4 5 0.015337212011218071
seed123_C0_step2000 22 4 6 0.01612754398956895
seed123_C0_step2000 22 4 7 0.016410730022471398
seed123_C0_step2000 22 4 8 0.01998055900912732
seed123_C0_step2000 22 4 9 0.015951755980495363
seed123_C0_step2000 22 5 0 0.015633973001968116
seed123_C0_step2000 22 5 1 0.015493903018068522
seed123_C0_step2000 22 5 2 0.015570312039926648
seed123_C0_step2000 22 5 3 0.015445830998942256
seed123_C0_step2000 22 5 4 0.016546863014809787
seed123_C0_step2000 22 5 5 0.019496055028866976
seed123_C0_step2000 22 5 6 0.01835843303706497
seed123_C0_step2000 22 5 7 0.015297314967028797
seed123_C0_step2000 22 5 8 0.015295240969862789
seed123_C0_step2000 22 5 9 0.015315280004870147
seed123_C0_step2000 22 6 0 0.015259893028996885
seed123_C0_step2000 22 6 1 0.015269601019099355
seed123_C0_step2000 22 6 2 0.015218663029372692
seed123_C0_step2000 22 6 3 0.015285232046153396
seed123_C0_step2000 22 6 4 0.015285421977750957
seed123_C0_step2000 22 6 5 0.01590567600214854
seed123_C0_step2000 22 6 6 0.01735732500674203
seed123_C0_step2000 22 6 7 0.01750788395293057
seed123_C0_step2000 22 6 8 0.016619772999547422
seed123_C0_step2000 22 6 9 0.017211653001140803
seed123_C0_step2000 22 7 0 0.017308069043792784
seed123_C0_step2000 22 7 1 0.01670752197969705
seed123_C0_step2000 22 7 2 0.016761044040322304
seed123_C0_step2000 22 7 3 0.015669613028876483
seed123_C0_step2000 22 7 4 0.016376964980736375
seed123_C0_step2000 22 7 5 0.01617458596592769
seed123_C0_step2000 22 7 6 0.016404959023930132
seed123_C0_step2000 22 7 7 0.016971541044767946
seed123_C0_step2000 22 7 8 0.01724776200717315
seed123_C0_step2000 22 7 9 0.018003990000579506
seed123_C0_step2000 22 8 0 0.01677762798499316
seed123_C0_step2000 22 8 1 0.015274590987246484
seed123_C0_step2000 22 8 2 0.015297295001801103
seed123_C0_step2000 22 8 3 0.015482421033084393
seed123_C0_step2000 22 8 4 0.016125400026794523
seed123_C0_step2000 22 8 5 0.01619879197096452
seed123_C0_step2000 22 8 6 0.016245973005425185
seed123_C0_step2000 22 8 7 0.017327365989331156
seed123_C0_step2000 22 8 8 0.01650023297406733
seed123_C0_step2000 22 8 9 0.016172459989320487
seed123_C0_step2000 22 9 0 0.0165489959763363
seed123_C0_step2000 22 9 1 0.01533962698886171
seed123_C0_step2000 22 9 2 0.015295740973670036
seed123_C0_step2000 22 9 3 0.015300341008696705
seed123_C0_step2000 22 9 4 0.015332492999732494
seed123_C0_step2000 22 9 5 0.015279380953870714
seed123_C0_step2000 22 9 6 0.015279521001502872
seed123_C0_step2000 22 9 7 0.015301052015274763
seed123_C0_step2000 22 9 8 0.015951374953147024
seed123_C0_step2000 22 9 9 0.017372503003571182
seed123_C0_step2000 24 0 0 0.017251849989406765
seed123_C0_step2000 24 0 1 0.017113825015258044
seed123_C0_step2000 24 0 2 0.01706579199526459
seed123_C0_step2000 24 0 3 0.0171556249842979
seed123_C0_step2000 24 0 4 0.017052537004929036
seed123_C0_step2000 24 0 5 0.01702496298821643
seed123_C0_step2000 24 0 6 0.0171421300037764
seed123_C0_step2000 24 0 7 0.020459100021980703
seed123_C0_step2000 24 0 8 0.017270245996769518
seed123_C0_step2000 24 0 9 0.01705592399230227
seed123_C0_step2000 24 1 0 0.01709895598469302
seed123_C0_step2000 24 1 1 0.017107323044911027
seed123_C0_step2000 24 1 2 0.017127191997133195
seed123_C0_step2000 24 1 3 0.017094337032176554
seed123_C0_step2000 24 1 4 0.01711831399006769
seed123_C0_step2000 24 1 5 0.017062266007997096
seed123_C0_step2000 24 1 6 0.017059149977285415
seed123_C0_step2000 24 1 7 0.01711399498162791
seed123_C0_step2000 24 1 8 0.017137671005912125
seed123_C0_step2000 24 1 9 0.01840282802004367
seed123_C0_step2000 24 2 0 0.017386749968864024
seed123_C0_step2000 24 2 1 0.017915970995090902
seed123_C0_step2000 24 2 2 0.018002466997131705
seed123_C0_step2000 24 2 3 0.01796093600569293
seed123_C0_step2000 24 2 4 0.017978792020585388
seed123_C0_step2000 24 2 5 0.018013447988778353
seed123_C0_step2000 24 2 6 0.01868511299835518
seed123_C0_step2000 24 2 7 0.020373936044052243
seed123_C0_step2000 24 2 8 0.022111524012871087
seed123_C0_step2000 24 2 9 0.018076551030389965
seed123_C0_step2000 24 3 0 0.017898567020893097
seed123_C0_step2000 24 3 1 0.017732096021063626
seed123_C0_step2000 24 3 2 0.019315206038299948
seed123_C0_step2000 24 3 3 0.01827047299593687
seed123_C0_step2000 24 3 4 0.018208715016953647
seed123_C0_step2000 24 3 5 0.018280191987287253
seed123_C0_step2000 24 3 6 0.018355336971580982
seed123_C0_step2000 24 3 7 0.018096649029757828
seed123_C0_step2000 24 3 8 0.021537007007282227
seed123_C0_step2000 24 3 9 0.022873081034049392
seed123_C0_step2000 24 4 0 0.023155586968641728
seed123_C0_step2000 24 4 1 0.022853564005345106
seed123_C0_step2000 24 4 2 0.02123208000557497
seed123_C0_step2000 24 4 3 0.01770304999081418
seed123_C0_step2000 24 4 4 0.018096507992595434
seed123_C0_step2000 24 4 5 0.01791995804524049
seed123_C0_step2000 24 4 6 0.017607405956368893
seed123_C0_step2000 24 4 7 0.018075188039802015
seed123_C0_step2000 24 4 8 0.018210748035926372
seed123_C0_step2000 24 4 9 0.018095245002768934
seed123_C0_step2000 24 5 0 0.017971947963815182
seed123_C0_step2000 24 5 1 0.017873609031084925
seed123_C0_step2000 24 5 2 0.017568680981639773
seed123_C0_step2000 24 5 3 0.017737005022354424
seed123_C0_step2000 24 5 4 0.019795180996879935
seed123_C0_step2000 24 5 5 0.017365910985972732
seed123_C0_step2000 24 5 6 0.02001213899347931
seed123_C0_step2000 24 5 7 0.017129474959801883
seed123_C0_step2000 24 5 8 0.017045212036464363
seed123_C0_step2000 24 5 9 0.017327127046883106
seed123_C0_step2000 24 6 0 0.01818821398774162
seed123_C0_step2000 24 6 1 0.018369894998613745
seed123_C0_step2000 24 6 2 0.017294141987804323
seed123_C0_step2000 24 6 3 0.01727808202849701
seed123_C0_step2000 24 6 4 0.01731891999952495
seed123_C0_step2000 24 6 5 0.017322756990324706
seed123_C0_step2000 24 6 6 0.01728069595992565
seed123_C0_step2000 24 6 7 0.01732776698190719
seed123_C0_step2000 24 6 8 0.01714580599218607
seed123_C0_step2000 24 6 9 0.017061903956346214
seed123_C0_step2000 24 7 0 0.017146778001915663
seed123_C0_step2000 24 7 1 0.017443349992390722
seed123_C0_step2000 24 7 2 0.017416486982256174
seed123_C0_step2000 24 7 3 0.017369035980664194
seed123_C0_step2000 24 7 4 0.017329169961158186
seed123_C0_step2000 24 7 5 0.017276238009799272
seed123_C0_step2000 24 7 6 0.017387150961440057
seed123_C0_step2000 24 7 7 0.02039878402138129
seed123_C0_step2000 24 7 8 0.017336513032205403
seed123_C0_step2000 24 7 9 0.017414585046935827
seed123_C0_step2000 24 8 0 0.01730461197439581
seed123_C0_step2000 24 8 1 0.019350734015461057
seed123_C0_step2000 24 8 2 0.017544825037475675
seed123_C0_step2000 24 8 3 0.01748872798634693
seed123_C0_step2000 24 8 4 0.01724026899319142
seed123_C0_step2000 24 8 5 0.017310794966761023
seed123_C0_step2000 24 8 6 0.017292487958911806
seed123_C0_step2000 24 8 7 0.017254034988582134
seed123_C0_step2000 24 8 8 0.01735896698664874
seed123_C0_step2000 24 8 9 0.017320893006399274
seed123_C0_step2000 24 9 0 0.01745894900523126
seed123_C0_step2000 24 9 1 0.017331344017293304
seed123_C0_step2000 24 9 2 0.017257642990443856
seed123_C0_step2000 24 9 3 0.017418381001334637
seed123_C0_step2000 24 9 4 0.017372363014146686
seed123_C0_step2000 24 9 5 0.017237262974958867
seed123_C0_step2000 24 9 6 0.017060342011973262
seed123_C0_step2000 24 9 7 0.017247171024791896
seed123_C0_step2000 24 9 8 0.017246139992494136
seed123_C0_step2000 24 9 9 0.01730263896752149
seed123_C0_step2000 30 0 0 0.02843066002242267
seed123_C0_step2000 30 0 1 0.02843155205482617
seed123_C0_step2000 30 0 2 0.02842913701897487
seed123_C0_step2000 30 0 3 0.028297784039750695
seed123_C0_step2000 30 0 4 0.03028412099229172
seed123_C0_step2000 30 0 5 0.028429146972484887
seed123_C0_step2000 30 0 6 0.027874928957317024
seed123_C0_step2000 30 0 7 0.02813078201143071
seed123_C0_step2000 30 0 8 0.02822200901573524
seed123_C0_step2000 30 0 9 0.02811955998186022
seed123_C0_step2000 30 1 0 0.02787431702017784
seed123_C0_step2000 30 1 1 0.028184415015857667
seed123_C0_step2000 30 1 2 0.03422744898125529
seed123_C0_step2000 30 1 3 0.03471438697306439
seed123_C0_step2000 30 1 4 0.028617739968467504
seed123_C0_step2000 30 1 5 0.02792277099797502
seed123_C0_step2000 30 1 6 0.02866727497894317
seed123_C0_step2000 30 1 7 0.028495625010691583
seed123_C0_step2000 30 1 8 0.028274888987652957
seed123_C0_step2000 30 1 9 0.027910236967727542
seed123_C0_step2000 30 2 0 0.027806305966805667
seed123_C0_step2000 30 2 1 0.02721256302902475
seed123_C0_step2000 30 2 2 0.0284483740106225
seed123_C0_step2000 30 2 3 0.02826089202426374
seed123_C0_step2000 30 2 4 0.030205840012058616
seed123_C0_step2000 30 2 5 0.028109891049098223
seed123_C0_step2000 30 2 6 0.02783090400043875
seed123_C0_step2000 30 2 7 0.02845357300247997
seed123_C0_step2000 30 2 8 0.027631831006146967
seed123_C0_step2000 30 2 9 0.027741481026168913
seed123_C0_step2000 30 3 0 0.02732440800173208
seed123_C0_step2000 30 3 1 0.02844080899376422
seed123_C0_step2000 30 3 2 0.02832079801009968
seed123_C0_step2000 30 3 3 0.029429414018522948
seed123_C0_step2000 30 3 4 0.028208722011186182
seed123_C0_step2000 30 3 5 0.02803430601488799
seed123_C0_step2000 30 3 6 0.02704985998570919
seed123_C0_step2000 30 3 7 0.026960147020872682
seed123_C0_step2000 30 3 8 0.026924306992441416
seed123_C0_step2000 30 3 9 0.026701316994149238
seed123_C0_step2000 30 4 0 0.02712863002670929
seed123_C0_step2000 30 4 1 0.026587958971504122
seed123_C0_step2000 30 4 2 0.026618317991960794
seed123_C0_step2000 30 4 3 0.026731685968115926
seed123_C0_step2000 30 4 4 0.03135877102613449
seed123_C0_step2000 30 4 5 0.027458566997665912
seed123_C0_step2000 30 4 6 0.02705529995728284
seed123_C0_step2000 30 4 7 0.02690015098778531
seed123_C0_step2000 30 4 8 0.027126307017169893
seed123_C0_step2000 30 4 9 0.027319437998812646
seed123_C0_step2000 30 5 0 0.026897155039478093
seed123_C0_step2000 30 5 1 0.0270258630043827
seed123_C0_step2000 30 5 2 0.02726749802241102
seed123_C0_step2000 30 5 3 0.027466472005471587
seed123_C0_step2000 30 5 4 0.0276257999939844
seed123_C0_step2000 30 5 5 0.027805915975477546
seed123_C0_step2000 30 5 6 0.027655026002321392
seed123_C0_step2000 30 5 7 0.027328226016834378
seed123_C0_step2000 30 5 8 0.027313867991324514
seed123_C0_step2000 30 5 9 0.027569861034862697
seed123_C0_step2000 30 6 0 0.02745841594878584
seed123_C0_step2000 30 6 1 0.029985886008944362
seed123_C0_step2000 30 6 2 0.026960767980199307
seed123_C0_step2000 30 6 3 0.02716609404888004
seed123_C0_step2000 30 6 4 0.027033418009523302
seed123_C0_step2000 30 6 5 0.026732526952400804
seed123_C0_step2000 30 6 6 0.027105765999294817
seed123_C0_step2000 30 6 7 0.02729050297057256
seed123_C0_step2000 30 6 8 0.027310341014526784
seed123_C0_step2000 30 6 9 0.027202983968891203
seed123_C0_step2000 30 7 0 0.027567936980631202
seed123_C0_step2000 30 7 1 0.027224635996390134
seed123_C0_step2000 30 7 2 0.02666193200275302
seed123_C0_step2000 30 7 3 0.027118060970678926
seed123_C0_step2000 30 7 4 0.027126515982672572
seed123_C0_step2000 30 7 5 0.027362520981114358
seed123_C0_step2000 30 7 6 0.027464127982966602
seed123_C0_step2000 30 7 7 0.026554515003226697
seed123_C0_step2000 30 7 8 0.027778994000982493
seed123_C0_step2000 30 7 9 0.026521251013036817
seed123_C0_step2000 30 8 0 0.026549245056230575
seed123_C0_step2000 30 8 1 0.027049018011894077
seed123_C0_step2000 30 8 2 0.0267984340316616
seed123_C0_step2000 30 8 3 0.02645872998982668
seed123_C0_step2000 30 8 4 0.026622195029631257
seed123_C0_step2000 30 8 5 0.026757506013382226
seed123_C0_step2000 30 8 6 0.026359909039456397
seed123_C0_step2000 30 8 7 0.026656330039259046
seed123_C0_step2000 30 8 8 0.02711919305147603
seed123_C0_step2000 30 8 9 0.027085927955340594
seed123_C0_step2000 30 9 0 0.02672665595309809
seed123_C0_step2000 30 9 1 0.02726411196636036
seed123_C0_step2000 30 9 2 0.026923205005005002
seed123_C0_step2000 30 9 3 0.026551038026809692
seed123_C0_step2000 30 9 4 0.026644749043043703
seed123_C0_step2000 30 9 5 0.030659042997285724
seed123_C0_step2000 30 9 6 0.026710274978540838
seed123_C0_step2000 30 9 7 0.02650968899251893
seed123_C0_step2000 30 9 8 0.02669978403719142
seed123_C0_step2000 30 9 9 0.026939837029203773
seed123_C0_step2000 33 0 0 0.00650875095743686
seed123_C0_step2000 33 0 1 0.0062209260067902505
seed123_C0_step2000 33 0 2 0.006099141959566623
seed123_C0_step2000 33 0 3 0.006057652004528791
seed123_C0_step2000 33 0 4 0.006065375986509025
seed123_C0_step2000 33 0 5 0.006014037993736565
seed123_C0_step2000 33 0 6 0.006042663007974625
seed123_C0_step2000 33 0 7 0.006077128986362368
seed123_C0_step2000 33 0 8 0.0060513599892146885
seed123_C0_step2000 33 0 9 0.0060236669960431755
seed123_C0_step2000 33 1 0 0.006031692028045654
seed123_C0_step2000 33 1 1 0.0060356189496815205
seed123_C0_step2000 33 1 2 0.006043553992640227
seed123_C0_step2000 33 1 3 0.006046640977729112
seed123_C0_step2000 33 1 4 0.006049324991181493
seed123_C0_step2000 33 1 5 0.006075887009501457
seed123_C0_step2000 33 1 6 0.006078651989810169
seed123_C0_step2000 33 1 7 0.006165419006720185
seed123_C0_step2000 33 1 8 0.006002466019708663
seed123_C0_step2000 33 1 9 0.006058392988052219
seed123_C0_step2000 33 2 0 0.0060304400394670665
seed123_C0_step2000 33 2 1 0.006019548047333956
seed123_C0_step2000 33 2 2 0.0060682419571094215
seed123_C0_step2000 33 2 3 0.006029145966749638
seed123_C0_step2000 33 2 4 0.00604871497489512
seed123_C0_step2000 33 2 5 0.006054324971046299
seed123_C0_step2000 33 2 6 0.006048204028047621
seed123_C0_step2000 33 2 7 0.006057791993953288
seed123_C0_step2000 33 2 8 0.006054616009350866
seed123_C0_step2000 33 2 9 0.006013516976963729
seed123_C0_step2000 33 3 0 0.0060624610050581396
seed123_C0_step2000 33 3 1 0.006167071987874806
seed123_C0_step2000 33 3 2 0.0061203319928608835
seed123_C0_step2000 33 3 3 0.006087088957428932
seed123_C0_step2000 33 3 4 0.006027764000464231
seed123_C0_step2000 33 3 5 0.006061199004761875
seed123_C0_step2000 33 3 6 0.00605394400190562
seed123_C0_step2000 33 3 7 0.006062992964871228
seed123_C0_step2000 33 3 8 0.0060434339684434235
seed123_C0_step2000 33 3 9 0.006012084020767361
seed123_C0_step2000 33 4 0 0.00602350605186075
seed123_C0_step2000 33 4 1 0.006065056018996984
seed123_C0_step2000 33 4 2 0.006050767959095538
seed123_C0_step2000 33 4 3 0.006057341990526766
seed123_C0_step2000 33 4 4 0.0060580120189115405
seed123_C0_step2000 33 4 5 0.006042061955668032
seed123_C0_step2000 33 4 6 0.006064853980205953
seed123_C0_step2000 33 4 7 0.006061729975044727
seed123_C0_step2000 33 4 8 0.006050578027497977
seed123_C0_step2000 33 4 9 0.006062921951524913
seed123_C0_step2000 33 5 0 0.006697284989058971
seed123_C0_step2000 33 5 1 0.008328808005899191
seed123_C0_step2000 33 5 2 0.006502429023385048
seed123_C0_step2000 33 5 3 0.006135531992185861
seed123_C0_step2000 33 5 4 0.006031171011272818
seed123_C0_step2000 33 5 5 0.006060618034098297
seed123_C0_step2000 33 5 6 0.00601707398891449
seed123_C0_step2000 33 5 7 0.006020941014867276
seed123_C0_step2000 33 5 8 0.006031281023751944
seed123_C0_step2000 33 5 9 0.006040548963937908
seed123_C0_step2000 33 6 0 0.006217739020939916
seed123_C0_step2000 33 6 1 0.006094974000006914
seed123_C0_step2000 33 6 2 0.0060778509941883385
seed123_C0_step2000 33 6 3 0.006066709000151604
seed123_C0_step2000 33 6 4 0.006090154987759888
seed123_C0_step2000 33 6 5 0.006090114999096841
seed123_C0_step2000 33 6 6 0.006028195028193295
seed123_C0_step2000 33 6 7 0.0060628619976341724
seed123_C0_step2000 33 6 8 0.0060078660026192665
seed123_C0_step2000 33 6 9 0.006066297995857894
seed123_C0_step2000 33 7 0 0.006353461998514831
seed123_C0_step2000 33 7 1 0.006236948014702648
seed123_C0_step2000 33 7 2 0.00625217700144276
seed123_C0_step2000 33 7 3 0.006230725033674389
seed123_C0_step2000 33 7 4 0.006278657994698733
seed123_C0_step2000 33 7 5 0.006193573004566133
seed123_C0_step2000 33 7 6 0.006198593007866293
seed123_C0_step2000 33 7 7 0.006206529040355235
seed123_C0_step2000 33 7 8 0.006187491992022842
seed123_C0_step2000 33 7 9 0.006220025010406971
seed123_C0_step2000 33 8 0 0.006047291972208768
seed123_C0_step2000 33 8 1 0.006028665986377746
seed123_C0_step2000 33 8 2 0.006054416007827967
seed123_C0_step2000 33 8 3 0.006056879996322095
seed123_C0_step2000 33 8 4 0.006049136049114168
seed123_C0_step2000 33 8 5 0.0061565820360556245
seed123_C0_step2000 33 8 6 0.006057772028725594
seed123_C0_step2000 33 8 7 0.006069945986382663
seed123_C0_step2000 33 8 8 0.006109151057898998
seed123_C0_step2000 33 8 9 0.00608380202902481
seed123_C0_step2000 33 9 0 0.006155590002890676
seed123_C0_step2000 33 9 1 0.00608406204264611
seed123_C0_step2000 33 9 2 0.006004408991429955
seed123_C0_step2000 33 9 3 0.006057130987755954
seed123_C0_step2000 33 9 4 0.006024136964697391
seed123_C0_step2000 33 9 5 0.006091898016165942
seed123_C0_step2000 33 9 6 0.006119260040577501
seed123_C0_step2000 33 9 7 0.006042882974725217
seed123_C0_step2000 33 9 8 0.006046310008969158
seed123_C0_step2000 33 9 9 0.006020299973897636
seed123_C0_step2000 36 0 0 0.006647938978858292
seed123_C0_step2000 36 0 1 0.006542877003084868
seed123_C0_step2000 36 0 2 0.006560211011674255
seed123_C0_step2000 36 0 3 0.006583033944480121
seed123_C0_step2000 36 0 4 0.006552504957653582
seed123_C0_step2000 36 0 5 0.0065748380147852
seed123_C0_step2000 36 0 6 0.00660701998276636
seed123_C0_step2000 36 0 7 0.006580710003618151
seed123_C0_step2000 36 0 8 0.006615627033170313
seed123_C0_step2000 36 0 9 0.006607710965909064
seed123_C0_step2000 36 1 0 0.00659257301595062
seed123_C0_step2000 36 1 1 0.0067033759551122785
seed123_C0_step2000 36 1 2 0.007161399000324309
seed123_C0_step2000 36 1 3 0.006618321989662945
seed123_C0_step2000 36 1 4 0.00689427403267473
seed123_C0_step2000 36 1 5 0.007006109983194619
seed123_C0_step2000 36 1 6 0.00666425097733736
seed123_C0_step2000 36 1 7 0.0066785679664462805
seed123_C0_step2000 36 1 8 0.0066828359849750996
seed123_C0_step2000 36 1 9 0.006941705010831356
seed123_C0_step2000 36 2 0 0.006886377988848835
seed123_C0_step2000 36 2 1 0.0068421229952946305
seed123_C0_step2000 36 2 2 0.006882400950416923
seed123_C0_step2000 36 2 3 0.007116892957128584
seed123_C0_step2000 36 2 4 0.007374960056040436
seed123_C0_step2000 36 2 5 0.21235533198341727
seed123_C0_step2000 36 2 6 0.006942756997887045
seed123_C0_step2000 36 2 7 0.006829298043157905
seed123_C0_step2000 36 2 8 0.006780984986107796
seed123_C0_step2000 36 2 9 0.006839779030997306
seed123_C0_step2000 36 3 0 0.006648960988968611
seed123_C0_step2000 36 3 1 0.006726108957082033
seed123_C0_step2000 36 3 2 0.006613322999328375
seed123_C0_step2000 36 3 3 0.006635074969381094
seed123_C0_step2000 36 3 4 0.0067230339627712965
seed123_C0_step2000 36 3 5 0.00655087101040408
seed123_C0_step2000 36 3 6 0.006603523972444236
seed123_C0_step2000 36 3 7 0.006582853035070002
seed123_C0_step2000 36 3 8 0.006684338964987546
seed123_C0_step2000 36 3 9 0.006599646003451198
seed123_C0_step2000 36 4 0 0.00662714900681749
seed123_C0_step2000 36 4 1 0.006607151008211076
seed123_C0_step2000 36 4 2 0.006638310966081917
seed123_C0_step2000 36 4 3 0.006537476030644029
seed123_C0_step2000 36 4 4 0.006573855993337929
seed123_C0_step2000 36 4 5 0.006568366021383554
seed123_C0_step2000 36 4 6 0.006557393993716687
seed123_C0_step2000 36 4 7 0.006600546999834478
seed123_C0_step2000 36 4 8 0.0066125509911216795
seed123_C0_step2000 36 4 9 0.006545111013110727
seed123_C0_step2000 36 5 0 0.006706220970954746
seed123_C0_step2000 36 5 1 0.006707763997837901
seed123_C0_step2000 36 5 2 0.006724286009557545
seed123_C0_step2000 36 5 3 0.006701462029013783
seed123_C0_step2000 36 5 4 0.006786154990550131
seed123_C0_step2000 36 5 5 0.00675420300103724
seed123_C0_step2000 36 5 6 0.0067568590166047215
seed123_C0_step2000 36 5 7 0.006829018006101251
seed123_C0_step2000 36 5 8 0.006699018005747348
seed123_C0_step2000 36 5 9 0.006837623950559646
seed123_C0_step2000 36 6 0 0.009714256972074509
seed123_C0_step2000 36 6 1 0.008915017009712756
seed123_C0_step2000 36 6 2 0.006702635029796511
seed123_C0_step2000 36 6 3 0.006586489966139197
seed123_C0_step2000 36 6 4 0.006740356970112771
seed123_C0_step2000 36 6 5 0.006498590984847397
seed123_C0_step2000 36 6 6 0.006518931011669338
seed123_C0_step2000 36 6 7 0.006497789989225566
seed123_C0_step2000 36 6 8 0.006576140993274748
seed123_C0_step2000 36 6 9 0.006537465960718691
seed123_C0_step2000 36 7 0 0.006558366003446281
seed123_C0_step2000 36 7 1 0.0065728239715099335
seed123_C0_step2000 36 7 2 0.006538447050843388
seed123_C0_step2000 36 7 3 0.006780894997064024
seed123_C0_step2000 36 7 4 0.009821234038099647
seed123_C0_step2000 36 7 5 0.009479214029852301
seed123_C0_step2000 36 7 6 0.009007585991639644
seed123_C0_step2000 36 7 7 0.006586300034541637
seed123_C0_step2000 36 7 8 0.0065481269848532975
seed123_C0_step2000 36 7 9 0.0065942060318775475
seed123_C0_step2000 36 8 0 0.008851293998304754
seed123_C0_step2000 36 8 1 0.009637298004236072
seed123_C0_step2000 36 8 2 0.006827834993600845
seed123_C0_step2000 36 8 3 0.0068510000128299
seed123_C0_step2000 36 8 4 0.006698435987345874
seed123_C0_step2000 36 8 5 0.006668618996627629
seed123_C0_step2000 36 8 6 0.006662837986368686
seed123_C0_step2000 36 8 7 0.006725678045768291
seed123_C0_step2000 36 8 8 0.0067312599858269095
seed123_C0_step2000 36 8 9 0.006710939982440323
seed123_C0_step2000 36 9 0 0.006825371005106717
seed123_C0_step2000 36 9 1 0.006815420987550169
seed123_C0_step2000 36 9 2 0.006756137998308986
seed123_C0_step2000 36 9 3 0.006667356996331364
seed123_C0_step2000 36 9 4 0.006801635026931763
seed123_C0_step2000 36 9 5 0.006896848033647984
seed123_C0_step2000 36 9 6 0.006804510019719601
seed123_C0_step2000 36 9 7 0.00666963099502027
seed123_C0_step2000 36 9 8 0.006672656978480518
seed123_C0_step2000 36 9 9 0.0066843690001405776
seed123_C0_step2000 40 0 0 0.004333139047957957
seed123_C0_step2000 40 0 1 0.004091182956472039
seed123_C0_step2000 40 0 2 0.004349721013568342
seed123_C0_step2000 40 0 3 0.004160156007856131
seed123_C0_step2000 40 0 4 0.004422591999173164
seed123_C0_step2000 40 0 5 0.004292240948416293
seed123_C0_step2000 40 0 6 0.004159914969932288
seed123_C0_step2000 40 0 7 0.004442128003574908
seed123_C0_step2000 40 0 8 0.004158603027462959
seed123_C0_step2000 40 0 9 0.0041162820416502655
seed123_C0_step2000 40 1 0 0.004126711981371045
seed123_C0_step2000 40 1 1 0.004100399964954704
seed123_C0_step2000 40 1 2 0.004172209009993821
seed123_C0_step2000 40 1 3 0.004073399002663791
seed123_C0_step2000 40 1 4 0.004142041027080268
seed123_C0_step2000 40 1 5 0.004343850014265627
seed123_C0_step2000 40 1 6 0.004348949005361646
seed123_C0_step2000 40 1 7 0.004506231984123588
seed123_C0_step2000 40 1 8 0.004169173014815897
seed123_C0_step2000 40 1 9 0.004005307040642947
seed123_C0_step2000 40 2 0 0.003955711028538644
seed123_C0_step2000 40 2 1 0.003944580035749823
seed123_C0_step2000 40 2 2 0.004012149991467595
seed123_C0_step2000 40 2 3 0.004086374014150351
seed123_C0_step2000 40 2 4 0.004019714950118214
seed123_C0_step2000 40 2 5 0.00397800502832979
seed123_C0_step2000 40 2 6 0.004035045043565333
seed123_C0_step2000 40 2 7 0.004398504970595241
seed123_C0_step2000 40 2 8 0.004066965950187296
seed123_C0_step2000 40 2 9 0.004028050985652953
seed123_C0_step2000 40 3 0 0.00406682601897046
seed123_C0_step2000 40 3 1 0.003985568997450173
seed123_C0_step2000 40 3 2 0.0039729749551042914
seed123_C0_step2000 40 3 3 0.003919020993635058
seed123_C0_step2000 40 3 4 0.004030586045701057
seed123_C0_step2000 40 3 5 0.003944479976780713
seed123_C0_step2000 40 3 6 0.004184352001175284
seed123_C0_step2000 40 3 7 0.0039469339535571635
seed123_C0_step2000 40 3 8 0.0039773230091668665
seed123_C0_step2000 40 3 9 0.0040011589881032705
seed123_C0_step2000 40 4 0 0.0041375019936822355
seed123_C0_step2000 40 4 1 0.0040258970111608505
seed123_C0_step2000 40 4 2 0.005930426006671041
seed123_C0_step2000 40 4 3 0.0059150870074518025
seed123_C0_step2000 40 4 4 0.004574134014546871
seed123_C0_step2000 40 4 5 0.0039482470019720495
seed123_C0_step2000 40 4 6 0.003999856999143958
seed123_C0_step2000 40 4 7 0.003918008995242417
seed123_C0_step2000 40 4 8 0.003966561984270811
seed123_C0_step2000 40 4 9 0.003923198964912444
seed123_C0_step2000 40 5 0 0.003978235006798059
seed123_C0_step2000 40 5 1 0.003968597040511668
seed123_C0_step2000 40 5 2 0.0039643580093979836
seed123_C0_step2000 40 5 3 0.003940331982448697
seed123_C0_step2000 40 5 4 0.004301136999856681
seed123_C0_step2000 40 5 5 0.0038585650036111474
seed123_C0_step2000 40 5 6 0.003926414996385574
seed123_C0_step2000 40 5 7 0.0038742749602533877
seed123_C0_step2000 40 5 8 0.003910725004971027
seed123_C0_step2000 40 5 9 0.004010867967735976
seed123_C0_step2000 40 6 0 0.0040146849933080375
seed123_C0_step2000 40 6 1 0.0038864680100232363
seed123_C0_step2000 40 6 2 0.0040042250184342265
seed123_C0_step2000 40 6 3 0.0038776409928686917
seed123_C0_step2000 40 6 4 0.003930463979486376
seed123_C0_step2000 40 6 5 0.0038804459618404508
seed123_C0_step2000 40 6 6 0.00392016296973452
seed123_C0_step2000 40 6 7 0.003860639000777155
seed123_C0_step2000 40 6 8 0.004052448028232902
seed123_C0_step2000 40 6 9 0.003937055997084826
seed123_C0_step2000 40 7 0 0.0040395340183749795
seed123_C0_step2000 40 7 1 0.004056064994074404
seed123_C0_step2000 40 7 2 0.004079120000824332
seed123_C0_step2000 40 7 3 0.004022150009404868
seed123_C0_step2000 40 7 4 0.0039973820094019175
seed123_C0_step2000 40 7 5 0.00401794194476679
seed123_C0_step2000 40 7 6 0.0040035440470092
seed123_C0_step2000 40 7 7 0.004479139985051006
seed123_C0_step2000 40 7 8 0.004074600001331419
seed123_C0_step2000 40 7 9 0.004073968972079456
seed123_C0_step2000 40 8 0 0.003991290053818375
seed123_C0_step2000 40 8 1 0.003918450034689158
seed123_C0_step2000 40 8 2 0.0039756810292601585
seed123_C0_step2000 40 8 3 0.004263735958375037
seed123_C0_step2000 40 8 4 0.0039980930159799755
seed123_C0_step2000 40 8 5 0.004276248975656927
seed123_C0_step2000 40 8 6 0.00541521399281919
seed123_C0_step2000 40 8 7 0.005116237967740744
seed123_C0_step2000 40 8 8 0.003965991025324911
seed123_C0_step2000 40 8 9 0.003925772965885699
seed123_C0_step2000 40 9 0 0.003977152984589338
seed123_C0_step2000 40 9 1 0.003927477984689176
seed123_C0_step2000 40 9 2 0.003963167022448033
seed123_C0_step2000 40 9 3 0.0039265750092454255
seed123_C0_step2000 40 9 4 0.00392979197204113
seed123_C0_step2000 40 9 5 0.0038807870005257428
seed123_C0_step2000 40 9 6 0.003938878944609314
seed123_C0_step2000 40 9 7 0.004017380997538567
seed123_C0_step2000 40 9 8 0.003978685999754816
seed123_C0_step2000 40 9 9 0.003946012991946191
seed123_C0_step2000 47 0 0 0.06553004198940471
seed123_C0_step2000 47 0 1 0.060606563987676054
seed123_C0_step2000 47 0 2 0.060575444949790835
seed123_C0_step2000 47 0 3 0.06197934999363497
seed123_C0_step2000 47 0 4 0.06094965600641444
seed123_C0_step2000 47 0 5 0.060264314990490675
seed123_C0_step2000 47 0 6 0.06500678195152432
seed123_C0_step2000 47 0 7 0.06282500899396837
seed123_C0_step2000 47 0 8 0.06288199796108529
seed123_C0_step2000 47 0 9 0.0630507740424946
seed123_C0_step2000 47 1 0 0.06185019004624337
seed123_C0_step2000 47 1 1 0.06156382896006107
seed123_C0_step2000 47 1 2 0.06353270198451355
seed123_C0_step2000 47 1 3 0.06529219297226518
seed123_C0_step2000 47 1 4 0.061613135039806366
seed123_C0_step2000 47 1 5 0.06086998200044036
seed123_C0_step2000 47 1 6 0.06645535497227684
seed123_C0_step2000 47 1 7 0.06339474703418091
seed123_C0_step2000 47 1 8 0.06195833900710568
seed123_C0_step2000 47 1 9 0.07069056399632245
seed123_C0_step2000 47 2 0 0.06072090397356078
seed123_C0_step2000 47 2 1 0.06393808400025591
seed123_C0_step2000 47 2 2 0.060057807015255094
seed123_C0_step2000 47 2 3 0.06080260203452781
seed123_C0_step2000 47 2 4 0.06021708296611905
seed123_C0_step2000 47 2 5 0.06010785297257826
seed123_C0_step2000 47 2 6 0.060431527032051235
seed123_C0_step2000 47 2 7 0.06080460699740797
seed123_C0_step2000 47 2 8 0.06503001798409969
seed123_C0_step2000 47 2 9 0.061252779967617244
seed123_C0_step2000 47 3 0 0.059895112994126976
seed123_C0_step2000 47 3 1 0.06037227297201753
seed123_C0_step2000 47 3 2 0.059729174012318254
seed123_C0_step2000 47 3 3 0.059752730012405664
seed123_C0_step2000 47 3 4 0.059579576016403735
seed123_C0_step2000 47 3 5 0.059601717977784574
seed123_C0_step2000 47 3 6 0.06042035500286147
seed123_C0_step2000 47 3 7 0.05877224000869319
seed123_C0_step2000 47 3 8 0.06026530696544796
seed123_C0_step2000 47 3 9 0.06081787100993097
seed123_C0_step2000 47 4 0 0.06066756200743839
seed123_C0_step2000 47 4 1 0.0606046209577471
seed123_C0_step2000 47 4 2 0.062100693001411855
seed123_C0_step2000 47 4 3 0.06021537003107369
seed123_C0_step2000 47 4 4 0.061810474027879536
seed123_C0_step2000 47 4 5 0.059662424959242344
seed123_C0_step2000 47 4 6 0.059324092988390476
seed123_C0_step2000 47 4 7 0.05908537295181304
seed123_C0_step2000 47 4 8 0.05931146797956899
seed123_C0_step2000 47 4 9 0.059359290986321867
seed123_C0_step2000 47 5 0 0.06061347702052444
seed123_C0_step2000 47 5 1 0.06058718595886603
seed123_C0_step2000 47 5 2 0.06067007500678301
seed123_C0_step2000 47 5 3 0.059031679993495345
seed123_C0_step2000 47 5 4 0.06206288997782394
seed123_C0_step2000 47 5 5 0.05939582199789584
seed123_C0_step2000 47 5 6 0.05947890999959782
seed123_C0_step2000 47 5 7 0.05885958799626678
seed123_C0_step2000 47 5 8 0.05889777099946514
seed123_C0_step2000 47 5 9 0.06077917595393956
seed123_C0_step2000 47 6 0 0.0595606190036051
seed123_C0_step2000 47 6 1 0.059080493985675275
seed123_C0_step2000 47 6 2 0.06003361998591572
seed123_C0_step2000 47 6 3 0.0633025789866224
seed123_C0_step2000 47 6 4 0.06039309303741902
seed123_C0_step2000 47 6 5 0.0644014859572053
seed123_C0_step2000 47 6 6 0.060489538009278476
seed123_C0_step2000 47 6 7 0.0610365720349364
seed123_C0_step2000 47 6 8 0.061660294013563544
seed123_C0_step2000 47 6 9 0.059180815995205194
seed123_C0_step2000 47 7 0 0.058725007984321564
seed123_C0_step2000 47 7 1 0.05872664198977873
seed123_C0_step2000 47 7 2 0.05874100897926837
seed123_C0_step2000 47 7 3 0.05889292201027274
seed123_C0_step2000 47 7 4 0.05911160301184282
seed123_C0_step2000 47 7 5 0.059250070014968514
seed123_C0_step2000 47 7 6 0.06359637400601059
seed123_C0_step2000 47 7 7 0.059059042017906904
seed123_C0_step2000 47 7 8 0.05970722099300474
seed123_C0_step2000 47 7 9 0.05945624702144414
seed123_C0_step2000 47 8 0 0.05942536803195253
seed123_C0_step2000 47 8 1 0.06060362799325958
seed123_C0_step2000 47 8 2 0.060149392986204475
seed123_C0_step2000 47 8 3 0.06035377603257075
seed123_C0_step2000 47 8 4 0.060870703018736094
seed123_C0_step2000 47 8 5 0.061048526025842875
seed123_C0_step2000 47 8 6 0.0608410449931398
seed123_C0_step2000 47 8 7 0.061919222003780305
seed123_C0_step2000 47 8 8 0.06260772899258882
seed123_C0_step2000 47 8 9 0.060450782999396324
seed123_C0_step2000 47 9 0 0.05917020502965897
seed123_C0_step2000 47 9 1 0.06004334898898378
seed123_C0_step2000 47 9 2 0.06333841697778553
seed123_C0_step2000 47 9 3 0.05967503902502358
seed123_C0_step2000 47 9 4 0.06135946401627734
seed123_C0_step2000 47 9 5 0.06362870597513393
seed123_C0_step2000 47 9 6 0.06258525600424036
seed123_C0_step2000 47 9 7 0.059864913986530155
seed123_C0_step2000 47 9 8 0.059719995013438165
seed123_C0_step2000 47 9 9 0.060135254985652864
seed123_C0_step2000 51 0 0 0.023437196970917284
seed123_C0_step2000 51 0 1 0.022506293025799096
seed123_C0_step2000 51 0 2 0.022813314979430288
seed123_C0_step2000 51 0 3 0.022663677053060383
seed123_C0_step2000 51 0 4 0.02262701600557193
seed123_C0_step2000 51 0 5 0.023160504002589732
seed123_C0_step2000 51 0 6 0.0224888400407508
seed123_C0_step2000 51 0 7 0.022314864967484027
seed123_C0_step2000 51 0 8 0.022342617972753942
seed123_C0_step2000 51 0 9 0.02346206601941958
seed123_C0_step2000 51 1 0 0.02557469595922157
seed123_C0_step2000 51 1 1 0.022645212011411786
seed123_C0_step2000 51 1 2 0.022608080005738884
seed123_C0_step2000 51 1 3 0.022625472978688776
seed123_C0_step2000 51 1 4 0.02244021702790633
seed123_C0_step2000 51 1 5 0.022546580992639065
seed123_C0_step2000 51 1 6 0.022553955030161887
seed123_C0_step2000 51 1 7 0.022585316037293524
seed123_C0_step2000 51 1 8 0.023399033001624048
seed123_C0_step2000 51 1 9 0.023488307022489607
seed123_C0_step2000 51 2 0 0.022555297997314483
seed123_C0_step2000 51 2 1 0.02248888002941385
seed123_C0_step2000 51 2 2 0.022590706998016685
seed123_C0_step2000 51 2 3 0.02253116201609373
seed123_C0_step2000 51 2 4 0.022490392962936312
seed123_C0_step2000 51 2 5 0.022245772008318454
seed123_C0_step2000 51 2 6 0.022240641992539167
seed123_C0_step2000 51 2 7 0.022259788995143026
seed123_C0_step2000 51 2 8 0.023074569005984813
seed123_C0_step2000 51 2 9 0.02387655299389735
seed123_C0_step2000 51 3 0 0.022167682007420808
seed123_C0_step2000 51 3 1 0.02368025603936985
seed123_C0_step2000 51 3 2 0.022548785025719553
seed123_C0_step2000 51 3 3 0.02229513699421659
seed123_C0_step2000 51 3 4 0.02217871299944818
seed123_C0_step2000 51 3 5 0.022379688976798207
seed123_C0_step2000 51 3 6 0.022212667972780764
seed123_C0_step2000 51 3 7 0.022304456040728837
seed123_C0_step2000 51 3 8 0.02220079500693828
seed123_C0_step2000 51 3 9 0.02239988901419565
seed123_C0_step2000 51 4 0 0.022476285987067968
seed123_C0_step2000 51 4 1 0.022567130043171346
seed123_C0_step2000 51 4 2 0.02262151602189988
seed123_C0_step2000 51 4 3 0.022582679986953735
seed123_C0_step2000 51 4 4 0.022450646967627108
seed123_C0_step2000 51 4 5 0.02244104800047353
seed123_C0_step2000 51 4 6 0.02232054597698152
seed123_C0_step2000 51 4 7 0.022280058008618653
seed123_C0_step2000 51 4 8 0.022244579973630607
seed123_C0_step2000 51 4 9 0.022272942995186895
seed123_C0_step2000 51 5 0 0.022427563031669706
seed123_C0_step2000 51 5 1 0.026903846010100096
seed123_C0_step2000 51 5 2 0.028842280968092382
seed123_C0_step2000 51 5 3 0.027355728030670434
seed123_C0_step2000 51 5 4 0.027246327023021877
seed123_C0_step2000 51 5 5 0.027689130045473576
seed123_C0_step2000 51 5 6 0.02618846803670749
seed123_C0_step2000 51 5 7 0.02512612205464393
seed123_C0_step2000 51 5 8 0.024275964009575546
seed123_C0_step2000 51 5 9 0.022707580996211618
seed123_C0_step2000 51 6 0 0.02240902598714456
seed123_C0_step2000 51 6 1 0.0224323199945502
seed123_C0_step2000 51 6 2 0.022729915042873472
seed123_C0_step2000 51 6 3 0.022564916987903416
seed123_C0_step2000 51 6 4 0.022258636017795652
seed123_C0_step2000 51 6 5 0.022201646002940834
seed123_C0_step2000 51 6 6 0.022229189984500408
seed123_C0_step2000 51 6 7 0.022859463992062956
seed123_C0_step2000 51 6 8 0.024050147971138358
seed123_C0_step2000 51 6 9 0.025502695993054658
seed123_C0_step2000 51 7 0 0.022635522997006774
seed123_C0_step2000 51 7 1 0.022323562006931752
seed123_C0_step2000 51 7 2 0.022253416012972593
seed123_C0_step2000 51 7 3 0.022517243982292712
seed123_C0_step2000 51 7 4 0.02243902499321848
seed123_C0_step2000 51 7 5 0.022521101986058056
seed123_C0_step2000 51 7 6 0.022503668966237456
seed123_C0_step2000 51 7 7 0.022510331007651985
seed123_C0_step2000 51 7 8 0.02246407198254019
seed123_C0_step2000 51 7 9 0.022482016996946186
seed123_C0_step2000 51 8 0 0.022568935004528612
seed123_C0_step2000 51 8 1 0.02217799104982987
seed123_C0_step2000 51 8 2 0.022351526014972478
seed123_C0_step2000 51 8 3 0.022501202998682857
seed123_C0_step2000 51 8 4 0.022593471978325397
seed123_C0_step2000 51 8 5 0.022682162991259247
seed123_C0_step2000 51 8 6 0.022242966981139034
seed123_C0_step2000 51 8 7 0.022302821977064013
seed123_C0_step2000 51 8 8 0.022334172041155398
seed123_C0_step2000 51 8 9 0.02437160798581317
seed123_C0_step2000 51 9 0 0.022687302029225975
seed123_C0_step2000 51 9 1 0.022997830994427204
seed123_C0_step2000 51 9 2 0.022575586976017803
seed123_C0_step2000 51 9 3 0.022419256041757762
seed123_C0_step2000 51 9 4 0.02228356496198103
seed123_C0_step2000 51 9 5 0.022505522007122636
seed123_C0_step2000 51 9 6 0.02278771495912224
seed123_C0_step2000 51 9 7 0.02270486601628363
seed123_C0_step2000 51 9 8 0.02270836295792833
seed123_C0_step2000 51 9 9 0.022716308012604713
seed123_C0_step2000 52 0 0 0.8438097849721089
seed123_C0_step2000 52 0 1 0.8282997390488163
seed123_C0_step2000 52 0 2 0.8451491589657962
seed123_C0_step2000 52 0 3 0.8567199889803305
seed123_C0_step2000 52 0 4 0.8362162529956549
seed123_C0_step2000 52 0 5 0.8241499310242943
seed123_C0_step2000 52 0 6 0.8502416490227915
seed123_C0_step2000 52 0 7 0.8506293430109508
seed123_C0_step2000 52 0 8 0.8684443550300784
seed123_C0_step2000 52 0 9 0.82107372302562
seed123_C0_step2000 52 1 0 0.8424229929805733
seed123_C0_step2000 52 1 1 0.8495808810112067
seed123_C0_step2000 52 1 2 0.8351371999597177
seed123_C0_step2000 52 1 3 0.8468043159809895
seed123_C0_step2000 52 1 4 0.8280074470094405
seed123_C0_step2000 52 1 5 0.8333042000303976
seed123_C0_step2000 52 1 6 0.8560926530044526
seed123_C0_step2000 52 1 7 0.8344777959864587
seed123_C0_step2000 52 1 8 0.806225209031254
seed123_C0_step2000 52 1 9 0.806698729051277
seed123_C0_step2000 52 2 0 0.8423119399813004
seed123_C0_step2000 52 2 1 0.909807568998076
seed123_C0_step2000 52 2 2 0.8638377269962803
seed123_C0_step2000 52 2 3 0.8531595509848557
seed123_C0_step2000 52 2 4 0.8481940919882618
seed123_C0_step2000 52 2 5 0.8236325279576704
seed123_C0_step2000 52 2 6 0.851209515996743
seed123_C0_step2000 52 2 7 0.8740947240148671
seed123_C0_step2000 52 2 8 0.8516832729801536
seed123_C0_step2000 52 2 9 0.8251011350075714
seed123_C0_step2000 52 3 0 0.8598515740013681
seed123_C0_step2000 52 3 1 0.8351527650374919
seed123_C0_step2000 52 3 2 0.8454234619857743
seed123_C0_step2000 52 3 3 0.8613588089938276
seed123_C0_step2000 52 3 4 0.8229801160050556
seed123_C0_step2000 52 3 5 0.8138439310132526
seed123_C0_step2000 52 3 6 0.8915218820329756
seed123_C0_step2000 52 3 7 0.8508975429576822
seed123_C0_step2000 52 3 8 0.8507222930202261
seed123_C0_step2000 52 3 9 0.8572402469580993
seed123_C0_step2000 52 4 0 0.8506016350002028
seed123_C0_step2000 52 4 1 0.8383512799628079
seed123_C0_step2000 52 4 2 0.8465596010209993
seed123_C0_step2000 52 4 3 0.8561454570153728
seed123_C0_step2000 52 4 4 0.8669787959661335
seed123_C0_step2000 52 4 5 0.8385382890119217
seed123_C0_step2000 52 4 6 0.8619285500026308
seed123_C0_step2000 52 4 7 0.835433522996027
seed123_C0_step2000 52 4 8 0.839700479991734
seed123_C0_step2000 52 4 9 0.8419137020246126
seed123_C0_step2000 52 5 0 0.8329906580038369
seed123_C0_step2000 52 5 1 0.8542343230219558
seed123_C0_step2000 52 5 2 0.8547224100329913
seed123_C0_step2000 52 5 3 0.8568077150266618
seed123_C0_step2000 52 5 4 0.8507889260072261
seed123_C0_step2000 52 5 5 0.8246357180178165
seed123_C0_step2000 52 5 6 0.8577301630284637
seed123_C0_step2000 52 5 7 0.884468503005337
seed123_C0_step2000 52 5 8 0.8772251449991018
seed123_C0_step2000 52 5 9 0.8155470679630525
seed123_C0_step2000 52 6 0 0.8375606050249189
seed123_C0_step2000 52 6 1 0.8532635339652188
seed123_C0_step2000 52 6 2 0.8560192409786396
seed123_C0_step2000 52 6 3 0.8363391439779662
seed123_C0_step2000 52 6 4 0.8346909860265441
seed123_C0_step2000 52 6 5 0.8638946849969216
seed123_C0_step2000 52 6 6 0.8327328180312179
seed123_C0_step2000 52 6 7 0.8243860959773883
seed123_C0_step2000 52 6 8 0.8538395559880883
seed123_C0_step2000 52 6 9 0.8436702709877864
seed123_C0_step2000 52 7 0 0.8708895270247012
seed123_C0_step2000 52 7 1 0.8700592729728669
seed123_C0_step2000 52 7 2 0.8637434439733624
seed123_C0_step2000 52 7 3 0.8311653510318138
seed123_C0_step2000 52 7 4 0.8541334850015119
seed123_C0_step2000 52 7 5 0.8388033700175583
seed123_C0_step2000 52 7 6 0.8460758669534698
seed123_C0_step2000 52 7 7 0.8537709490046836
seed123_C0_step2000 52 7 8 0.8314776889747009
seed123_C0_step2000 52 7 9 0.8554023560136557
seed123_C0_step2000 52 8 0 0.839553882018663
seed123_C0_step2000 52 8 1 0.8487589529831894
seed123_C0_step2000 52 8 2 0.8524577160133049
seed123_C0_step2000 52 8 3 0.8552805709769018
seed123_C0_step2000 52 8 4 0.8521777410060167
seed123_C0_step2000 52 8 5 0.8472013820428401
seed123_C0_step2000 52 8 6 0.8403181390021928
seed123_C0_step2000 52 8 7 0.8708088450366631
seed123_C0_step2000 52 8 8 0.8315348830074072
seed123_C0_step2000 52 8 9 0.8303503289935179
seed123_C0_step2000 52 9 0 0.8510803310200572
seed123_C0_step2000 52 9 1 0.8692287490121089
seed123_C0_step2000 52 9 2 0.8550826460123062
seed123_C0_step2000 52 9 3 0.8309092749841511
seed123_C0_step2000 52 9 4 0.851113524986431
seed123_C0_step2000 52 9 5 0.8597949960385449
seed123_C0_step2000 52 9 6 0.8569169889669865
seed123_C0_step2000 52 9 7 0.8669539230177179
seed123_C0_step2000 52 9 8 0.8459830099600367
seed123_C0_step2000 52 9 9 0.8574697669828311
seed123_C0_step2000 56 0 0 0.020010588981676847
seed123_C0_step2000 56 0 1 0.019457613001577556
seed123_C0_step2000 56 0 2 0.02010985999368131
seed123_C0_step2000 56 0 3 0.01756432600086555
seed123_C0_step2000 56 0 4 0.017552963981870562
seed123_C0_step2000 56 0 5 0.017506384989246726
seed123_C0_step2000 56 0 6 0.017659369041211903
seed123_C0_step2000 56 0 7 0.022626617981586605
seed123_C0_step2000 56 0 8 0.017476016015280038
seed123_C0_step2000 56 0 9 0.017386993975378573
seed123_C0_step2000 56 1 0 0.017311348987277597
seed123_C0_step2000 56 1 1 0.01720965199638158
seed123_C0_step2000 56 1 2 0.017279347986914217
seed123_C0_step2000 56 1 3 0.0176724839839153
seed123_C0_step2000 56 1 4 0.017402954981662333
seed123_C0_step2000 56 1 5 0.019469015998765826
seed123_C0_step2000 56 1 6 0.02096761198481545
seed123_C0_step2000 56 1 7 0.017747830017469823
seed123_C0_step2000 56 1 8 0.017514621024020016
seed123_C0_step2000 56 1 9 0.017367066000588238
seed123_C0_step2000 56 2 0 0.017438423994462937
seed123_C0_step2000 56 2 1 0.017552864039316773
seed123_C0_step2000 56 2 2 0.01749746804125607
seed123_C0_step2000 56 2 3 0.017422542034182698
seed123_C0_step2000 56 2 4 0.017142052005510777
seed123_C0_step2000 56 2 5 0.01728977804305032
seed123_C0_step2000 56 2 6 0.017274798010475934
seed123_C0_step2000 56 2 7 0.017191757971886545
seed123_C0_step2000 56 2 8 0.017300758976489305
seed123_C0_step2000 56 2 9 0.017570156953297555
seed123_C0_step2000 56 3 0 0.017559527012053877
seed123_C0_step2000 56 3 1 0.017398116004187614
seed123_C0_step2000 56 3 2 0.01770829304587096
seed123_C0_step2000 56 3 3 0.017357376986183226
seed123_C0_step2000 56 3 4 0.017339995014481246
seed123_C0_step2000 56 3 5 0.017307231028098613
seed123_C0_step2000 56 3 6 0.017396272043697536
seed123_C0_step2000 56 3 7 0.017282093001995236
seed123_C0_step2000 56 3 8 0.018901342002209276
seed123_C0_step2000 56 3 9 0.01809470698935911
seed123_C0_step2000 56 4 0 0.017102325975429267
seed123_C0_step2000 56 4 1 0.01758462400175631
seed123_C0_step2000 56 4 2 0.01966421102406457
seed123_C0_step2000 56 4 3 0.017823103989940137
seed123_C0_step2000 56 4 4 0.016995601006783545
seed123_C0_step2000 56 4 5 0.017305165994912386
seed123_C0_step2000 56 4 6 0.01737441000295803
seed123_C0_step2000 56 4 7 0.017327009001746774
seed123_C0_step2000 56 4 8 0.017573534045368433
seed123_C0_step2000 56 4 9 0.01778509095311165
seed123_C0_step2000 56 5 0 0.017376954958308488
seed123_C0_step2000 56 5 1 0.01732349197845906
seed123_C0_step2000 56 5 2 0.017396582989022136
seed123_C0_step2000 56 5 3 0.01725963898934424
seed123_C0_step2000 56 5 4 0.01724685402587056
seed123_C0_step2000 56 5 5 0.017286690999753773
seed123_C0_step2000 56 5 6 0.01744556799530983
seed123_C0_step2000 56 5 7 0.01739330601412803
seed123_C0_step2000 56 5 8 0.01722491200780496
seed123_C0_step2000 56 5 9 0.017216535983607173
seed123_C0_step2000 56 6 0 0.017440617957618088
seed123_C0_step2000 56 6 1 0.017252204997930676
seed123_C0_step2000 56 6 2 0.01747515401802957
seed123_C0_step2000 56 6 3 0.01781279395800084
seed123_C0_step2000 56 6 4 0.020975506980903447
seed123_C0_step2000 56 6 5 0.019375595962628722
seed123_C0_step2000 56 6 6 0.018895270011853427
seed123_C0_step2000 56 6 7 0.019136073999106884
seed123_C0_step2000 56 6 8 0.019227218988817185
seed123_C0_step2000 56 6 9 0.019606159010436386
seed123_C0_step2000 56 7 0 0.019806044991128147
seed123_C0_step2000 56 7 1 0.01878026797203347
seed123_C0_step2000 56 7 2 0.018823713005986065
seed123_C0_step2000 56 7 3 0.01873049302957952
seed123_C0_step2000 56 7 4 0.018611612962558866
seed123_C0_step2000 56 7 5 0.019643420993816108
seed123_C0_step2000 56 7 6 0.018973149999510497
seed123_C0_step2000 56 7 7 0.01959724200423807
seed123_C0_step2000 56 7 8 0.01901832700241357
seed123_C0_step2000 56 7 9 0.0186974800308235
seed123_C0_step2000 56 8 0 0.018518142984248698
seed123_C0_step2000 56 8 1 0.01852732099359855
seed123_C0_step2000 56 8 2 0.01852642896119505
seed123_C0_step2000 56 8 3 0.018618336995132267
seed123_C0_step2000 56 8 4 0.018160845967940986
seed123_C0_step2000 56 8 5 0.017752829007804394
seed123_C0_step2000 56 8 6 0.017752118001226336
seed123_C0_step2000 56 8 7 0.017397132993210107
seed123_C0_step2000 56 8 8 0.017568023002240807
seed123_C0_step2000 56 8 9 0.019040158949792385
seed123_C0_step2000 56 9 0 0.0187063260236755
seed123_C0_step2000 56 9 1 0.018143562017939985
seed123_C0_step2000 56 9 2 0.018164462002459913
seed123_C0_step2000 56 9 3 0.018632252991665155
seed123_C0_step2000 56 9 4 0.018160886014811695
seed123_C0_step2000 56 9 5 0.018404454982373863
seed123_C0_step2000 56 9 6 0.018357102992013097
seed123_C0_step2000 56 9 7 0.0182089579757303
seed123_C0_step2000 56 9 8 0.018767503963317722
seed123_C0_step2000 56 9 9 0.017882839019875973
seed123_C0_step2000 62 0 0 0.31094923202181235
seed123_C0_step2000 62 0 1 0.2922194710117765
seed123_C0_step2000 62 0 2 0.2915151540073566
seed123_C0_step2000 62 0 3 0.29351895302534103
seed123_C0_step2000 62 0 4 0.2936515799956396
seed123_C0_step2000 62 0 5 0.32055234001018107
seed123_C0_step2000 62 0 6 0.2860491730389185
seed123_C0_step2000 62 0 7 0.29229154804488644
seed123_C0_step2000 62 0 8 0.2921876879991032
seed123_C0_step2000 62 0 9 0.282525364018511
seed123_C0_step2000 62 1 0 0.28278165694791824
seed123_C0_step2000 62 1 1 0.28514489997178316
seed123_C0_step2000 62 1 2 0.2919471840141341
seed123_C0_step2000 62 1 3 0.28576353105017915
seed123_C0_step2000 62 1 4 0.28022676502587274
seed123_C0_step2000 62 1 5 0.281925356015563
seed123_C0_step2000 62 1 6 0.27874004002660513
seed123_C0_step2000 62 1 7 0.2866898840293288
seed123_C0_step2000 62 1 8 0.2849784569698386
seed123_C0_step2000 62 1 9 0.2983721389900893
seed123_C0_step2000 62 2 0 0.28858494298765436
seed123_C0_step2000 62 2 1 0.2935885119950399
seed123_C0_step2000 62 2 2 0.28501931502250955
seed123_C0_step2000 62 2 3 0.28895870299311355
seed123_C0_step2000 62 2 4 0.28116654203040525
seed123_C0_step2000 62 2 5 0.2862183530232869
seed123_C0_step2000 62 2 6 0.2870730399736203
seed123_C0_step2000 62 2 7 0.289817747019697
seed123_C0_step2000 62 2 8 0.28063075797399506
seed123_C0_step2000 62 2 9 0.28257649700390175
seed123_C0_step2000 62 3 0 0.28775841899914667
seed123_C0_step2000 62 3 1 0.290749300038442
seed123_C0_step2000 62 3 2 0.28296089702052996
seed123_C0_step2000 62 3 3 0.2798830769606866
seed123_C0_step2000 62 3 4 0.28973391302861273
seed123_C0_step2000 62 3 5 0.2797253730241209
seed123_C0_step2000 62 3 6 0.2831254019984044
seed123_C0_step2000 62 3 7 0.28432363003958017
seed123_C0_step2000 62 3 8 0.29227012797491625
seed123_C0_step2000 62 3 9 0.2846515710116364
seed123_C0_step2000 62 4 0 0.28729154699249193
seed123_C0_step2000 62 4 1 0.2802199739962816
seed123_C0_step2000 62 4 2 0.28092487197136506
seed123_C0_step2000 62 4 3 0.28518335497938097
seed123_C0_step2000 62 4 4 0.29202743899077177
seed123_C0_step2000 62 4 5 0.2914172529708594
seed123_C0_step2000 62 4 6 0.27747520501725376
seed123_C0_step2000 62 4 7 0.28527257597306743
seed123_C0_step2000 62 4 8 0.29625005199341103
seed123_C0_step2000 62 4 9 0.2922566089546308
seed123_C0_step2000 62 5 0 0.3037392689730041
seed123_C0_step2000 62 5 1 0.28512908797711134
seed123_C0_step2000 62 5 2 0.28226327698212117
seed123_C0_step2000 62 5 3 0.29898078995756805
seed123_C0_step2000 62 5 4 0.28755167400231585
seed123_C0_step2000 62 5 5 0.28198778501246125
seed123_C0_step2000 62 5 6 0.2904717680066824
seed123_C0_step2000 62 5 7 0.2822827130439691
seed123_C0_step2000 62 5 8 0.2931986610055901
seed123_C0_step2000 62 5 9 0.2883699590456672
seed123_C0_step2000 62 6 0 0.2906166260363534
seed123_C0_step2000 62 6 1 0.28440651402343065
seed123_C0_step2000 62 6 2 0.2814520209794864
seed123_C0_step2000 62 6 3 0.2811631239601411
seed123_C0_step2000 62 6 4 0.2961370690027252
seed123_C0_step2000 62 6 5 0.2861875340458937
seed123_C0_step2000 62 6 6 0.28976691799471155
seed123_C0_step2000 62 6 7 0.2795734210521914
seed123_C0_step2000 62 6 8 0.2855498249991797
seed123_C0_step2000 62 6 9 0.2874456740100868
seed123_C0_step2000 62 7 0 0.2840441829757765
seed123_C0_step2000 62 7 1 0.2948830619570799
seed123_C0_step2000 62 7 2 0.30347472097491845
seed123_C0_step2000 62 7 3 0.32299920095829293
seed123_C0_step2000 62 7 4 0.28637234697816893
seed123_C0_step2000 62 7 5 0.27880595001624897
seed123_C0_step2000 62 7 6 0.28013345698127523
seed123_C0_step2000 62 7 7 0.2805234490078874
seed123_C0_step2000 62 7 8 0.30925391300115734
seed123_C0_step2000 62 7 9 0.2840787569875829
seed123_C0_step2000 62 8 0 0.2932743389974348
seed123_C0_step2000 62 8 1 0.29283091600518674
seed123_C0_step2000 62 8 2 0.2946418540086597
seed123_C0_step2000 62 8 3 0.277422132960055
seed123_C0_step2000 62 8 4 0.280811763019301
seed123_C0_step2000 62 8 5 0.2891237040166743
seed123_C0_step2000 62 8 6 0.2983766670222394
seed123_C0_step2000 62 8 7 0.27594013698399067
seed123_C0_step2000 62 8 8 0.2886783340363763
seed123_C0_step2000 62 8 9 0.2805324029759504
seed123_C0_step2000 62 9 0 0.27960339200217277
seed123_C0_step2000 62 9 1 0.2852227870025672
seed123_C0_step2000 62 9 2 0.294546707009431
seed123_C0_step2000 62 9 3 0.2866736209834926
seed123_C0_step2000 62 9 4 0.29870714101707563
seed123_C0_step2000 62 9 5 0.28166273899842054
seed123_C0_step2000 62 9 6 0.2905642749974504
seed123_C0_step2000 62 9 7 0.290536571003031
seed123_C0_step2000 62 9 8 0.2888030020403676
seed123_C0_step2000 62 9 9 0.28253877500537783
seed123_C0_step2000 64 0 0 0.17688259901478887
seed123_C0_step2000 64 0 1 0.16894319496350363
seed123_C0_step2000 64 0 2 0.1697452410007827
seed123_C0_step2000 64 0 3 0.19280036102281883
seed123_C0_step2000 64 0 4 0.17244718602159992
seed123_C0_step2000 64 0 5 0.1676816349499859
seed123_C0_step2000 64 0 6 0.17358135897666216
seed123_C0_step2000 64 0 7 0.1721190619864501
seed123_C0_step2000 64 0 8 0.17534167901612818
seed123_C0_step2000 64 0 9 0.16592248604865745
seed123_C0_step2000 64 1 0 0.16926147800404578
seed123_C0_step2000 64 1 1 0.17009067500475794
seed123_C0_step2000 64 1 2 0.18320609797956422
seed123_C0_step2000 64 1 3 0.17067420796956867
seed123_C0_step2000 64 1 4 0.1666521109873429
seed123_C0_step2000 64 1 5 0.1677550959866494
seed123_C0_step2000 64 1 6 0.1646351560484618
seed123_C0_step2000 64 1 7 0.17560259200399742
seed123_C0_step2000 64 1 8 0.18122459098231047
seed123_C0_step2000 64 1 9 0.1822550760116428
seed123_C0_step2000 64 2 0 0.16722736897645518
seed123_C0_step2000 64 2 1 0.17447805497795343
seed123_C0_step2000 64 2 2 0.17661831801524386
seed123_C0_step2000 64 2 3 0.16752980003366247
seed123_C0_step2000 64 2 4 0.16736401099478826
seed123_C0_step2000 64 2 5 0.17257847602013499
seed123_C0_step2000 64 2 6 0.176415246038232
seed123_C0_step2000 64 2 7 0.1684892189805396
seed123_C0_step2000 64 2 8 0.178714815992862
seed123_C0_step2000 64 2 9 0.1681122619775124
seed123_C0_step2000 64 3 0 0.16684776602778584
seed123_C0_step2000 64 3 1 0.17147543997270986
seed123_C0_step2000 64 3 2 0.1672265759552829
seed123_C0_step2000 64 3 3 0.17342283198377118
seed123_C0_step2000 64 3 4 0.1694210129790008
seed123_C0_step2000 64 3 5 0.17160634201718494
seed123_C0_step2000 64 3 6 0.1705046909628436
seed123_C0_step2000 64 3 7 0.17465046496363357
seed123_C0_step2000 64 3 8 0.175149907998275
seed123_C0_step2000 64 3 9 0.173217244038824
seed123_C0_step2000 64 4 0 0.17195558495586738
seed123_C0_step2000 64 4 1 0.17032786802155897
seed123_C0_step2000 64 4 2 0.17343440296826884
seed123_C0_step2000 64 4 3 0.18491672101663426
seed123_C0_step2000 64 4 4 0.18184104602551088
seed123_C0_step2000 64 4 5 0.19119790999684483
seed123_C0_step2000 64 4 6 0.1673440010054037
seed123_C0_step2000 64 4 7 0.16971577901858836
seed123_C0_step2000 64 4 8 0.16649612598121166
seed123_C0_step2000 64 4 9 0.17573305004043505
seed123_C0_step2000 64 5 0 0.17126979201566428
seed123_C0_step2000 64 5 1 0.16990718798479065
seed123_C0_step2000 64 5 2 0.16718165698694065
seed123_C0_step2000 64 5 3 0.17335061996709555
seed123_C0_step2000 64 5 4 0.1721605280181393
seed123_C0_step2000 64 5 5 0.17138921201694757
seed123_C0_step2000 64 5 6 0.16868996195262298
seed123_C0_step2000 64 5 7 0.17199847497977316
seed123_C0_step2000 64 5 8 0.16860505798831582
seed123_C0_step2000 64 5 9 0.16851513501023874
seed123_C0_step2000 64 6 0 0.16786105500068516
seed123_C0_step2000 64 6 1 0.17124931199941784
seed123_C0_step2000 64 6 2 0.1697516969870776
seed123_C0_step2000 64 6 3 0.18763359304284677
seed123_C0_step2000 64 6 4 0.17400081001687795
seed123_C0_step2000 64 6 5 0.17704152804799378
seed123_C0_step2000 64 6 6 0.1766055790358223
seed123_C0_step2000 64 6 7 0.17131867504213005
seed123_C0_step2000 64 6 8 0.19167578796623275
seed123_C0_step2000 64 6 9 0.1811826650518924
seed123_C0_step2000 64 7 0 0.17625715699978173
seed123_C0_step2000 64 7 1 0.18723077495815232
seed123_C0_step2000 64 7 2 0.1788374370080419
seed123_C0_step2000 64 7 3 0.17779459903249517
seed123_C0_step2000 64 7 4 0.1680299589643255
seed123_C0_step2000 64 7 5 0.17889849399216473
seed123_C0_step2000 64 7 6 0.1695882099447772
seed123_C0_step2000 64 7 7 0.1683949719881639
seed123_C0_step2000 64 7 8 0.1675611850223504
seed123_C0_step2000 64 7 9 0.16420745599316433
seed123_C0_step2000 64 8 0 0.17668900801800191
seed123_C0_step2000 64 8 1 0.17641497001750395
seed123_C0_step2000 64 8 2 0.17839650699170306
seed123_C0_step2000 64 8 3 0.17155326501233503
seed123_C0_step2000 64 8 4 0.1734607900143601
seed123_C0_step2000 64 8 5 0.16845671000191942
seed123_C0_step2000 64 8 6 0.1734044009936042
seed123_C0_step2000 64 8 7 0.1707884009811096
seed123_C0_step2000 64 8 8 0.17681404802715406
seed123_C0_step2000 64 8 9 0.16731885803164914
seed123_C0_step2000 64 9 0 0.16740675695473328
seed123_C0_step2000 64 9 1 0.1669560499722138
seed123_C0_step2000 64 9 2 0.17474059399683028
seed123_C0_step2000 64 9 3 0.17282147699734196
seed123_C0_step2000 64 9 4 0.17229111399501562
seed123_C0_step2000 64 9 5 0.17433314898516983
seed123_C0_step2000 64 9 6 0.16988195397425443
seed123_C0_step2000 64 9 7 0.1732582279946655
seed123_C0_step2000 64 9 8 0.16744243499124423
seed123_C0_step2000 64 9 9 0.17149952001636848
seed123_C0_step2000 69 0 0 0.5227061089826748
seed123_C0_step2000 69 0 1 0.5384351260145195
seed123_C0_step2000 69 0 2 0.5166675659711473
seed123_C0_step2000 69 0 3 0.5156323909759521
seed123_C0_step2000 69 0 4 0.5253060840186663
seed123_C0_step2000 69 0 5 0.5261396379792131
seed123_C0_step2000 69 0 6 0.5332341339671984
seed123_C0_step2000 69 0 7 0.5247384069953114
seed123_C0_step2000 69 0 8 0.5229808110161684
seed123_C0_step2000 69 0 9 0.5297096209833398
seed123_C0_step2000 69 1 0 0.5455435900366865
seed123_C0_step2000 69 1 1 0.5087332540424541
seed123_C0_step2000 69 1 2 0.5235616670106538
seed123_C0_step2000 69 1 3 0.5281581290182658
seed123_C0_step2000 69 1 4 0.5118335040169768
seed123_C0_step2000 69 1 5 0.5241955950041302
seed123_C0_step2000 69 1 6 0.5193819419946522
seed123_C0_step2000 69 1 7 0.5128500800346956
seed123_C0_step2000 69 1 8 0.5179055870394222
seed123_C0_step2000 69 1 9 0.5028630099841394
seed123_C0_step2000 69 2 0 0.5089325910084881
seed123_C0_step2000 69 2 1 0.5335618610261008
seed123_C0_step2000 69 2 2 0.5089877159916796
seed123_C0_step2000 69 2 3 0.5190270720049739
seed123_C0_step2000 69 2 4 0.535899511014577
seed123_C0_step2000 69 2 5 0.5111243790015578
seed123_C0_step2000 69 2 6 0.5216570160118863
seed123_C0_step2000 69 2 7 0.5209341029985808
seed123_C0_step2000 69 2 8 0.5084410480340011
seed123_C0_step2000 69 2 9 0.5217166179791093
seed123_C0_step2000 69 3 0 0.5269234860315919
seed123_C0_step2000 69 3 1 0.5208167129894719
seed123_C0_step2000 69 3 2 0.5284785900148563
seed123_C0_step2000 69 3 3 0.5203564740368165
seed123_C0_step2000 69 3 4 0.5089072699774988
seed123_C0_step2000 69 3 5 0.533352927013766
seed123_C0_step2000 69 3 6 0.512101060943678
seed123_C0_step2000 69 3 7 0.5063828160054982
seed123_C0_step2000 69 3 8 0.5365790079813451
seed123_C0_step2000 69 3 9 0.5085564610199071
seed123_C0_step2000 69 4 0 0.5226299880305305
seed123_C0_step2000 69 4 1 0.5137257259921171
seed123_C0_step2000 69 4 2 0.5121117570088245
seed123_C0_step2000 69 4 3 0.5346867089974694
seed123_C0_step2000 69 4 4 0.5276092850253917
seed123_C0_step2000 69 4 5 0.5198629039805382
seed123_C0_step2000 69 4 6 0.5126670629833825
seed123_C0_step2000 69 4 7 0.5045385750127025
seed123_C0_step2000 69 4 8 0.5341518439818174
seed123_C0_step2000 69 4 9 0.5057877789949998
seed123_C0_step2000 69 5 0 0.5154490690329112
seed123_C0_step2000 69 5 1 0.5203491760184988
seed123_C0_step2000 69 5 2 0.5234187479945831
seed123_C0_step2000 69 5 3 0.514303668984212
seed123_C0_step2000 69 5 4 0.535662219976075
seed123_C0_step2000 69 5 5 0.5119366589933634
seed123_C0_step2000 69 5 6 0.5558851099922322
seed123_C0_step2000 69 5 7 0.5151350059895776
seed123_C0_step2000 69 5 8 0.5297972979606129
seed123_C0_step2000 69 5 9 0.5161611429648474
seed123_C0_step2000 69 6 0 0.5302270149695687
seed123_C0_step2000 69 6 1 0.5100694569991902
seed123_C0_step2000 69 6 2 0.5134525030152872
seed123_C0_step2000 69 6 3 0.5221206580172293
seed123_C0_step2000 69 6 4 0.5048119380371645
seed123_C0_step2000 69 6 5 0.5187917840084992
seed123_C0_step2000 69 6 6 0.522680573980324
seed123_C0_step2000 69 6 7 0.5156553510460071
seed123_C0_step2000 69 6 8 0.534538090985734
seed123_C0_step2000 69 6 9 0.536036026023794
seed123_C0_step2000 69 7 0 0.5415014319587499
seed123_C0_step2000 69 7 1 0.549615400028415
seed123_C0_step2000 69 7 2 0.528389765007887
seed123_C0_step2000 69 7 3 0.5372785659856163
seed123_C0_step2000 69 7 4 0.545159675006289
seed123_C0_step2000 69 7 5 0.5160200080135837
seed123_C0_step2000 69 7 6 0.5402904440416023
seed123_C0_step2000 69 7 7 0.51795290899463
seed123_C0_step2000 69 7 8 0.527413458970841
seed123_C0_step2000 69 7 9 0.5465288680279627
seed123_C0_step2000 69 8 0 0.5190420640283264
seed123_C0_step2000 69 8 1 0.5272192440461367
seed123_C0_step2000 69 8 2 0.5133587649906985
seed123_C0_step2000 69 8 3 0.5474898850079626
seed123_C0_step2000 69 8 4 0.5105363680049777
seed123_C0_step2000 69 8 5 0.5435627889819443
seed123_C0_step2000 69 8 6 0.5237296379636973
seed123_C0_step2000 69 8 7 0.514239567972254
seed123_C0_step2000 69 8 8 0.5236011689994484
seed123_C0_step2000 69 8 9 0.5241347560076974
seed123_C0_step2000 69 9 0 0.508657754980959
seed123_C0_step2000 69 9 1 0.5269646150409244
seed123_C0_step2000 69 9 2 0.5482032229774632
seed123_C0_step2000 69 9 3 0.5301949450513348
seed123_C0_step2000 69 9 4 0.5236719200038351
seed123_C0_step2000 69 9 5 0.4944854929926805
seed123_C0_step2000 69 9 6 0.5034177979687229
seed123_C0_step2000 69 9 7 0.48812071298016235
seed123_C0_step2000 69 9 8 0.48078549501951784
seed123_C0_step2000 69 9 9 0.5004861669731326
seed123_C0_step2000 74 0 0 0.72879337600898
seed123_C0_step2000 74 0 1 0.7056688260054216
seed123_C0_step2000 74 0 2 0.7416792520089075
seed123_C0_step2000 74 0 3 0.7205288530094549
seed123_C0_step2000 74 0 4 0.7307788250036538
seed123_C0_step2000 74 0 5 0.7285629250109196
seed123_C0_step2000 74 0 6 0.7590597420348786
seed123_C0_step2000 74 0 7 0.7433553430018947
seed123_C0_step2000 74 0 8 0.7332559080095962
seed123_C0_step2000 74 0 9 0.7343479910050519
seed123_C0_step2000 74 1 0 0.741909864009358
seed123_C0_step2000 74 1 1 0.7009292810107581
seed123_C0_step2000 74 1 2 0.74214192799991
seed123_C0_step2000 74 1 3 0.7400634540244937
seed123_C0_step2000 74 1 4 0.7195614030351862
seed123_C0_step2000 74 1 5 0.7407776460167952
seed123_C0_step2000 74 1 6 0.7191543459775858
seed123_C0_step2000 74 1 7 0.7221484209876508
seed123_C0_step2000 74 1 8 0.7116469650063664
seed123_C0_step2000 74 1 9 0.7298266570433043
seed123_C0_step2000 74 2 0 0.734078976965975
seed123_C0_step2000 74 2 1 0.7457830370403826
seed123_C0_step2000 74 2 2 0.7319672360317782
seed123_C0_step2000 74 2 3 0.7121897130273283
seed123_C0_step2000 74 2 4 0.7245998829603195
seed123_C0_step2000 74 2 5 0.7092435950180516
seed123_C0_step2000 74 2 6 0.7384414989501238
seed123_C0_step2000 74 2 7 0.7089005319867283
seed123_C0_step2000 74 2 8 0.7293845330132172
seed123_C0_step2000 74 2 9 0.7219775749836117
seed123_C0_step2000 74 3 0 0.7228857130394317
seed123_C0_step2000 74 3 1 0.721023553982377
seed123_C0_step2000 74 3 2 0.717762231011875
seed123_C0_step2000 74 3 3 0.7369616089854389
seed123_C0_step2000 74 3 4 0.7327362190117128
seed123_C0_step2000 74 3 5 0.7245743480161764
seed123_C0_step2000 74 3 6 0.7116992690134794
seed123_C0_step2000 74 3 7 0.7044004300259985
seed123_C0_step2000 74 3 8 0.7201999280368909
seed123_C0_step2000 74 3 9 0.7146788239479065
seed123_C0_step2000 74 4 0 0.7203940890030935
seed123_C0_step2000 74 4 1 0.7228004229837097
seed123_C0_step2000 74 4 2 0.7020474910386838
seed123_C0_step2000 74 4 3 0.733182895986829
seed123_C0_step2000 74 4 4 0.7003026170423254
seed123_C0_step2000 74 4 5 0.7241735020070337
seed123_C0_step2000 74 4 6 0.7837268990115263
seed123_C0_step2000 74 4 7 0.7403628189931624
seed123_C0_step2000 74 4 8 0.7162179450388066
seed123_C0_step2000 74 4 9 0.7331412279745564
seed123_C0_step2000 74 5 0 0.7283882919582538
seed123_C0_step2000 74 5 1 0.7327924020355567
seed123_C0_step2000 74 5 2 0.7143339109607041
seed123_C0_step2000 74 5 3 0.7137895810301416
seed123_C0_step2000 74 5 4 0.7267301030224189
seed123_C0_step2000 74 5 5 0.7266928690369241
seed123_C0_step2000 74 5 6 0.7110150730004534
seed123_C0_step2000 74 5 7 0.7032410789979622
seed123_C0_step2000 74 5 8 0.7286772969528101
seed123_C0_step2000 74 5 9 0.7254563120077364
seed123_C0_step2000 74 6 0 0.7210015209857374
seed123_C0_step2000 74 6 1 0.7296009709825739
seed123_C0_step2000 74 6 2 0.7070576819824055
seed123_C0_step2000 74 6 3 0.7221985729993321
seed123_C0_step2000 74 6 4 0.7226601100410335
seed123_C0_step2000 74 6 5 0.7479929580003954
seed123_C0_step2000 74 6 6 0.7257812590105459
seed123_C0_step2000 74 6 7 0.7447513230144978
seed123_C0_step2000 74 6 8 0.727938260009978
seed123_C0_step2000 74 6 9 0.7545205539790913
seed123_C0_step2000 74 7 0 0.7358366589760408
seed123_C0_step2000 74 7 1 0.7175745159620419
seed123_C0_step2000 74 7 2 0.7169040929875337
seed123_C0_step2000 74 7 3 0.7496017949888483
seed123_C0_step2000 74 7 4 0.7420193810248747
seed123_C0_step2000 74 7 5 0.7699012779630721
seed123_C0_step2000 74 7 6 0.7291936360416003
seed123_C0_step2000 74 7 7 0.734151954005938
seed123_C0_step2000 74 7 8 0.727501014014706
seed123_C0_step2000 74 7 9 0.7255950510152616
seed123_C0_step2000 74 8 0 0.7119837250211276
seed123_C0_step2000 74 8 1 0.7233222119975835
seed123_C0_step2000 74 8 2 0.7329184709815308
seed123_C0_step2000 74 8 3 0.7313824419979937
seed123_C0_step2000 74 8 4 0.7161158589879051
seed123_C0_step2000 74 8 5 0.7381016099825501
seed123_C0_step2000 74 8 6 0.7338095120503567
seed123_C0_step2000 74 8 7 0.7212062579928897
seed123_C0_step2000 74 8 8 0.7299089569714852
seed123_C0_step2000 74 8 9 0.7263192519894801
seed123_C0_step2000 74 9 0 0.7238252480165102
seed123_C0_step2000 74 9 1 0.7346403260016814
seed123_C0_step2000 74 9 2 0.7372012059786357
seed123_C0_step2000 74 9 3 0.7358620959566906
seed123_C0_step2000 74 9 4 0.7230029589845799
seed123_C0_step2000 74 9 5 0.7367224189802073
seed123_C0_step2000 74 9 6 0.7196259619668126
seed123_C0_step2000 74 9 7 0.715073172992561
seed123_C0_step2000 74 9 8 0.7721725789597258
seed123_C0_step2000 74 9 9 0.7264683760004118
seed123_C0_step2000 78 0 0 1.210414428031072
seed123_C0_step2000 78 0 1 1.1698823040351272
seed123_C0_step2000 78 0 2 1.1858711839886382
seed123_C0_step2000 78 0 3 1.2009704500087537
seed123_C0_step2000 78 0 4 1.1916644939919934
seed123_C0_step2000 78 0 5 1.1957414819626138
seed123_C0_step2000 78 0 6 1.2054548060405068
seed123_C0_step2000 78 0 7 1.1941949470201507
seed123_C0_step2000 78 0 8 1.2045249969814904
seed123_C0_step2000 78 0 9 1.1957004980067722
seed123_C0_step2000 78 1 0 1.1821046629920602
seed123_C0_step2000 78 1 1 1.1897226499859244
seed123_C0_step2000 78 1 2 1.1797280779574066
seed123_C0_step2000 78 1 3 1.1784986180136912
seed123_C0_step2000 78 1 4 1.189720535010565
seed123_C0_step2000 78 1 5 1.215490350034088
seed123_C0_step2000 78 1 6 1.195124786987435
seed123_C0_step2000 78 1 7 1.2130897599854507
seed123_C0_step2000 78 1 8 1.1762602290255018
seed123_C0_step2000 78 1 9 1.2092111629899591
seed123_C0_step2000 78 2 0 1.1919360120082274
seed123_C0_step2000 78 2 1 1.1877809460274875
seed123_C0_step2000 78 2 2 1.1878644839744084
seed123_C0_step2000 78 2 3 1.1616335739963688
seed123_C0_step2000 78 2 4 1.1602383540011942
seed123_C0_step2000 78 2 5 1.2176980869844556
seed123_C0_step2000 78 2 6 1.217132624995429
seed123_C0_step2000 78 2 7 1.2068200719659217
seed123_C0_step2000 78 2 8 1.1858838489861228
seed123_C0_step2000 78 2 9 1.1985735530033708
seed123_C0_step2000 78 3 0 1.2092373360064812
seed123_C0_step2000 78 3 1 1.2242648230167106
seed123_C0_step2000 78 3 2 1.1931154220364988
seed123_C0_step2000 78 3 3 1.1656332130078226
seed123_C0_step2000 78 3 4 1.2180579790147021
seed123_C0_step2000 78 3 5 1.1838326459983364
seed123_C0_step2000 78 3 6 1.2118921679793857
seed123_C0_step2000 78 3 7 1.1984758379985578
seed123_C0_step2000 78 3 8 1.1811075980076566
seed123_C0_step2000 78 3 9 1.1843343080254272
seed123_C0_step2000 78 4 0 1.1789228330017067
seed123_C0_step2000 78 4 1 1.207955249992665
seed123_C0_step2000 78 4 2 1.1975260530016385
seed123_C0_step2000 78 4 3 1.1826858400017954
seed123_C0_step2000 78 4 4 1.1989982410450466
seed123_C0_step2000 78 4 5 1.2506026049959473
seed123_C0_step2000 78 4 6 1.1908311970182694
seed123_C0_step2000 78 4 7 1.2004864680347964
seed123_C0_step2000 78 4 8 1.1912029680097476
seed123_C0_step2000 78 4 9 1.2267606179811992
seed123_C0_step2000 78 5 0 1.2005997149972245
seed123_C0_step2000 78 5 1 1.1818669679923914
seed123_C0_step2000 78 5 2 1.2168772050063126
seed123_C0_step2000 78 5 3 1.211536286980845
seed123_C0_step2000 78 5 4 1.2077639179769903
seed123_C0_step2000 78 5 5 1.1779000060050748
seed123_C0_step2000 78 5 6 1.1798341969843023
seed123_C0_step2000 78 5 7 1.179177019977942
seed123_C0_step2000 78 5 8 1.2007732749916613
seed123_C0_step2000 78 5 9 1.1917390230228193
seed123_C0_step2000 78 6 0 1.1874595999834128
seed123_C0_step2000 78 6 1 1.1910890360013582
seed123_C0_step2000 78 6 2 1.1944211589870974
seed123_C0_step2000 78 6 3 1.1790367310168222
seed123_C0_step2000 78 6 4 1.1964443899923936
seed123_C0_step2000 78 6 5 1.1743053629761562
seed123_C0_step2000 78 6 6 1.1454200149746612
seed123_C0_step2000 78 6 7 1.1524003049707972
seed123_C0_step2000 78 6 8 1.189607881999109
seed123_C0_step2000 78 6 9 1.2011690629879013
seed123_C0_step2000 78 7 0 1.1958113120053895
seed123_C0_step2000 78 7 1 1.2083978269947693
seed123_C0_step2000 78 7 2 1.195777550979983
seed123_C0_step2000 78 7 3 1.2116696409648284
seed123_C0_step2000 78 7 4 1.2311677049729042
seed123_C0_step2000 78 7 5 1.1968311310047284
seed123_C0_step2000 78 7 6 1.195146913989447
seed123_C0_step2000 78 7 7 1.1939448959892616
seed123_C0_step2000 78 7 8 1.2174053710186854
seed123_C0_step2000 78 7 9 1.201946408022195
seed123_C0_step2000 78 8 0 1.2005632219952531
seed123_C0_step2000 78 8 1 1.1626881550182588
seed123_C0_step2000 78 8 2 1.1903389480430633
seed123_C0_step2000 78 8 3 1.222592464007903
seed123_C0_step2000 78 8 4 1.2172151359845884
seed123_C0_step2000 78 8 5 1.2127572580357082
seed123_C0_step2000 78 8 6 1.2013282870175317
seed123_C0_step2000 78 8 7 1.2040343960397877
seed123_C0_step2000 78 8 8 1.2011580940452404
seed123_C0_step2000 78 8 9 1.2156207709922455
seed123_C0_step2000 78 9 0 1.225377175025642
seed123_C0_step2000 78 9 1 1.2172261769883335
seed123_C0_step2000 78 9 2 1.1696357919718139
seed123_C0_step2000 78 9 3 1.1997561199823394
seed123_C0_step2000 78 9 4 1.2005764960194938
seed123_C0_step2000 78 9 5 1.221953768050298
seed123_C0_step2000 78 9 6 1.2119641290046275
seed123_C0_step2000 78 9 7 1.2242445130250417
seed123_C0_step2000 78 9 8 1.2074739969684742
seed123_C0_step2000 78 9 9 1.1663632090203464
{'model': 'seed123_C0_step2000', 'completed_pairs': 2000, 'requested_pairs': 2000, 'completed': True, 'complete_source_count': 20, 'FRD': 371.390121737786, 'new_pairs': 2000, 'wall_seconds': 479.6342073470005}
