seed123_C2_step2000 0 0 0 0.9415982200298458
seed123_C2_step2000 0 0 1 0.09730802197009325
seed123_C2_step2000 0 0 2 0.09409114200389013
seed123_C2_step2000 0 0 3 0.08882697799708694
seed123_C2_step2000 0 0 4 0.08878162002656609
seed123_C2_step2000 0 0 5 0.0978688130271621
seed123_C2_step2000 0 0 6 0.09028527699410915
seed123_C2_step2000 0 0 7 0.1014411470387131
seed123_C2_step2000 0 0 8 0.10662176099140197
seed123_C2_step2000 0 0 9 0.09233180095907301
seed123_C2_step2000 0 1 0 0.09239828900899738
seed123_C2_step2000 0 1 1 0.09364306897623464
seed123_C2_step2000 0 1 2 0.09712623100494966
seed123_C2_step2000 0 1 3 0.09827590698841959
seed123_C2_step2000 0 1 4 0.09654402895830572
seed123_C2_step2000 0 1 5 0.0909958069678396
seed123_C2_step2000 0 1 6 0.08997668203664944
seed123_C2_step2000 0 1 7 0.08836477599106729
seed123_C2_step2000 0 1 8 0.09203056001570076
seed123_C2_step2000 0 1 9 0.08829262701328844
seed123_C2_step2000 0 2 0 0.0985431710141711
seed123_C2_step2000 0 2 1 0.10288395697716624
seed123_C2_step2000 0 2 2 0.09864487801678479
seed123_C2_step2000 0 2 3 0.09099719900405034
seed123_C2_step2000 0 2 4 0.08890351402806118
seed123_C2_step2000 0 2 5 0.0912273220019415
seed123_C2_step2000 0 2 6 0.08918566798092797
seed123_C2_step2000 0 2 7 0.08967205497901887
seed123_C2_step2000 0 2 8 0.09896650700829923
seed123_C2_step2000 0 2 9 0.09030157700181007
seed123_C2_step2000 0 3 0 0.09497056499822065
seed123_C2_step2000 0 3 1 0.09452456701546907
seed123_C2_step2000 0 3 2 0.09857314900727943
seed123_C2_step2000 0 3 3 0.0988841790240258
seed123_C2_step2000 0 3 4 0.09796184004517272
seed123_C2_step2000 0 3 5 0.10067979799350724
seed123_C2_step2000 0 3 6 0.09529739496065304
seed123_C2_step2000 0 3 7 0.09470244898693636
seed123_C2_step2000 0 3 8 0.09394131100270897
seed123_C2_step2000 0 3 9 0.09548218100098893
seed123_C2_step2000 0 4 0 0.09147919702809304
seed123_C2_step2000 0 4 1 0.09211531298933551
seed123_C2_step2000 0 4 2 0.09875035000732169
seed123_C2_step2000 0 4 3 0.09362209698883817
seed123_C2_step2000 0 4 4 0.09174295503180474
seed123_C2_step2000 0 4 5 0.09747478098142892
seed123_C2_step2000 0 4 6 0.10047652601497248
seed123_C2_step2000 0 4 7 0.10631140094483271
seed123_C2_step2000 0 4 8 0.10013416700530797
seed123_C2_step2000 0 4 9 0.09588366496609524
seed123_C2_step2000 0 5 0 0.09355460497317836
seed123_C2_step2000 0 5 1 0.09546143101761118
seed123_C2_step2000 0 5 2 0.09247843199409544
seed123_C2_step2000 0 5 3 0.092517617973499
seed123_C2_step2000 0 5 4 0.09511594503419474
seed123_C2_step2000 0 5 5 0.09568946901708841
seed123_C2_step2000 0 5 6 0.0980997149599716
seed123_C2_step2000 0 5 7 0.0992943579913117
seed123_C2_step2000 0 5 8 0.09672592696733773
seed123_C2_step2000 0 5 9 0.09629369399044663
seed123_C2_step2000 0 6 0 0.09653654199792072
seed123_C2_step2000 0 6 1 0.09811712801456451
seed123_C2_step2000 0 6 2 0.09985939599573612
seed123_C2_step2000 0 6 3 0.09983368701068684
seed123_C2_step2000 0 6 4 0.09391480905469507
seed123_C2_step2000 0 6 5 0.1086589940241538
seed123_C2_step2000 0 6 6 0.09449200198287144
seed123_C2_step2000 0 6 7 0.09458610299043357
seed123_C2_step2000 0 6 8 0.09904378501232713
seed123_C2_step2000 0 6 9 0.10648278001463041
seed123_C2_step2000 0 7 0 0.09508427296532318
seed123_C2_step2000 0 7 1 0.10741617798339576
seed123_C2_step2000 0 7 2 0.09475286403903738
seed123_C2_step2000 0 7 3 0.09523337101563811
seed123_C2_step2000 0 7 4 0.09460543002933264
seed123_C2_step2000 0 7 5 0.0979970259941183
seed123_C2_step2000 0 7 6 0.09212011098861694
seed123_C2_step2000 0 7 7 0.09015699697192758
seed123_C2_step2000 0 7 8 0.09029778896365315
seed123_C2_step2000 0 7 9 0.09224759601056576
seed123_C2_step2000 0 8 0 0.09148567699594423
seed123_C2_step2000 0 8 1 0.09844156296458095
seed123_C2_step2000 0 8 2 0.09983502700924873
seed123_C2_step2000 0 8 3 0.09845855500316247
seed123_C2_step2000 0 8 4 0.09498836804414168
seed123_C2_step2000 0 8 5 0.09679002000484616
seed123_C2_step2000 0 8 6 0.09720116195967421
seed123_C2_step2000 0 8 7 0.1004981059813872
seed123_C2_step2000 0 8 8 0.09162636898690835
seed123_C2_step2000 0 8 9 0.09207927098032087
seed123_C2_step2000 0 9 0 0.09734111104626209
seed123_C2_step2000 0 9 1 0.09712947299703956
seed123_C2_step2000 0 9 2 0.09490978595567867
seed123_C2_step2000 0 9 3 0.09289461304433644
seed123_C2_step2000 0 9 4 0.09200420597335324
seed123_C2_step2000 0 9 5 0.09181093296501786
seed123_C2_step2000 0 9 6 0.09183753503020853
seed123_C2_step2000 0 9 7 0.09177663800073788
seed123_C2_step2000 0 9 8 0.09280473995022476
seed123_C2_step2000 0 9 9 0.09604101598961279
seed123_C2_step2000 6 0 0 0.14495125197572634
seed123_C2_step2000 6 0 1 0.14174725802149624
seed123_C2_step2000 6 0 2 0.14554389397380874
seed123_C2_step2000 6 0 3 0.14619976800167933
seed123_C2_step2000 6 0 4 0.1520560550270602
seed123_C2_step2000 6 0 5 0.16544575797161087
seed123_C2_step2000 6 0 6 0.14194872602820396
seed123_C2_step2000 6 0 7 0.14437292696675286
seed123_C2_step2000 6 0 8 0.1491569759673439
seed123_C2_step2000 6 0 9 0.14507674501510337
seed123_C2_step2000 6 1 0 0.14578858501045033
seed123_C2_step2000 6 1 1 0.15369279799051583
seed123_C2_step2000 6 1 2 0.1394925820059143
seed123_C2_step2000 6 1 3 0.14476432197261602
seed123_C2_step2000 6 1 4 0.15340793796349317
seed123_C2_step2000 6 1 5 0.1478961060056463
seed123_C2_step2000 6 1 6 0.15314358903560787
seed123_C2_step2000 6 1 7 0.19019341905368492
seed123_C2_step2000 6 1 8 0.15549758600536734
seed123_C2_step2000 6 1 9 0.18172099103685468
seed123_C2_step2000 6 2 0 0.14392363000661135
seed123_C2_step2000 6 2 1 0.14185749797616154
seed123_C2_step2000 6 2 2 0.13984904799144715
seed123_C2_step2000 6 2 3 0.13844114396488294
seed123_C2_step2000 6 2 4 0.1365621630102396
seed123_C2_step2000 6 2 5 0.15055503003532067
seed123_C2_step2000 6 2 6 0.15577846503583714
seed123_C2_step2000 6 2 7 0.1423996320227161
seed123_C2_step2000 6 2 8 0.14156029600417241
seed123_C2_step2000 6 2 9 0.14008651400217786
seed123_C2_step2000 6 3 0 0.13747818797128275
seed123_C2_step2000 6 3 1 0.14268157602054998
seed123_C2_step2000 6 3 2 0.13642650202382356
seed123_C2_step2000 6 3 3 0.13708213396603242
seed123_C2_step2000 6 3 4 0.13945214200066403
seed123_C2_step2000 6 3 5 0.14227721595671028
seed123_C2_step2000 6 3 6 0.14205500698881224
seed123_C2_step2000 6 3 7 0.13797762099420652
seed123_C2_step2000 6 3 8 0.14654775499366224
seed123_C2_step2000 6 3 9 0.13963408302515745
seed123_C2_step2000 6 4 0 0.1387078770203516
seed123_C2_step2000 6 4 1 0.13953044096706435
seed123_C2_step2000 6 4 2 0.13802006095647812
seed123_C2_step2000 6 4 3 0.13822254101978615
seed123_C2_step2000 6 4 4 0.1408497139927931
seed123_C2_step2000 6 4 5 0.1380210830247961
seed123_C2_step2000 6 4 6 0.136623709986452
seed123_C2_step2000 6 4 7 0.13737131102243438
seed123_C2_step2000 6 4 8 0.13981770497048274
seed123_C2_step2000 6 4 9 0.1409270130097866
seed123_C2_step2000 6 5 0 0.13805477699497715
seed123_C2_step2000 6 5 1 0.1393980160355568
seed123_C2_step2000 6 5 2 0.142308565962594
seed123_C2_step2000 6 5 3 0.14654538000468165
seed123_C2_step2000 6 5 4 0.14025293296435848
seed123_C2_step2000 6 5 5 0.14052483602426946
seed123_C2_step2000 6 5 6 0.1431146480026655
seed123_C2_step2000 6 5 7 0.1429466039990075
seed123_C2_step2000 6 5 8 0.14207431295653805
seed123_C2_step2000 6 5 9 0.13955685100518167
seed123_C2_step2000 6 6 0 0.14480165898567066
seed123_C2_step2000 6 6 1 0.14276855997741222
seed123_C2_step2000 6 6 2 0.14213786501204595
seed123_C2_step2000 6 6 3 0.1418203819775954
seed123_C2_step2000 6 6 4 0.14322723296936601
seed123_C2_step2000 6 6 5 0.13862324197543785
seed123_C2_step2000 6 6 6 0.13571563799632713
seed123_C2_step2000 6 6 7 0.13959134701872244
seed123_C2_step2000 6 6 8 0.14177926303818822
seed123_C2_step2000 6 6 9 0.13795472198398784
seed123_C2_step2000 6 7 0 0.13821051502600312
seed123_C2_step2000 6 7 1 0.1365252880495973
seed123_C2_step2000 6 7 2 0.13784379902062938
seed123_C2_step2000 6 7 3 0.13789743202505633
seed123_C2_step2000 6 7 4 0.13790070795221254
seed123_C2_step2000 6 7 5 0.13711553602479398
seed123_C2_step2000 6 7 6 0.13636616099392995
seed123_C2_step2000 6 7 7 0.13710583496140316
seed123_C2_step2000 6 7 8 0.13853732496500015
seed123_C2_step2000 6 7 9 0.13963913702173159
seed123_C2_step2000 6 8 0 0.14686453202739358
seed123_C2_step2000 6 8 1 0.14743560302304104
seed123_C2_step2000 6 8 2 0.14233612501993775
seed123_C2_step2000 6 8 3 0.14480209699831903
seed123_C2_step2000 6 8 4 0.14243697799975052
seed123_C2_step2000 6 8 5 0.13982613699045032
seed123_C2_step2000 6 8 6 0.1367629140149802
seed123_C2_step2000 6 8 7 0.13617023202823475
seed123_C2_step2000 6 8 8 0.1518754370044917
seed123_C2_step2000 6 8 9 0.1397754389909096
seed123_C2_step2000 6 9 0 0.14409071597037837
seed123_C2_step2000 6 9 1 0.14554219198180363
seed123_C2_step2000 6 9 2 0.14133007504278794
seed123_C2_step2000 6 9 3 0.13574500300455838
seed123_C2_step2000 6 9 4 0.13596870296169072
seed123_C2_step2000 6 9 5 0.1388768069446087
seed123_C2_step2000 6 9 6 0.13860494398977607
seed123_C2_step2000 6 9 7 0.13694120704894885
seed123_C2_step2000 6 9 8 0.1366687609697692
seed123_C2_step2000 6 9 9 0.1420283299521543
seed123_C2_step2000 9 0 0 0.050618567038327456
seed123_C2_step2000 9 0 1 0.042788827035110444
seed123_C2_step2000 9 0 2 0.04430341604165733
seed123_C2_step2000 9 0 3 0.046207175008021295
seed123_C2_step2000 9 0 4 0.04489334300160408
seed123_C2_step2000 9 0 5 0.04411690798588097
seed123_C2_step2000 9 0 6 0.04384402098366991
seed123_C2_step2000 9 0 7 0.04388313600793481
seed123_C2_step2000 9 0 8 0.047023257007822394
seed123_C2_step2000 9 0 9 0.04366592795122415
seed123_C2_step2000 9 1 0 0.04423535498790443
seed123_C2_step2000 9 1 1 0.044150711968541145
seed123_C2_step2000 9 1 2 0.04181515099480748
seed123_C2_step2000 9 1 3 0.04326200997456908
seed123_C2_step2000 9 1 4 0.04233605496119708
seed123_C2_step2000 9 1 5 0.040533470979426056
seed123_C2_step2000 9 1 6 0.040411797002889216
seed123_C2_step2000 9 1 7 0.040092360984999686
seed123_C2_step2000 9 1 8 0.040859939996153116
seed123_C2_step2000 9 1 9 0.04354063596110791
seed123_C2_step2000 9 2 0 0.041016492003109306
seed123_C2_step2000 9 2 1 0.04076015803730115
seed123_C2_step2000 9 2 2 0.04174933396279812
seed123_C2_step2000 9 2 3 0.04169865604490042
seed123_C2_step2000 9 2 4 0.0460964820231311
seed123_C2_step2000 9 2 5 0.040911268966738135
seed123_C2_step2000 9 2 6 0.04077949497150257
seed123_C2_step2000 9 2 7 0.04058400896610692
seed123_C2_step2000 9 2 8 0.04028897901298478
seed123_C2_step2000 9 2 9 0.04027183703146875
seed123_C2_step2000 9 3 0 0.040470891050063074
seed123_C2_step2000 9 3 1 0.04042510100407526
seed123_C2_step2000 9 3 2 0.042690547998063266
seed123_C2_step2000 9 3 3 0.04019222396891564
seed123_C2_step2000 9 3 4 0.04206882999278605
seed123_C2_step2000 9 3 5 0.0405969429994002
seed123_C2_step2000 9 3 6 0.04022166895447299
seed123_C2_step2000 9 3 7 0.0403542360290885
seed123_C2_step2000 9 3 8 0.040693499031476676
seed123_C2_step2000 9 3 9 0.04055690596578643
seed123_C2_step2000 9 4 0 0.04105658800108358
seed123_C2_step2000 9 4 1 0.04117796296486631
seed123_C2_step2000 9 4 2 0.04109867999795824
seed123_C2_step2000 9 4 3 0.04193259699968621
seed123_C2_step2000 9 4 4 0.043899837997742
seed123_C2_step2000 9 4 5 0.04119915299816057
seed123_C2_step2000 9 4 6 0.04118729097535834
seed123_C2_step2000 9 4 7 0.04102306498680264
seed123_C2_step2000 9 4 8 0.04084545199293643
seed123_C2_step2000 9 4 9 0.0421874689636752
seed123_C2_step2000 9 5 0 0.04071366897551343
seed123_C2_step2000 9 5 1 0.040662629005964845
seed123_C2_step2000 9 5 2 0.0406449559959583
seed123_C2_step2000 9 5 3 0.04110801802016795
seed123_C2_step2000 9 5 4 0.04270571697270498
seed123_C2_step2000 9 5 5 0.039995473984163254
seed123_C2_step2000 9 5 6 0.03986856003757566
seed123_C2_step2000 9 5 7 0.04053661599755287
seed123_C2_step2000 9 5 8 0.041159468004480004
seed123_C2_step2000 9 5 9 0.040767050988506526
seed123_C2_step2000 9 6 0 0.04030472895829007
seed123_C2_step2000 9 6 1 0.039989392971619964
seed123_C2_step2000 9 6 2 0.04013394995126873
seed123_C2_step2000 9 6 3 0.040069856971967965
seed123_C2_step2000 9 6 4 0.03985188697697595
seed123_C2_step2000 9 6 5 0.04092719900654629
seed123_C2_step2000 9 6 6 0.04261939995922148
seed123_C2_step2000 9 6 7 0.04132106900215149
seed123_C2_step2000 9 6 8 0.03995146899251267
seed123_C2_step2000 9 6 9 0.04047714197076857
seed123_C2_step2000 9 7 0 0.040338625956792384
seed123_C2_step2000 9 7 1 0.04075070901308209
seed123_C2_step2000 9 7 2 0.04021415498573333
seed123_C2_step2000 9 7 3 0.04026317998068407
seed123_C2_step2000 9 7 4 0.03999121597735211
seed123_C2_step2000 9 7 5 0.04005483799846843
seed123_C2_step2000 9 7 6 0.03957563400035724
seed123_C2_step2000 9 7 7 0.039529395988211036
seed123_C2_step2000 9 7 8 0.040252298989798874
seed123_C2_step2000 9 7 9 0.040917942009400576
seed123_C2_step2000 9 8 0 0.04128400795161724
seed123_C2_step2000 9 8 1 0.04013363999547437
seed123_C2_step2000 9 8 2 0.04000652499962598
seed123_C2_step2000 9 8 3 0.040402879007160664
seed123_C2_step2000 9 8 4 0.040263049013447016
seed123_C2_step2000 9 8 5 0.03978115099016577
seed123_C2_step2000 9 8 6 0.03969324100762606
seed123_C2_step2000 9 8 7 0.039516720979008824
seed123_C2_step2000 9 8 8 0.03963661100715399
seed123_C2_step2000 9 8 9 0.040065729001071304
seed123_C2_step2000 9 9 0 0.04017869697418064
seed123_C2_step2000 9 9 1 0.04066937300376594
seed123_C2_step2000 9 9 2 0.04079112701583654
seed123_C2_step2000 9 9 3 0.04364031698787585
seed123_C2_step2000 9 9 4 0.03998251899611205
seed123_C2_step2000 9 9 5 0.040004210954066366
seed123_C2_step2000 9 9 6 0.041956692992243916
seed123_C2_step2000 9 9 7 0.040865900984499604
seed123_C2_step2000 9 9 8 0.041601919976528734
seed123_C2_step2000 9 9 9 0.03976198297459632
seed123_C2_step2000 12 0 0 0.40209997101919726
seed123_C2_step2000 12 0 1 0.40238707297248766
seed123_C2_step2000 12 0 2 0.40186475502559915
seed123_C2_step2000 12 0 3 0.40229164803167805
seed123_C2_step2000 12 0 4 0.40893750300165266
seed123_C2_step2000 12 0 5 0.4117285119718872
seed123_C2_step2000 12 0 6 0.41095238499110565
seed123_C2_step2000 12 0 7 0.4015656750416383
seed123_C2_step2000 12 0 8 0.4029350329656154
seed123_C2_step2000 12 0 9 0.41430072399089113
seed123_C2_step2000 12 1 0 0.4190902339760214
seed123_C2_step2000 12 1 1 0.4205059910309501
seed123_C2_step2000 12 1 2 0.40641909395344555
seed123_C2_step2000 12 1 3 0.4260583980358206
seed123_C2_step2000 12 1 4 0.41122008400270715
seed123_C2_step2000 12 1 5 0.42005802399944514
seed123_C2_step2000 12 1 6 0.4196677710278891
seed123_C2_step2000 12 1 7 0.41952428402146325
seed123_C2_step2000 12 1 8 0.42125066998414695
seed123_C2_step2000 12 1 9 0.42150395800126716
seed123_C2_step2000 12 2 0 0.4120105530018918
seed123_C2_step2000 12 2 1 0.4231935609714128
seed123_C2_step2000 12 2 2 0.4324358510202728
seed123_C2_step2000 12 2 3 0.4314974110457115
seed123_C2_step2000 12 2 4 0.41231281304499134
seed123_C2_step2000 12 2 5 0.41539115202613175
seed123_C2_step2000 12 2 6 0.42683283996302634
seed123_C2_step2000 12 2 7 0.421800593030639
seed123_C2_step2000 12 2 8 0.4245952569763176
seed123_C2_step2000 12 2 9 0.4444985199952498
seed123_C2_step2000 12 3 0 0.47665462299482897
seed123_C2_step2000 12 3 1 0.44727608101675287
seed123_C2_step2000 12 3 2 0.42452370503451675
seed123_C2_step2000 12 3 3 0.43555463099619374
seed123_C2_step2000 12 3 4 0.43751379498280585
seed123_C2_step2000 12 3 5 0.4181422960245982
seed123_C2_step2000 12 3 6 0.4271229920559563
seed123_C2_step2000 12 3 7 0.4240536949946545
seed123_C2_step2000 12 3 8 0.43554968800162897
seed123_C2_step2000 12 3 9 0.42404080799315125
seed123_C2_step2000 12 4 0 0.41631415899610147
seed123_C2_step2000 12 4 1 0.42248168296646327
seed123_C2_step2000 12 4 2 0.4278790319804102
seed123_C2_step2000 12 4 3 0.429133458994329
seed123_C2_step2000 12 4 4 0.4316342769889161
seed123_C2_step2000 12 4 5 0.43910431099357083
seed123_C2_step2000 12 4 6 0.44367338402662426
seed123_C2_step2000 12 4 7 0.44212707300903276
seed123_C2_step2000 12 4 8 0.4497831760090776
seed123_C2_step2000 12 4 9 0.4313207980012521
seed123_C2_step2000 12 5 0 0.44130864401813596
seed123_C2_step2000 12 5 1 0.4347029029740952
seed123_C2_step2000 12 5 2 0.4332423700252548
seed123_C2_step2000 12 5 3 0.4387136999866925
seed123_C2_step2000 12 5 4 0.4256665499997325
seed123_C2_step2000 12 5 5 0.4332428359775804
seed123_C2_step2000 12 5 6 0.4550486050429754
seed123_C2_step2000 12 5 7 0.433837921009399
seed123_C2_step2000 12 5 8 0.4340939040412195
seed123_C2_step2000 12 5 9 0.4272035069880076
seed123_C2_step2000 12 6 0 0.44174239004496485
seed123_C2_step2000 12 6 1 0.41653296299045905
seed123_C2_step2000 12 6 2 0.41711290000239387
seed123_C2_step2000 12 6 3 0.4398760920157656
seed123_C2_step2000 12 6 4 0.4159997929818928
seed123_C2_step2000 12 6 5 0.4189520509680733
seed123_C2_step2000 12 6 6 0.42544952197931707
seed123_C2_step2000 12 6 7 0.41880267002852634
seed123_C2_step2000 12 6 8 0.42194378399290144
seed123_C2_step2000 12 6 9 0.43404888903023675
seed123_C2_step2000 12 7 0 0.43678422801895067
seed123_C2_step2000 12 7 1 0.42613740102387965
seed123_C2_step2000 12 7 2 0.4217669590143487
seed123_C2_step2000 12 7 3 0.42394365300424397
seed123_C2_step2000 12 7 4 0.44362216105218977
seed123_C2_step2000 12 7 5 0.4275663220323622
seed123_C2_step2000 12 7 6 0.4296398659935221
seed123_C2_step2000 12 7 7 0.4305907480302267
seed123_C2_step2000 12 7 8 0.4333582099643536
seed123_C2_step2000 12 7 9 0.42383751401212066
seed123_C2_step2000 12 8 0 0.42825952399289235
seed123_C2_step2000 12 8 1 0.448120602988638
seed123_C2_step2000 12 8 2 0.4324150789761916
seed123_C2_step2000 12 8 3 0.4366292270133272
seed123_C2_step2000 12 8 4 0.43208004196640104
seed123_C2_step2000 12 8 5 0.43548954103607684
seed123_C2_step2000 12 8 6 0.43456601997604594
seed123_C2_step2000 12 8 7 0.4434743350138888
seed123_C2_step2000 12 8 8 0.4293071249849163
seed123_C2_step2000 12 8 9 0.43062660802388564
seed123_C2_step2000 12 9 0 0.43976385198766366
seed123_C2_step2000 12 9 1 0.43396312498953193
seed123_C2_step2000 12 9 2 0.42347413301467896
seed123_C2_step2000 12 9 3 0.42698134999955073
seed123_C2_step2000 12 9 4 0.4352131100022234
seed123_C2_step2000 12 9 5 0.4244783850153908
seed123_C2_step2000 12 9 6 0.42971244000364095
seed123_C2_step2000 12 9 7 0.4284678099793382
seed123_C2_step2000 12 9 8 0.42654680903069675
seed123_C2_step2000 12 9 9 0.4270781719824299
seed123_C2_step2000 18 0 0 0.10413322999374941
seed123_C2_step2000 18 0 1 0.10318565397756174
seed123_C2_step2000 18 0 2 0.10651118296664208
seed123_C2_step2000 18 0 3 0.10809545498341322
seed123_C2_step2000 18 0 4 0.10703783697681502
seed123_C2_step2000 18 0 5 0.10290962201543152
seed123_C2_step2000 18 0 6 0.10248817095998675
seed123_C2_step2000 18 0 7 0.10633957001846284
seed123_C2_step2000 18 0 8 0.10098361095879227
seed123_C2_step2000 18 0 9 0.10227956803282723
seed123_C2_step2000 18 1 0 0.10723422502633184
seed123_C2_step2000 18 1 1 0.10248628701083362
seed123_C2_step2000 18 1 2 0.10432074102573097
seed123_C2_step2000 18 1 3 0.10115526098525152
seed123_C2_step2000 18 1 4 0.10107845399761572
seed123_C2_step2000 18 1 5 0.10180120600853115
seed123_C2_step2000 18 1 6 0.10571240202989429
seed123_C2_step2000 18 1 7 0.11386693496024236
seed123_C2_step2000 18 1 8 0.10351584001909941
seed123_C2_step2000 18 1 9 0.10264382901368663
seed123_C2_step2000 18 2 0 0.10065977601334453
seed123_C2_step2000 18 2 1 0.10508319002110511
seed123_C2_step2000 18 2 2 0.10188387503148988
seed123_C2_step2000 18 2 3 0.10036405600840226
seed123_C2_step2000 18 2 4 0.10463086899835616
seed123_C2_step2000 18 2 5 0.1007671530242078
seed123_C2_step2000 18 2 6 0.10160492698196322
seed123_C2_step2000 18 2 7 0.10199513897532597
seed123_C2_step2000 18 2 8 0.10302889096783474
seed123_C2_step2000 18 2 9 0.10158083104761317
seed123_C2_step2000 18 3 0 0.10417250398313627
seed123_C2_step2000 18 3 1 0.10675904795061797
seed123_C2_step2000 18 3 2 0.10380797198740765
seed123_C2_step2000 18 3 3 0.10111156600760296
seed123_C2_step2000 18 3 4 0.10099365998758003
seed123_C2_step2000 18 3 5 0.10099125496344641
seed123_C2_step2000 18 3 6 0.10172041004989296
seed123_C2_step2000 18 3 7 0.10319227498257533
seed123_C2_step2000 18 3 8 0.10465902200667188
seed123_C2_step2000 18 3 9 0.10352092899847776
seed123_C2_step2000 18 4 0 0.10259122803108767
seed123_C2_step2000 18 4 1 0.1009605549625121
seed123_C2_step2000 18 4 2 0.10176039696671069
seed123_C2_step2000 18 4 3 0.10095496400026605
seed123_C2_step2000 18 4 4 0.1020997209707275
seed123_C2_step2000 18 4 5 0.10291823698207736
seed123_C2_step2000 18 4 6 0.10208760597743094
seed123_C2_step2000 18 4 7 0.10133177996613085
seed123_C2_step2000 18 4 8 0.10567299398826435
seed123_C2_step2000 18 4 9 0.10421094798948616
seed123_C2_step2000 18 5 0 0.10289214801741764
seed123_C2_step2000 18 5 1 0.10090256296098232
seed123_C2_step2000 18 5 2 0.10360365797532722
seed123_C2_step2000 18 5 3 0.10208655399037525
seed123_C2_step2000 18 5 4 0.10402674198849127
seed123_C2_step2000 18 5 5 0.10212737298570573
seed123_C2_step2000 18 5 6 0.10328987298998982
seed123_C2_step2000 18 5 7 0.1032058609998785
seed123_C2_step2000 18 5 8 0.10196152300341055
seed123_C2_step2000 18 5 9 0.1028824370005168
seed123_C2_step2000 18 6 0 0.10040296998340636
seed123_C2_step2000 18 6 1 0.10235469997860491
seed123_C2_step2000 18 6 2 0.10450099699664861
seed123_C2_step2000 18 6 3 0.10173794196452945
seed123_C2_step2000 18 6 4 0.10629114595940337
seed123_C2_step2000 18 6 5 0.10631312802433968
seed123_C2_step2000 18 6 6 0.1047086559701711
seed123_C2_step2000 18 6 7 0.10378091799793765
seed123_C2_step2000 18 6 8 0.10040845000185072
seed123_C2_step2000 18 6 9 0.09996103798039258
seed123_C2_step2000 18 7 0 0.09998217900283635
seed123_C2_step2000 18 7 1 0.10234936000779271
seed123_C2_step2000 18 7 2 0.10452416096813977
seed123_C2_step2000 18 7 3 0.10152776696486399
seed123_C2_step2000 18 7 4 0.1000594369834289
seed123_C2_step2000 18 7 5 0.10560587496729568
seed123_C2_step2000 18 7 6 0.10098766500595957
seed123_C2_step2000 18 7 7 0.1042900390457362
seed123_C2_step2000 18 7 8 0.10183830396272242
seed123_C2_step2000 18 7 9 0.10195713402936235
seed123_C2_step2000 18 8 0 0.10203194699715823
seed123_C2_step2000 18 8 1 0.10016423900378868
seed123_C2_step2000 18 8 2 0.10459404496941715
seed123_C2_step2000 18 8 3 0.09997724898857996
seed123_C2_step2000 18 8 4 0.10041981103131548
seed123_C2_step2000 18 8 5 0.10091527597978711
seed123_C2_step2000 18 8 6 0.10185257199918851
seed123_C2_step2000 18 8 7 0.10619260399835184
seed123_C2_step2000 18 8 8 0.10219771700212732
seed123_C2_step2000 18 8 9 0.10357302700867876
seed123_C2_step2000 18 9 0 0.10105032596038654
seed123_C2_step2000 18 9 1 0.1045093410066329
seed123_C2_step2000 18 9 2 0.09966422501020133
seed123_C2_step2000 18 9 3 0.10193466005148366
seed123_C2_step2000 18 9 4 0.10353134601609781
seed123_C2_step2000 18 9 5 0.10399889701511711
seed123_C2_step2000 18 9 6 0.1011315219802782
seed123_C2_step2000 18 9 7 0.10326748696388677
seed123_C2_step2000 18 9 8 0.10015037201810628
seed123_C2_step2000 18 9 9 0.10178767703473568
seed123_C2_step2000 22 0 0 0.017680677003227174
seed123_C2_step2000 22 0 1 0.015228522999677807
seed123_C2_step2000 22 0 2 0.015200849971733987
seed123_C2_step2000 22 0 3 0.015184807998593897
seed123_C2_step2000 22 0 4 0.015207532967906445
seed123_C2_step2000 22 0 5 0.015210516983643174
seed123_C2_step2000 22 0 6 0.01520228199660778
seed123_C2_step2000 22 0 7 0.015220787958242
seed123_C2_step2000 22 0 8 0.015318927995394915
seed123_C2_step2000 22 0 9 0.01520143001107499
seed123_C2_step2000 22 1 0 0.01528384000994265
seed123_C2_step2000 22 1 1 0.015404732956085354
seed123_C2_step2000 22 1 2 0.015439990034792572
seed123_C2_step2000 22 1 3 0.015491298981942236
seed123_C2_step2000 22 1 4 0.01678844797424972
seed123_C2_step2000 22 1 5 0.019484682998154312
seed123_C2_step2000 22 1 6 0.019459355040453374
seed123_C2_step2000 22 1 7 0.019395411014556885
seed123_C2_step2000 22 1 8 0.019396744028199464
seed123_C2_step2000 22 1 9 0.019405440951231867
seed123_C2_step2000 22 2 0 0.01780157000757754
seed123_C2_step2000 22 2 1 0.015230065968353301
seed123_C2_step2000 22 2 2 0.015222802001517266
seed123_C2_step2000 22 2 3 0.015432415006216615
seed123_C2_step2000 22 2 4 0.015407046012114733
seed123_C2_step2000 22 2 5 0.015417938004247844
seed123_C2_step2000 22 2 6 0.015409402025397867
seed123_C2_step2000 22 2 7 0.015388991043437272
seed123_C2_step2000 22 2 8 0.015467163000721484
seed123_C2_step2000 22 2 9 0.015411044005304575
seed123_C2_step2000 22 3 0 0.015421743970364332
seed123_C2_step2000 22 3 1 0.015451932966243476
seed123_C2_step2000 22 3 2 0.01544631301658228
seed123_C2_step2000 22 3 3 0.01535076805157587
seed123_C2_step2000 22 3 4 0.015213713981211185
seed123_C2_step2000 22 3 5 0.01526218798244372
seed123_C2_step2000 22 3 6 0.015584398002829403
seed123_C2_step2000 22 3 7 0.01604377297917381
seed123_C2_step2000 22 3 8 0.015203986025881022
seed123_C2_step2000 22 3 9 0.015202793991193175
seed123_C2_step2000 22 4 0 0.015199255954939872
seed123_C2_step2000 22 4 1 0.015206580050289631
seed123_C2_step2000 22 4 2 0.015195498999673873
seed123_C2_step2000 22 4 3 0.015226158022414893
seed123_C2_step2000 22 4 4 0.016433443990536034
seed123_C2_step2000 22 4 5 0.016023874981328845
seed123_C2_step2000 22 4 6 0.015217900974676013
seed123_C2_step2000 22 4 7 0.016628340003080666
seed123_C2_step2000 22 4 8 0.018615156994201243
seed123_C2_step2000 22 4 9 0.015441353025380522
seed123_C2_step2000 22 5 0 0.015325629035942256
seed123_C2_step2000 22 5 1 0.015440890972968191
seed123_C2_step2000 22 5 2 0.015421084011904895
seed123_C2_step2000 22 5 3 0.0154265440069139
seed123_C2_step2000 22 5 4 0.015453214989975095
seed123_C2_step2000 22 5 5 0.015435240988153964
seed123_C2_step2000 22 5 6 0.015432496031280607
seed123_C2_step2000 22 5 7 0.01823161798529327
seed123_C2_step2000 22 5 8 0.015222791989799589
seed123_C2_step2000 22 5 9 0.015220847970340401
seed123_C2_step2000 22 6 0 0.01522877300158143
seed123_C2_step2000 22 6 1 0.015203232993371785
seed123_C2_step2000 22 6 2 0.015211149002425373
seed123_C2_step2000 22 6 3 0.01521834300365299
seed123_C2_step2000 22 6 4 0.015293436998035759
seed123_C2_step2000 22 6 5 0.015422636992298067
seed123_C2_step2000 22 6 6 0.015463835967238992
seed123_C2_step2000 22 6 7 0.015450870036147535
seed123_C2_step2000 22 6 8 0.015484044968616217
seed123_C2_step2000 22 6 9 0.015343404025770724
seed123_C2_step2000 22 7 0 0.015221940004266798
seed123_C2_step2000 22 7 1 0.015527968993410468
seed123_C2_step2000 22 7 2 0.016289006045553833
seed123_C2_step2000 22 7 3 0.015547406976111233
seed123_C2_step2000 22 7 4 0.0152095360099338
seed123_C2_step2000 22 7 5 0.015538780018687248
seed123_C2_step2000 22 7 6 0.016512846981640905
seed123_C2_step2000 22 7 7 0.01620276999892667
seed123_C2_step2000 22 7 8 0.015228782955091447
seed123_C2_step2000 22 7 9 0.015228051983285695
seed123_C2_step2000 22 8 0 0.01521314203273505
seed123_C2_step2000 22 8 1 0.015223232039716095
seed123_C2_step2000 22 8 2 0.015220767993014306
seed123_C2_step2000 22 8 3 0.015209296019747853
seed123_C2_step2000 22 8 4 0.01521602796856314
seed123_C2_step2000 22 8 5 0.015265013033058494
seed123_C2_step2000 22 8 6 0.015232610050588846
seed123_C2_step2000 22 8 7 0.01518361602211371
seed123_C2_step2000 22 8 8 0.015289028990082443
seed123_C2_step2000 22 8 9 0.01523080701008439
seed123_C2_step2000 22 9 0 0.015211270016152412
seed123_C2_step2000 22 9 1 0.015233291022013873
seed123_C2_step2000 22 9 2 0.01521723996847868
seed123_C2_step2000 22 9 3 0.015239945030771196
seed123_C2_step2000 22 9 4 0.01527657505357638
seed123_C2_step2000 22 9 5 0.01542412000708282
seed123_C2_step2000 22 9 6 0.015399501018691808
seed123_C2_step2000 22 9 7 0.0153424619929865
seed123_C2_step2000 22 9 8 0.015418770024552941
seed123_C2_step2000 22 9 9 0.015372639987617731
seed123_C2_step2000 24 0 0 0.01687109802151099
seed123_C2_step2000 24 0 1 0.016953376994933933
seed123_C2_step2000 24 0 2 0.016949537966866046
seed123_C2_step2000 24 0 3 0.01696224301122129
seed123_C2_step2000 24 0 4 0.016989284951705486
seed123_C2_step2000 24 0 5 0.016983833978883922
seed123_C2_step2000 24 0 6 0.018155422003474087
seed123_C2_step2000 24 0 7 0.021649824979249388
seed123_C2_step2000 24 0 8 0.020309963962063193
seed123_C2_step2000 24 0 9 0.01715543499449268
seed123_C2_step2000 24 1 0 0.020766443049069494
seed123_C2_step2000 24 1 1 0.017119636991992593
seed123_C2_step2000 24 1 2 0.017037046956829727
seed123_C2_step2000 24 1 3 0.016989886993542314
seed123_C2_step2000 24 1 4 0.016955519968178123
seed123_C2_step2000 24 1 5 0.0176656479598023
seed123_C2_step2000 24 1 6 0.018004501005634665
seed123_C2_step2000 24 1 7 0.018001054995693266
seed123_C2_step2000 24 1 8 0.017958954034838825
seed123_C2_step2000 24 1 9 0.01795494498219341
seed123_C2_step2000 24 2 0 0.017734701046720147
seed123_C2_step2000 24 2 1 0.01768446498317644
seed123_C2_step2000 24 2 2 0.01842508203117177
seed123_C2_step2000 24 2 3 0.01887819403782487
seed123_C2_step2000 24 2 4 0.01824639702681452
seed123_C2_step2000 24 2 5 0.017905690998304635
seed123_C2_step2000 24 2 6 0.01788777601905167
seed123_C2_step2000 24 2 7 0.02062973997090012
seed123_C2_step2000 24 2 8 0.0192450619651936
seed123_C2_step2000 24 2 9 0.01818498899228871
seed123_C2_step2000 24 3 0 0.018070188001729548
seed123_C2_step2000 24 3 1 0.018162616004701704
seed123_C2_step2000 24 3 2 0.018339325964916497
seed123_C2_step2000 24 3 3 0.018103822018019855
seed123_C2_step2000 24 3 4 0.01777470897650346
seed123_C2_step2000 24 3 5 0.017865954956505448
seed123_C2_step2000 24 3 6 0.019752478983718902
seed123_C2_step2000 24 3 7 0.01846291497349739
seed123_C2_step2000 24 3 8 0.01758867100579664
seed123_C2_step2000 24 3 9 0.019008045026566833
seed123_C2_step2000 24 4 0 0.0171466669999063
seed123_C2_step2000 24 4 1 0.018346108961850405
seed123_C2_step2000 24 4 2 0.01730717800091952
seed123_C2_step2000 24 4 3 0.017200271016918123
seed123_C2_step2000 24 4 4 0.017295235011260957
seed123_C2_step2000 24 4 5 0.017444651981350034
seed123_C2_step2000 24 4 6 0.01735631300834939
seed123_C2_step2000 24 4 7 0.017262189998291433
seed123_C2_step2000 24 4 8 0.0173698189901188
seed123_C2_step2000 24 4 9 0.017022680025547743
seed123_C2_step2000 24 5 0 0.01789109199307859
seed123_C2_step2000 24 5 1 0.017298741964623332
seed123_C2_step2000 24 5 2 0.017378374002873898
seed123_C2_step2000 24 5 3 0.01929431699682027
seed123_C2_step2000 24 5 4 0.017238875036127865
seed123_C2_step2000 24 5 5 0.017227694974280894
seed123_C2_step2000 24 5 6 0.01727806101553142
seed123_C2_step2000 24 5 7 0.017232363985385746
seed123_C2_step2000 24 5 8 0.017253093945328146
seed123_C2_step2000 24 5 9 0.017221792950294912
seed123_C2_step2000 24 6 0 0.01721188402734697
seed123_C2_step2000 24 6 1 0.017259986023418605
seed123_C2_step2000 24 6 2 0.017176706984173506
seed123_C2_step2000 24 6 3 0.017568571027368307
seed123_C2_step2000 24 6 4 0.01859738299390301
seed123_C2_step2000 24 6 5 0.019330136012285948
seed123_C2_step2000 24 6 6 0.018682255991734564
seed123_C2_step2000 24 6 7 0.021088944980874658
seed123_C2_step2000 24 6 8 0.01752778299851343
seed123_C2_step2000 24 6 9 0.017538222018629313
seed123_C2_step2000 24 7 0 0.017452657979447395
seed123_C2_step2000 24 7 1 0.0176073259790428
seed123_C2_step2000 24 7 2 0.017542341025546193
seed123_C2_step2000 24 7 3 0.017790157988201827
seed123_C2_step2000 24 7 4 0.017213115992490202
seed123_C2_step2000 24 7 5 0.017257522034924477
seed123_C2_step2000 24 7 6 0.017270285985432565
seed123_C2_step2000 24 7 7 0.017226351948920637
seed123_C2_step2000 24 7 8 0.017201602982822806
seed123_C2_step2000 24 7 9 0.017238817003089935
seed123_C2_step2000 24 8 0 0.017239948036149144
seed123_C2_step2000 24 8 1 0.017221121990587562
seed123_C2_step2000 24 8 2 0.0171944199828431
seed123_C2_step2000 24 8 3 0.017233245016541332
seed123_C2_step2000 24 8 4 0.01724768301937729
seed123_C2_step2000 24 8 5 0.017197155044414103
seed123_C2_step2000 24 8 6 0.017207405995577574
seed123_C2_step2000 24 8 7 0.01728629699209705
seed123_C2_step2000 24 8 8 0.017322478001005948
seed123_C2_step2000 24 8 9 0.017252962046768516
seed123_C2_step2000 24 9 0 0.017225931049324572
seed123_C2_step2000 24 9 1 0.017215461004525423
seed123_C2_step2000 24 9 2 0.01723779400344938
seed123_C2_step2000 24 9 3 0.01734900800511241
seed123_C2_step2000 24 9 4 0.01787168497685343
seed123_C2_step2000 24 9 5 0.017587047012057155
seed123_C2_step2000 24 9 6 0.019752639054786414
seed123_C2_step2000 24 9 7 0.020201774954330176
seed123_C2_step2000 24 9 8 0.01712421595584601
seed123_C2_step2000 24 9 9 0.018556244031060487
seed123_C2_step2000 30 0 0 0.02920710702892393
seed123_C2_step2000 30 0 1 0.029301177011802793
seed123_C2_step2000 30 0 2 0.02629100700141862
seed123_C2_step2000 30 0 3 0.026391630992293358
seed123_C2_step2000 30 0 4 0.02639169100439176
seed123_C2_step2000 30 0 5 0.02629412297392264
seed123_C2_step2000 30 0 6 0.027184969978407025
seed123_C2_step2000 30 0 7 0.02695267298258841
seed123_C2_step2000 30 0 8 0.0268591619678773
seed123_C2_step2000 30 0 9 0.0272768969880417
seed123_C2_step2000 30 1 0 0.026716697961091995
seed123_C2_step2000 30 1 1 0.02704643300967291
seed123_C2_step2000 30 1 2 0.027164629951585084
seed123_C2_step2000 30 1 3 0.027843668998684734
seed123_C2_step2000 30 1 4 0.03278979903552681
seed123_C2_step2000 30 1 5 0.033667200012132525
seed123_C2_step2000 30 1 6 0.03696229896740988
seed123_C2_step2000 30 1 7 0.02764970500720665
seed123_C2_step2000 30 1 8 0.028176219027955085
seed123_C2_step2000 30 1 9 0.02874253096524626
seed123_C2_step2000 30 2 0 0.028058323019649833
seed123_C2_step2000 30 2 1 0.028044365986716002
seed123_C2_step2000 30 2 2 0.027617532992735505
seed123_C2_step2000 30 2 3 0.031119641033001244
seed123_C2_step2000 30 2 4 0.03113027202198282
seed123_C2_step2000 30 2 5 0.02900045900605619
seed123_C2_step2000 30 2 6 0.030825213994830847
seed123_C2_step2000 30 2 7 0.02891625597840175
seed123_C2_step2000 30 2 8 0.029687913018278778
seed123_C2_step2000 30 2 9 0.028118868998717517
seed123_C2_step2000 30 3 0 0.028339865035377443
seed123_C2_step2000 30 3 1 0.030675244983285666
seed123_C2_step2000 30 3 2 0.030257078993599862
seed123_C2_step2000 30 3 3 0.027267900004517287
seed123_C2_step2000 30 3 4 0.027236909023486078
seed123_C2_step2000 30 3 5 0.02827556198462844
seed123_C2_step2000 30 3 6 0.030088423984125257
seed123_C2_step2000 30 3 7 0.028165679948870093
seed123_C2_step2000 30 3 8 0.02777930599404499
seed123_C2_step2000 30 3 9 0.026870804955251515
seed123_C2_step2000 30 4 0 0.02671808103332296
seed123_C2_step2000 30 4 1 0.026790058007463813
seed123_C2_step2000 30 4 2 0.027408760972321033
seed123_C2_step2000 30 4 3 0.02892265800619498
seed123_C2_step2000 30 4 4 0.02710781100904569
seed123_C2_step2000 30 4 5 0.02771749597741291
seed123_C2_step2000 30 4 6 0.02710591902723536
seed123_C2_step2000 30 4 7 0.02729443000862375
seed123_C2_step2000 30 4 8 0.03029285802040249
seed123_C2_step2000 30 4 9 0.02649075200315565
seed123_C2_step2000 30 5 0 0.026555055985227227
seed123_C2_step2000 30 5 1 0.02649238600861281
seed123_C2_step2000 30 5 2 0.026369569008238614
seed123_C2_step2000 30 5 3 0.02660630497848615
seed123_C2_step2000 30 5 4 0.026957691996358335
seed123_C2_step2000 30 5 5 0.02711903303861618
seed123_C2_step2000 30 5 6 0.0290730869746767
seed123_C2_step2000 30 5 7 0.02675339800771326
seed123_C2_step2000 30 5 8 0.027300212008412927
seed123_C2_step2000 30 5 9 0.027302166970912367
seed123_C2_step2000 30 6 0 0.02706474799197167
seed123_C2_step2000 30 6 1 0.031116744969040155
seed123_C2_step2000 30 6 2 0.028241566033102572
seed123_C2_step2000 30 6 3 0.026829134032595903
seed123_C2_step2000 30 6 4 0.028125953976996243
seed123_C2_step2000 30 6 5 0.02759413799503818
seed123_C2_step2000 30 6 6 0.02700798900332302
seed123_C2_step2000 30 6 7 0.027011345024220645
seed123_C2_step2000 30 6 8 0.029243515979032964
seed123_C2_step2000 30 6 9 0.03362775401910767
seed123_C2_step2000 30 7 0 0.034650904999580234
seed123_C2_step2000 30 7 1 0.028259058948606253
seed123_C2_step2000 30 7 2 0.027058727049734443
seed123_C2_step2000 30 7 3 0.02669408399378881
seed123_C2_step2000 30 7 4 0.02629514498403296
seed123_C2_step2000 30 7 5 0.02662094298284501
seed123_C2_step2000 30 7 6 0.026506631984375417
seed123_C2_step2000 30 7 7 0.026561108010355383
seed123_C2_step2000 30 7 8 0.026693663035985082
seed123_C2_step2000 30 7 9 0.028753532038535923
seed123_C2_step2000 30 8 0 0.027623794972896576
seed123_C2_step2000 30 8 1 0.030269803013652563
seed123_C2_step2000 30 8 2 0.027518322982359678
seed123_C2_step2000 30 8 3 0.02833403297699988
seed123_C2_step2000 30 8 4 0.028077989991288632
seed123_C2_step2000 30 8 5 0.026768126990646124
seed123_C2_step2000 30 8 6 0.026881344034336507
seed123_C2_step2000 30 8 7 0.026514877972658724
seed123_C2_step2000 30 8 8 0.02684561599744484
seed123_C2_step2000 30 8 9 0.02727355097886175
seed123_C2_step2000 30 9 0 0.027263141004368663
seed123_C2_step2000 30 9 1 0.02710402401862666
seed123_C2_step2000 30 9 2 0.027289320016279817
seed123_C2_step2000 30 9 3 0.02709089795826003
seed123_C2_step2000 30 9 4 0.026973401953000575
seed123_C2_step2000 30 9 5 0.027241569012403488
seed123_C2_step2000 30 9 6 0.027016676031053066
seed123_C2_step2000 30 9 7 0.029237374023068696
seed123_C2_step2000 30 9 8 0.027481071010697633
seed123_C2_step2000 30 9 9 0.026854261988773942
seed123_C2_step2000 33 0 0 0.0066271990071982145
seed123_C2_step2000 33 0 1 0.00604477699380368
seed123_C2_step2000 33 0 2 0.0060845339903607965
seed123_C2_step2000 33 0 3 0.005981435009744018
seed123_C2_step2000 33 0 4 0.006086456996854395
seed123_C2_step2000 33 0 5 0.006075505982153118
seed123_C2_step2000 33 0 6 0.005914887005928904
seed123_C2_step2000 33 0 7 0.005958570982329547
seed123_C2_step2000 33 0 8 0.005902783013880253
seed123_C2_step2000 33 0 9 0.0059428500244393945
seed123_C2_step2000 33 1 0 0.005913494038395584
seed123_C2_step2000 33 1 1 0.005927239952143282
seed123_C2_step2000 33 1 2 0.005949363054241985
seed123_C2_step2000 33 1 3 0.006048574985470623
seed123_C2_step2000 33 1 4 0.00593512604245916
seed123_C2_step2000 33 1 5 0.005911740998271853
seed123_C2_step2000 33 1 6 0.005904707009904087
seed123_C2_step2000 33 1 7 0.0058884769678115845
seed123_C2_step2000 33 1 8 0.006058392988052219
seed123_C2_step2000 33 1 9 0.005942490010056645
seed123_C2_step2000 33 2 0 0.005912352004088461
seed123_C2_step2000 33 2 1 0.0059159190277569
seed123_C2_step2000 33 2 2 0.0059258779510855675
seed123_C2_step2000 33 2 3 0.005880119977518916
seed123_C2_step2000 33 2 4 0.0059427000232972205
seed123_C2_step2000 33 2 5 0.006008155993185937
seed123_C2_step2000 33 2 6 0.006340296007692814
seed123_C2_step2000 33 2 7 0.005909605999477208
seed123_C2_step2000 33 2 8 0.006027613999322057
seed123_C2_step2000 33 2 9 0.0059541320079006255
seed123_C2_step2000 33 3 0 0.005955766013357788
seed123_C2_step2000 33 3 1 0.006013407022692263
seed123_C2_step2000 33 3 2 0.005982246017083526
seed123_C2_step2000 33 3 3 0.0059866450028494
seed123_C2_step2000 33 3 4 0.0060387360281310976
seed123_C2_step2000 33 3 5 0.00594329199520871
seed123_C2_step2000 33 3 6 0.005944262957200408
seed123_C2_step2000 33 3 7 0.005962789000477642
seed123_C2_step2000 33 3 8 0.00593788200058043
seed123_C2_step2000 33 3 9 0.005914665991440415
seed123_C2_step2000 33 4 0 0.00600142398616299
seed123_C2_step2000 33 4 1 0.005968088982626796
seed123_C2_step2000 33 4 2 0.005960403999779373
seed123_C2_step2000 33 4 3 0.0060080160037614405
seed123_C2_step2000 33 4 4 0.005943852011114359
seed123_C2_step2000 33 4 5 0.005952849984169006
seed123_C2_step2000 33 4 6 0.005944783973973244
seed123_C2_step2000 33 4 7 0.005938962975051254
seed123_C2_step2000 33 4 8 0.0059537210036069155
seed123_C2_step2000 33 4 9 0.005988949036691338
seed123_C2_step2000 33 5 0 0.005949774000328034
seed123_C2_step2000 33 5 1 0.005926298967096955
seed123_C2_step2000 33 5 2 0.005986725038383156
seed123_C2_step2000 33 5 3 0.005967608012724668
seed123_C2_step2000 33 5 4 0.005995983025059104
seed123_C2_step2000 33 5 5 0.005992736027110368
seed123_C2_step2000 33 5 6 0.005976254993584007
seed123_C2_step2000 33 5 7 0.005991404002998024
seed123_C2_step2000 33 5 8 0.006007365009281784
seed123_C2_step2000 33 5 9 0.006004369992297143
seed123_C2_step2000 33 6 0 0.005944544041994959
seed123_C2_step2000 33 6 1 0.006016422004904598
seed123_C2_step2000 33 6 2 0.006230484985280782
seed123_C2_step2000 33 6 3 0.008146064996253699
seed123_C2_step2000 33 6 4 0.008062143984716386
seed123_C2_step2000 33 6 5 0.007049884006846696
seed123_C2_step2000 33 6 6 0.005935196008067578
seed123_C2_step2000 33 6 7 0.00595395197160542
seed123_C2_step2000 33 6 8 0.005933952983468771
seed123_C2_step2000 33 6 9 0.0059401559992693365
seed123_C2_step2000 33 7 0 0.0059437130112200975
seed123_C2_step2000 33 7 1 0.005929694976657629
seed123_C2_step2000 33 7 2 0.005981063994113356
seed123_C2_step2000 33 7 3 0.005922651966102421
seed123_C2_step2000 33 7 4 0.006075285957194865
seed123_C2_step2000 33 7 5 0.005967567965853959
seed123_C2_step2000 33 7 6 0.00600044202292338
seed123_C2_step2000 33 7 7 0.005902111995965242
seed123_C2_step2000 33 7 8 0.00590420700609684
seed123_C2_step2000 33 7 9 0.0059481909847818315
seed123_C2_step2000 33 8 0 0.005930816987529397
seed123_C2_step2000 33 8 1 0.0059455460286699235
seed123_C2_step2000 33 8 2 0.006061980035156012
seed123_C2_step2000 33 8 3 0.005958911031484604
seed123_C2_step2000 33 8 4 0.006063863984309137
seed123_C2_step2000 33 8 5 0.006067509995773435
seed123_C2_step2000 33 8 6 0.005931638996116817
seed123_C2_step2000 33 8 7 0.00595271895872429
seed123_C2_step2000 33 8 8 0.0059134739567525685
seed123_C2_step2000 33 8 9 0.005940105998888612
seed123_C2_step2000 33 9 0 0.006093982025049627
seed123_C2_step2000 33 9 1 0.0059579500230029225
seed123_C2_step2000 33 9 2 0.0059633300406858325
seed123_C2_step2000 33 9 3 0.006375524040777236
seed123_C2_step2000 33 9 4 0.006038023973815143
seed123_C2_step2000 33 9 5 0.005969021003693342
seed123_C2_step2000 33 9 6 0.0059651940246112645
seed123_C2_step2000 33 9 7 0.005996664986014366
seed123_C2_step2000 33 9 8 0.005988789023831487
seed123_C2_step2000 33 9 9 0.0061730940360575914
seed123_C2_step2000 36 0 0 0.006599324988201261
seed123_C2_step2000 36 0 1 0.006541906041093171
seed123_C2_step2000 36 0 2 0.006523919990286231
seed123_C2_step2000 36 0 3 0.006583265028893948
seed123_C2_step2000 36 0 4 0.19837433396605775
seed123_C2_step2000 36 0 5 0.006655343982856721
seed123_C2_step2000 36 0 6 0.006601739965844899
seed123_C2_step2000 36 0 7 0.006719146971590817
seed123_C2_step2000 36 0 8 0.006448285013902932
seed123_C2_step2000 36 0 9 0.0064541160245426
seed123_C2_step2000 36 1 0 0.0064785529975779355
seed123_C2_step2000 36 1 1 0.0065104340319521725
seed123_C2_step2000 36 1 2 0.006490485975518823
seed123_C2_step2000 36 1 3 0.0064691040315665305
seed123_C2_step2000 36 1 4 0.0064972989493981
seed123_C2_step2000 36 1 5 0.006494342989753932
seed123_C2_step2000 36 1 6 0.00648598704719916
seed123_C2_step2000 36 1 7 0.00651966204168275
seed123_C2_step2000 36 1 8 0.006490716012194753
seed123_C2_step2000 36 1 9 0.0065047829994000494
seed123_C2_step2000 36 2 0 0.006485846999567002
seed123_C2_step2000 36 2 1 0.006470468011684716
seed123_C2_step2000 36 2 2 0.0065191309549845755
seed123_C2_step2000 36 2 3 0.006445769977290183
seed123_C2_step2000 36 2 4 0.0074791209772229195
seed123_C2_step2000 36 2 5 0.0065151340095326304
seed123_C2_step2000 36 2 6 0.006426682986784726
seed123_C2_step2000 36 2 7 0.0065069569973275065
seed123_C2_step2000 36 2 8 0.006522546987980604
seed123_C2_step2000 36 2 9 0.006647989037446678
seed123_C2_step2000 36 3 0 0.006459155003540218
seed123_C2_step2000 36 3 1 0.006632539036218077
seed123_C2_step2000 36 3 2 0.0065294509986415505
seed123_C2_step2000 36 3 3 0.006496196030639112
seed123_C2_step2000 36 3 4 0.006513059022836387
seed123_C2_step2000 36 3 5 0.0064912569941952825
seed123_C2_step2000 36 3 6 0.006576512008905411
seed123_C2_step2000 36 3 7 0.006683186977170408
seed123_C2_step2000 36 3 8 0.006454535992816091
seed123_C2_step2000 36 3 9 0.006513470027130097
seed123_C2_step2000 36 4 0 0.006879023974761367
seed123_C2_step2000 36 4 1 0.006765004945918918
seed123_C2_step2000 36 4 2 0.006733883987180889
seed123_C2_step2000 36 4 3 0.006858645007014275
seed123_C2_step2000 36 4 4 0.006934882025234401
seed123_C2_step2000 36 4 5 0.006714576971717179
seed123_C2_step2000 36 4 6 0.006754864996764809
seed123_C2_step2000 36 4 7 0.006698215962387621
seed123_C2_step2000 36 4 8 0.006702365004457533
seed123_C2_step2000 36 4 9 0.006704607978463173
seed123_C2_step2000 36 5 0 0.006769373954739422
seed123_C2_step2000 36 5 1 0.0072300100000575185
seed123_C2_step2000 36 5 2 0.00673329399432987
seed123_C2_step2000 36 5 3 0.006628722010646015
seed123_C2_step2000 36 5 4 0.00662174797616899
seed123_C2_step2000 36 5 5 0.006539491005241871
seed123_C2_step2000 36 5 6 0.006765115016605705
seed123_C2_step2000 36 5 7 0.006528439000248909
seed123_C2_step2000 36 5 8 0.0067031250218860805
seed123_C2_step2000 36 5 9 0.0067191559937782586
seed123_C2_step2000 36 6 0 0.006505294004455209
seed123_C2_step2000 36 6 1 0.006794611981604248
seed123_C2_step2000 36 6 2 0.0068216039799153805
seed123_C2_step2000 36 6 3 0.0065035909647122025
seed123_C2_step2000 36 6 4 0.006520733993966132
seed123_C2_step2000 36 6 5 0.00655607198132202
seed123_C2_step2000 36 6 6 0.00697985797887668
seed123_C2_step2000 36 6 7 0.006521355011500418
seed123_C2_step2000 36 6 8 0.006556303007528186
seed123_C2_step2000 36 6 9 0.006477140006609261
seed123_C2_step2000 36 7 0 0.0064987110090442
seed123_C2_step2000 36 7 1 0.007191626995336264
seed123_C2_step2000 36 7 2 0.009961953968741
seed123_C2_step2000 36 7 3 0.00996496097650379
seed123_C2_step2000 36 7 4 0.00929333601379767
seed123_C2_step2000 36 7 5 0.008013990998733789
seed123_C2_step2000 36 7 6 0.007503818022087216
seed123_C2_step2000 36 7 7 0.007454904029145837
seed123_C2_step2000 36 7 8 0.007335193979088217
seed123_C2_step2000 36 7 9 0.0072312430129386485
seed123_C2_step2000 36 8 0 0.007334741996601224
seed123_C2_step2000 36 8 1 0.007045846024993807
seed123_C2_step2000 36 8 2 0.007345773978158832
seed123_C2_step2000 36 8 3 0.0070162389893084764
seed123_C2_step2000 36 8 4 0.007560247031506151
seed123_C2_step2000 36 8 5 0.0073386699659749866
seed123_C2_step2000 36 8 6 0.0072915490018203855
seed123_C2_step2000 36 8 7 0.0073031319770962
seed123_C2_step2000 36 8 8 0.007362364965956658
seed123_C2_step2000 36 8 9 0.007153263024520129
seed123_C2_step2000 36 9 0 0.006487080012448132
seed123_C2_step2000 36 9 1 0.006699018005747348
seed123_C2_step2000 36 9 2 0.006462652003392577
seed123_C2_step2000 36 9 3 0.006589476019144058
seed123_C2_step2000 36 9 4 0.00649752898607403
seed123_C2_step2000 36 9 5 0.006506426027044654
seed123_C2_step2000 36 9 6 0.006659110018517822
seed123_C2_step2000 36 9 7 0.006575860024895519
seed123_C2_step2000 36 9 8 0.006489043007604778
seed123_C2_step2000 36 9 9 0.0065138309728354216
seed123_C2_step2000 40 0 0 0.004150927998125553
seed123_C2_step2000 40 0 1 0.004332828044425696
seed123_C2_step2000 40 0 2 0.0049812180222943425
seed123_C2_step2000 40 0 3 0.004025586997158825
seed123_C2_step2000 40 0 4 0.0038682330050505698
seed123_C2_step2000 40 0 5 0.003991842037066817
seed123_C2_step2000 40 0 6 0.004008062998764217
seed123_C2_step2000 40 0 7 0.004191596002783626
seed123_C2_step2000 40 0 8 0.003883712983224541
seed123_C2_step2000 40 0 9 0.004115550022106618
seed123_C2_step2000 40 1 0 0.003844277001917362
seed123_C2_step2000 40 1 1 0.004027850984130055
seed123_C2_step2000 40 1 2 0.003967144002672285
seed123_C2_step2000 40 1 3 0.003943267976865172
seed123_C2_step2000 40 1 4 0.004207246005535126
seed123_C2_step2000 40 1 5 0.0038022659718990326
seed123_C2_step2000 40 1 6 0.003970970981754363
seed123_C2_step2000 40 1 7 0.003810411028098315
seed123_C2_step2000 40 1 8 0.003937677014619112
seed123_C2_step2000 40 1 9 0.0040736180380918086
seed123_C2_step2000 40 2 0 0.004241853021085262
seed123_C2_step2000 40 2 1 0.003835270006675273
seed123_C2_step2000 40 2 2 0.003988615004345775
seed123_C2_step2000 40 2 3 0.003892318985890597
seed123_C2_step2000 40 2 4 0.004012171004433185
seed123_C2_step2000 40 2 5 0.003907378006260842
seed123_C2_step2000 40 2 6 0.00410187296802178
seed123_C2_step2000 40 2 7 0.003986611030995846
seed123_C2_step2000 40 2 8 0.00398377503734082
seed123_C2_step2000 40 2 9 0.003832684946246445
seed123_C2_step2000 40 3 0 0.00395551195833832
seed123_C2_step2000 40 3 1 0.003850748995319009
seed123_C2_step2000 40 3 2 0.003978947002906352
seed123_C2_step2000 40 3 3 0.004135318042244762
seed123_C2_step2000 40 3 4 0.004067126021254808
seed123_C2_step2000 40 3 5 0.003931685001589358
seed123_C2_step2000 40 3 6 0.003804209001827985
seed123_C2_step2000 40 3 7 0.003946094017010182
seed123_C2_step2000 40 3 8 0.0038190389750525355
seed123_C2_step2000 40 3 9 0.0038083779509179294
seed123_C2_step2000 40 4 0 0.003836120944470167
seed123_C2_step2000 40 4 1 0.003838706004898995
seed123_C2_step2000 40 4 2 0.0038966279826126993
seed123_C2_step2000 40 4 3 0.003825221036095172
seed123_C2_step2000 40 4 4 0.0038368719979189336
seed123_C2_step2000 40 4 5 0.003908811020664871
seed123_C2_step2000 40 4 6 0.003861831035465002
seed123_C2_step2000 40 4 7 0.003837914962787181
seed123_C2_step2000 40 4 8 0.0038313419790938497
seed123_C2_step2000 40 4 9 0.0038369230460375547
seed123_C2_step2000 40 5 0 0.003841491008643061
seed123_C2_step2000 40 5 1 0.003821082995273173
seed123_C2_step2000 40 5 2 0.0038338579470291734
seed123_C2_step2000 40 5 3 0.0038256910047493875
seed123_C2_step2000 40 5 4 0.003845309023745358
seed123_C2_step2000 40 5 5 0.0038527940050698817
seed123_C2_step2000 40 5 6 0.0038310320232994854
seed123_C2_step2000 40 5 7 0.0038306699716486037
seed123_C2_step2000 40 5 8 0.0038447279948741198
seed123_C2_step2000 40 5 9 0.0038552379701286554
seed123_C2_step2000 40 6 0 0.0038294190308079123
seed123_C2_step2000 40 6 1 0.0038134169881232083
seed123_C2_step2000 40 6 2 0.0038091590395197272
seed123_C2_step2000 40 6 3 0.003847141982987523
seed123_C2_step2000 40 6 4 0.003830290981568396
seed123_C2_step2000 40 6 5 0.003807385975960642
seed123_C2_step2000 40 6 6 0.003818818018771708
seed123_C2_step2000 40 6 7 0.0038011239957995713
seed123_C2_step2000 40 6 8 0.003830740984994918
seed123_C2_step2000 40 6 9 0.0038629030459560454
seed123_C2_step2000 40 7 0 0.003818177036009729
seed123_C2_step2000 40 7 1 0.003830330038908869
seed123_C2_step2000 40 7 2 0.003833716968074441
seed123_C2_step2000 40 7 3 0.003821824037004262
seed123_C2_step2000 40 7 4 0.0038034889730624855
seed123_C2_step2000 40 7 5 0.0038108930457383394
seed123_C2_step2000 40 7 6 0.0038216030225157738
seed123_C2_step2000 40 7 7 0.0038165029836818576
seed123_C2_step2000 40 7 8 0.0038315930287353694
seed123_C2_step2000 40 7 9 0.003810470981989056
seed123_C2_step2000 40 8 0 0.003884123987518251
seed123_C2_step2000 40 8 1 0.0038167849997989833
seed123_C2_step2000 40 8 2 0.003829407971352339
seed123_C2_step2000 40 8 3 0.0038080280064605176
seed123_C2_step2000 40 8 4 0.0038340379833243787
seed123_C2_step2000 40 8 5 0.003833385999314487
seed123_C2_step2000 40 8 6 0.0038162730052135885
seed123_C2_step2000 40 8 7 0.0038228959892876446
seed123_C2_step2000 40 8 8 0.00383038999279961
seed123_C2_step2000 40 8 9 0.0038353700074367225
seed123_C2_step2000 40 9 0 0.0038044099928811193
seed123_C2_step2000 40 9 1 0.003802156017627567
seed123_C2_step2000 40 9 2 0.00381985999410972
seed123_C2_step2000 40 9 3 0.0038116039941087365
seed123_C2_step2000 40 9 4 0.0038296689745038748
seed123_C2_step2000 40 9 5 0.00380647397832945
seed123_C2_step2000 40 9 6 0.0038230460486374795
seed123_C2_step2000 40 9 7 0.003831232024822384
seed123_C2_step2000 40 9 8 0.0038210820057429373
seed123_C2_step2000 40 9 9 0.003823556995484978
seed123_C2_step2000 47 0 0 0.06263518502237275
seed123_C2_step2000 47 0 1 0.0626727570197545
seed123_C2_step2000 47 0 2 0.0731525780283846
seed123_C2_step2000 47 0 3 0.058682186994701624
seed123_C2_step2000 47 0 4 0.05843785696197301
seed123_C2_step2000 47 0 5 0.05836587800877169
seed123_C2_step2000 47 0 6 0.05869098496623337
seed123_C2_step2000 47 0 7 0.05868814798304811
seed123_C2_step2000 47 0 8 0.061852817016188055
seed123_C2_step2000 47 0 9 0.05890520702814683
seed123_C2_step2000 47 1 0 0.058874637994449586
seed123_C2_step2000 47 1 1 0.05917514697648585
seed123_C2_step2000 47 1 2 0.05954674398526549
seed123_C2_step2000 47 1 3 0.05973359401104972
seed123_C2_step2000 47 1 4 0.060231691983062774
seed123_C2_step2000 47 1 5 0.06777131097624078
seed123_C2_step2000 47 1 6 0.07046917895786464
seed123_C2_step2000 47 1 7 0.059514601016417146
seed123_C2_step2000 47 1 8 0.06042935396544635
seed123_C2_step2000 47 1 9 0.062228451017290354
seed123_C2_step2000 47 2 0 0.06200560100842267
seed123_C2_step2000 47 2 1 0.06076182401739061
seed123_C2_step2000 47 2 2 0.060257873963564634
seed123_C2_step2000 47 2 3 0.05992135498672724
seed123_C2_step2000 47 2 4 0.05907324096187949
seed123_C2_step2000 47 2 5 0.05880503501975909
seed123_C2_step2000 47 2 6 0.05950350995408371
seed123_C2_step2000 47 2 7 0.06803449703147635
seed123_C2_step2000 47 2 8 0.0598728820332326
seed123_C2_step2000 47 2 9 0.05931404500734061
seed123_C2_step2000 47 3 0 0.06253342801937833
seed123_C2_step2000 47 3 1 0.06453598698135465
seed123_C2_step2000 47 3 2 0.05983116099378094
seed123_C2_step2000 47 3 3 0.059028564020991325
seed123_C2_step2000 47 3 4 0.059751547989435494
seed123_C2_step2000 47 3 5 0.05898125399835408
seed123_C2_step2000 47 3 6 0.060516460973303765
seed123_C2_step2000 47 3 7 0.06006104400148615
seed123_C2_step2000 47 3 8 0.05926581204403192
seed123_C2_step2000 47 3 9 0.05960167903685942
seed123_C2_step2000 47 4 0 0.06887397496029735
seed123_C2_step2000 47 4 1 0.07552968803793192
seed123_C2_step2000 47 4 2 0.07518243999220431
seed123_C2_step2000 47 4 3 0.060954765998758376
seed123_C2_step2000 47 4 4 0.059497017005924135
seed123_C2_step2000 47 4 5 0.05955074104713276
seed123_C2_step2000 47 4 6 0.060118755034636706
seed123_C2_step2000 47 4 7 0.05993788701016456
seed123_C2_step2000 47 4 8 0.05904284300049767
seed123_C2_step2000 47 4 9 0.062054946029093117
seed123_C2_step2000 47 5 0 0.058787179994396865
seed123_C2_step2000 47 5 1 0.05928981798933819
seed123_C2_step2000 47 5 2 0.058724617992993444
seed123_C2_step2000 47 5 3 0.059050887008197606
seed123_C2_step2000 47 5 4 0.059245612006634474
seed123_C2_step2000 47 5 5 0.05971928400686011
seed123_C2_step2000 47 5 6 0.05900237400783226
seed123_C2_step2000 47 5 7 0.06061726500047371
seed123_C2_step2000 47 5 8 0.06019805697724223
seed123_C2_step2000 47 5 9 0.05967460898682475
seed123_C2_step2000 47 6 0 0.05969977704808116
seed123_C2_step2000 47 6 1 0.05985351395793259
seed123_C2_step2000 47 6 2 0.06009418802568689
seed123_C2_step2000 47 6 3 0.05986655899323523
seed123_C2_step2000 47 6 4 0.0630859830416739
seed123_C2_step2000 47 6 5 0.05917246203171089
seed123_C2_step2000 47 6 6 0.05943661101628095
seed123_C2_step2000 47 6 7 0.059470085019711405
seed123_C2_step2000 47 6 8 0.06061957898782566
seed123_C2_step2000 47 6 9 0.05907339102122933
seed123_C2_step2000 47 7 0 0.05920374201377854
seed123_C2_step2000 47 7 1 0.0588556700386107
seed123_C2_step2000 47 7 2 0.06033100403146818
seed123_C2_step2000 47 7 3 0.061180830001831055
seed123_C2_step2000 47 7 4 0.06078976800199598
seed123_C2_step2000 47 7 5 0.06126122595742345
seed123_C2_step2000 47 7 6 0.060325381986331195
seed123_C2_step2000 47 7 7 0.060130237019620836
seed123_C2_step2000 47 7 8 0.060001509031280875
seed123_C2_step2000 47 7 9 0.06176267197588459
seed123_C2_step2000 47 8 0 0.05946314096217975
seed123_C2_step2000 47 8 1 0.06032110401429236
seed123_C2_step2000 47 8 2 0.0603316740016453
seed123_C2_step2000 47 8 3 0.059426701976917684
seed123_C2_step2000 47 8 4 0.05910249595763162
seed123_C2_step2000 47 8 5 0.059571028978098184
seed123_C2_step2000 47 8 6 0.059313733014278114
seed123_C2_step2000 47 8 7 0.05906097701517865
seed123_C2_step2000 47 8 8 0.0638459250330925
seed123_C2_step2000 47 8 9 0.06086164602311328
seed123_C2_step2000 47 9 0 0.06085908098611981
seed123_C2_step2000 47 9 1 0.06310369598213583
seed123_C2_step2000 47 9 2 0.06150200898991898
seed123_C2_step2000 47 9 3 0.06520751904463395
seed123_C2_step2000 47 9 4 0.06288014497840777
seed123_C2_step2000 47 9 5 0.05974026501644403
seed123_C2_step2000 47 9 6 0.062185727001633495
seed123_C2_step2000 47 9 7 0.05891808000160381
seed123_C2_step2000 47 9 8 0.05944673903286457
seed123_C2_step2000 47 9 9 0.05878273001872003
seed123_C2_step2000 51 0 0 0.023671508999541402
seed123_C2_step2000 51 0 1 0.022875264985486865
seed123_C2_step2000 51 0 2 0.022484562010504305
seed123_C2_step2000 51 0 3 0.022337628004606813
seed123_C2_step2000 51 0 4 0.022335916000884026
seed123_C2_step2000 51 0 5 0.023511842009611428
seed123_C2_step2000 51 0 6 0.023761472024489194
seed123_C2_step2000 51 0 7 0.02260471397312358
seed123_C2_step2000 51 0 8 0.022433313948567957
seed123_C2_step2000 51 0 9 0.022464543988462538
seed123_C2_step2000 51 1 0 0.022560347977560014
seed123_C2_step2000 51 1 1 0.02251532202353701
seed123_C2_step2000 51 1 2 0.022454834019299597
seed123_C2_step2000 51 1 3 0.022532293980475515
seed123_C2_step2000 51 1 4 0.022406140982639045
seed123_C2_step2000 51 1 5 0.022447601018939167
seed123_C2_step2000 51 1 6 0.02250286698108539
seed123_C2_step2000 51 1 7 0.022558484983164817
seed123_C2_step2000 51 1 8 0.022401672031264752
seed123_C2_step2000 51 1 9 0.022400550020392984
seed123_C2_step2000 51 2 0 0.022522535000462085
seed123_C2_step2000 51 2 1 0.022487248003017157
seed123_C2_step2000 51 2 2 0.022500913008116186
seed123_C2_step2000 51 2 3 0.022517695964779705
seed123_C2_step2000 51 2 4 0.022537213983014226
seed123_C2_step2000 51 2 5 0.022445325972512364
seed123_C2_step2000 51 2 6 0.022507416957523674
seed123_C2_step2000 51 2 7 0.022464464011136442
seed123_C2_step2000 51 2 8 0.02312533702934161
seed123_C2_step2000 51 2 9 0.025101744977291673
seed123_C2_step2000 51 3 0 0.023081491992343217
seed123_C2_step2000 51 3 1 0.022721479006577283
seed123_C2_step2000 51 3 2 0.022502075997181237
seed123_C2_step2000 51 3 3 0.022440546948928386
seed123_C2_step2000 51 3 4 0.02248562400927767
seed123_C2_step2000 51 3 5 0.022567973006516695
seed123_C2_step2000 51 3 6 0.022432512021623552
seed123_C2_step2000 51 3 7 0.022543785977177322
seed123_C2_step2000 51 3 8 0.02302636596141383
seed123_C2_step2000 51 3 9 0.025431900983676314
seed123_C2_step2000 51 4 0 0.02286380296573043
seed123_C2_step2000 51 4 1 0.022541130951140076
seed123_C2_step2000 51 4 2 0.022512476018164307
seed123_C2_step2000 51 4 3 0.023255096981301904
seed123_C2_step2000 51 4 4 0.022424517024774104
seed123_C2_step2000 51 4 5 0.02246787096373737
seed123_C2_step2000 51 4 6 0.022449173964560032
seed123_C2_step2000 51 4 7 0.0226306039839983
seed123_C2_step2000 51 4 8 0.02253687399206683
seed123_C2_step2000 51 4 9 0.022448733041528612
seed123_C2_step2000 51 5 0 0.022576498973648995
seed123_C2_step2000 51 5 1 0.022848202963359654
seed123_C2_step2000 51 5 2 0.02403423801297322
seed123_C2_step2000 51 5 3 0.02253561996622011
seed123_C2_step2000 51 5 4 0.022398515953682363
seed123_C2_step2000 51 5 5 0.022636515030171722
seed123_C2_step2000 51 5 6 0.022822123020887375
seed123_C2_step2000 51 5 7 0.022710347024258226
seed123_C2_step2000 51 5 8 0.02254083997104317
seed123_C2_step2000 51 5 9 0.02272964402800426
seed123_C2_step2000 51 6 0 0.022738430998288095
seed123_C2_step2000 51 6 1 0.022944978962186724
seed123_C2_step2000 51 6 2 0.022691150021273643
seed123_C2_step2000 51 6 3 0.022877369017805904
seed123_C2_step2000 51 6 4 0.022567422012798488
seed123_C2_step2000 51 6 5 0.023133272014092654
seed123_C2_step2000 51 6 6 0.02267936698626727
seed123_C2_step2000 51 6 7 0.022766466019675136
seed123_C2_step2000 51 6 8 0.022665600990876555
seed123_C2_step2000 51 6 9 0.022729745018295944
seed123_C2_step2000 51 7 0 0.022547091997694224
seed123_C2_step2000 51 7 1 0.022777777048759162
seed123_C2_step2000 51 7 2 0.02463778096716851
seed123_C2_step2000 51 7 3 0.02312172995880246
seed123_C2_step2000 51 7 4 0.023065611952915788
seed123_C2_step2000 51 7 5 0.02288501401199028
seed123_C2_step2000 51 7 6 0.02276641596108675
seed123_C2_step2000 51 7 7 0.02267337602097541
seed123_C2_step2000 51 7 8 0.022746447008103132
seed123_C2_step2000 51 7 9 0.02270388399483636
seed123_C2_step2000 51 8 0 0.022682773997075856
seed123_C2_step2000 51 8 1 0.02290226600598544
seed123_C2_step2000 51 8 2 0.022817383985966444
seed123_C2_step2000 51 8 3 0.022575918002985418
seed123_C2_step2000 51 8 4 0.022636776033323258
seed123_C2_step2000 51 8 5 0.022796072997152805
seed123_C2_step2000 51 8 6 0.022500652994494885
seed123_C2_step2000 51 8 7 0.02269242302281782
seed123_C2_step2000 51 8 8 0.022581719036679715
seed123_C2_step2000 51 8 9 0.022680388996377587
seed123_C2_step2000 51 9 0 0.022450096032116562
seed123_C2_step2000 51 9 1 0.02299988502636552
seed123_C2_step2000 51 9 2 0.02273214899469167
seed123_C2_step2000 51 9 3 0.023181534023024142
seed123_C2_step2000 51 9 4 0.02344156597973779
seed123_C2_step2000 51 9 5 0.022934739012271166
seed123_C2_step2000 51 9 6 0.022294545953627676
seed123_C2_step2000 51 9 7 0.02251374803017825
seed123_C2_step2000 51 9 8 0.02250552299665287
seed123_C2_step2000 51 9 9 0.022607669001445174
seed123_C2_step2000 52 0 0 0.8224300629808567
seed123_C2_step2000 52 0 1 0.8182334240409546
seed123_C2_step2000 52 0 2 0.8133987850160338
seed123_C2_step2000 52 0 3 0.7849244300159626
seed123_C2_step2000 52 0 4 0.7843537490116432
seed123_C2_step2000 52 0 5 0.7702664639800787
seed123_C2_step2000 52 0 6 0.8130927259917371
seed123_C2_step2000 52 0 7 0.779675536963623
seed123_C2_step2000 52 0 8 0.7933437390020117
seed123_C2_step2000 52 0 9 0.7866527760052122
seed123_C2_step2000 52 1 0 0.7769829830504023
seed123_C2_step2000 52 1 1 0.7783546629943885
seed123_C2_step2000 52 1 2 0.7935339749674313
seed123_C2_step2000 52 1 3 0.7768502890248783
seed123_C2_step2000 52 1 4 0.7849491599481553
seed123_C2_step2000 52 1 5 0.7913759099901654
seed123_C2_step2000 52 1 6 0.7849883299786597
seed123_C2_step2000 52 1 7 0.7866840250208043
seed123_C2_step2000 52 1 8 0.8025930340518244
seed123_C2_step2000 52 1 9 0.7757824870059267
seed123_C2_step2000 52 2 0 0.7802417649654672
seed123_C2_step2000 52 2 1 0.7900970509508625
seed123_C2_step2000 52 2 2 0.7957747780019417
seed123_C2_step2000 52 2 3 0.7899599109659903
seed123_C2_step2000 52 2 4 0.7863235739641823
seed123_C2_step2000 52 2 5 0.7934150630026124
seed123_C2_step2000 52 2 6 0.8070521039771847
seed123_C2_step2000 52 2 7 0.7974428889574483
seed123_C2_step2000 52 2 8 0.7975612439913675
seed123_C2_step2000 52 2 9 0.7847981629893184
seed123_C2_step2000 52 3 0 0.782484261028003
seed123_C2_step2000 52 3 1 0.7855377619853243
seed123_C2_step2000 52 3 2 0.7797516720020212
seed123_C2_step2000 52 3 3 0.8075738819898106
seed123_C2_step2000 52 3 4 0.7865081840427592
seed123_C2_step2000 52 3 5 0.7970549710444175
seed123_C2_step2000 52 3 6 0.7882448140298948
seed123_C2_step2000 52 3 7 0.7763208390097134
seed123_C2_step2000 52 3 8 0.8194566930178553
seed123_C2_step2000 52 3 9 0.7901238779886626
seed123_C2_step2000 52 4 0 0.7819046989898197
seed123_C2_step2000 52 4 1 0.7929118539905176
seed123_C2_step2000 52 4 2 0.8091213810257614
seed123_C2_step2000 52 4 3 0.8101064360234886
seed123_C2_step2000 52 4 4 0.7959153319825418
seed123_C2_step2000 52 4 5 0.8057583729969338
seed123_C2_step2000 52 4 6 0.7942654599901289
seed123_C2_step2000 52 4 7 0.7852771800244227
seed123_C2_step2000 52 4 8 0.8098259629914537
seed123_C2_step2000 52 4 9 0.8016485259868205
seed123_C2_step2000 52 5 0 0.8125623289961368
seed123_C2_step2000 52 5 1 0.8086654790095054
seed123_C2_step2000 52 5 2 0.7978391690412536
seed123_C2_step2000 52 5 3 0.810056735004764
seed123_C2_step2000 52 5 4 0.8104563929955475
seed123_C2_step2000 52 5 5 0.7978261869866401
seed123_C2_step2000 52 5 6 0.8121746969991364
seed123_C2_step2000 52 5 7 0.8096305439830758
seed123_C2_step2000 52 5 8 0.8120016600005329
seed123_C2_step2000 52 5 9 0.8126763260224834
seed123_C2_step2000 52 6 0 0.7966393980314024
seed123_C2_step2000 52 6 1 0.8144071960123256
seed123_C2_step2000 52 6 2 0.8030783280264586
seed123_C2_step2000 52 6 3 0.8135983030078933
seed123_C2_step2000 52 6 4 0.7995377730112523
seed123_C2_step2000 52 6 5 0.8180462569580413
seed123_C2_step2000 52 6 6 0.8094552630209364
seed123_C2_step2000 52 6 7 0.7994015919975936
seed123_C2_step2000 52 6 8 0.8086948840063997
seed123_C2_step2000 52 6 9 0.8181576820206828
seed123_C2_step2000 52 7 0 0.849608588963747
seed123_C2_step2000 52 7 1 0.7997129310388118
seed123_C2_step2000 52 7 2 0.8160461459774524
seed123_C2_step2000 52 7 3 0.8369962450233288
seed123_C2_step2000 52 7 4 0.8169466060353443
seed123_C2_step2000 52 7 5 0.8108162829885259
seed123_C2_step2000 52 7 6 0.7917638159706257
seed123_C2_step2000 52 7 7 0.7917519299662672
seed123_C2_step2000 52 7 8 0.8069055019877851
seed123_C2_step2000 52 7 9 0.7867541690357029
seed123_C2_step2000 52 8 0 0.7956240740022622
seed123_C2_step2000 52 8 1 0.7923246650025249
seed123_C2_step2000 52 8 2 0.7798843759810552
seed123_C2_step2000 52 8 3 0.794984805979766
seed123_C2_step2000 52 8 4 0.8042653410229832
seed123_C2_step2000 52 8 5 0.8103141729952767
seed123_C2_step2000 52 8 6 0.8045543529442511
seed123_C2_step2000 52 8 7 0.7956318220240064
seed123_C2_step2000 52 8 8 0.8012871149694547
seed123_C2_step2000 52 8 9 0.7875703579629771
seed123_C2_step2000 52 9 0 0.8265668799867854
seed123_C2_step2000 52 9 1 0.8081129670026712
seed123_C2_step2000 52 9 2 0.806218204961624
seed123_C2_step2000 52 9 3 0.8007565299631096
seed123_C2_step2000 52 9 4 0.8270677149994299
seed123_C2_step2000 52 9 5 0.7904378570383415
seed123_C2_step2000 52 9 6 0.8215121980174445
seed123_C2_step2000 52 9 7 0.8087079479591921
seed123_C2_step2000 52 9 8 0.8056059310329147
seed123_C2_step2000 52 9 9 0.8127251739497297
seed123_C2_step2000 56 0 0 0.018596123962197453
seed123_C2_step2000 56 0 1 0.016910396981984377
seed123_C2_step2000 56 0 2 0.01703873398946598
seed123_C2_step2000 56 0 3 0.01693057600641623
seed123_C2_step2000 56 0 4 0.016909004014451057
seed123_C2_step2000 56 0 5 0.017048893962055445
seed123_C2_step2000 56 0 6 0.01750542299123481
seed123_C2_step2000 56 0 7 0.017260030028410256
seed123_C2_step2000 56 0 8 0.017748421989381313
seed123_C2_step2000 56 0 9 0.018541119003202766
seed123_C2_step2000 56 1 0 0.01714242302114144
seed123_C2_step2000 56 1 1 0.016975802020169795
seed123_C2_step2000 56 1 2 0.016975352016743273
seed123_C2_step2000 56 1 3 0.016934753977693617
seed123_C2_step2000 56 1 4 0.016988146991934627
seed123_C2_step2000 56 1 5 0.016937268956098706
seed123_C2_step2000 56 1 6 0.016938179964199662
seed123_C2_step2000 56 1 7 0.01738177501829341
seed123_C2_step2000 56 1 8 0.017443955002818257
seed123_C2_step2000 56 1 9 0.017352177994325757
seed123_C2_step2000 56 2 0 0.01762210699962452
seed123_C2_step2000 56 2 1 0.01716875401325524
seed123_C2_step2000 56 2 2 0.017563725996296853
seed123_C2_step2000 56 2 3 0.017782356997486204
seed123_C2_step2000 56 2 4 0.01741361600579694
seed123_C2_step2000 56 2 5 0.01774156797910109
seed123_C2_step2000 56 2 6 0.017694959009531885
seed123_C2_step2000 56 2 7 0.017420999996829778
seed123_C2_step2000 56 2 8 0.017334203992504627
seed123_C2_step2000 56 2 9 0.01711773598799482
seed123_C2_step2000 56 3 0 0.01696080301189795
seed123_C2_step2000 56 3 1 0.01729907502885908
seed123_C2_step2000 56 3 2 0.01755972800310701
seed123_C2_step2000 56 3 3 0.01702445704722777
seed123_C2_step2000 56 3 4 0.01718995498958975
seed123_C2_step2000 56 3 5 0.01727431803010404
seed123_C2_step2000 56 3 6 0.017172863008454442
seed123_C2_step2000 56 3 7 0.018684784998185933
seed123_C2_step2000 56 3 8 0.017704727011732757
seed123_C2_step2000 56 3 9 0.016997053986415267
seed123_C2_step2000 56 4 0 0.017260029970202595
seed123_C2_step2000 56 4 1 0.017046829976607114
seed123_C2_step2000 56 4 2 0.01706458395346999
seed123_C2_step2000 56 4 3 0.01729422598145902
seed123_C2_step2000 56 4 4 0.017260351043660194
seed123_C2_step2000 56 4 5 0.017238548956811428
seed123_C2_step2000 56 4 6 0.017285218986216933
seed123_C2_step2000 56 4 7 0.017183182993903756
seed123_C2_step2000 56 4 8 0.017410580010619015
seed123_C2_step2000 56 4 9 0.017635604017414153
seed123_C2_step2000 56 5 0 0.017276572005357593
seed123_C2_step2000 56 5 1 0.017719174968078732
seed123_C2_step2000 56 5 2 0.017364652012474835
seed123_C2_step2000 56 5 3 0.01734626601682976
seed123_C2_step2000 56 5 4 0.017735837027430534
seed123_C2_step2000 56 5 5 0.017415189009625465
seed123_C2_step2000 56 5 6 0.017493079998530447
seed123_C2_step2000 56 5 7 0.017526112962514162
seed123_C2_step2000 56 5 8 0.017089692002628
seed123_C2_step2000 56 5 9 0.017238689004443586
seed123_C2_step2000 56 6 0 0.017572552023921162
seed123_C2_step2000 56 6 1 0.01722901000175625
seed123_C2_step2000 56 6 2 0.017245311988517642
seed123_C2_step2000 56 6 3 0.017086074978578836
seed123_C2_step2000 56 6 4 0.01698748499620706
seed123_C2_step2000 56 6 5 0.017461488023400307
seed123_C2_step2000 56 6 6 0.017481105984188616
seed123_C2_step2000 56 6 7 0.017248858988750726
seed123_C2_step2000 56 6 8 0.017529770033434033
seed123_C2_step2000 56 6 9 0.017534749989863485
seed123_C2_step2000 56 7 0 0.017010869982186705
seed123_C2_step2000 56 7 1 0.017326147004496306
seed123_C2_step2000 56 7 2 0.01733725902158767
seed123_C2_step2000 56 7 3 0.017324455024208874
seed123_C2_step2000 56 7 4 0.01747305999742821
seed123_C2_step2000 56 7 5 0.017195817024912685
seed123_C2_step2000 56 7 6 0.01708119601244107
seed123_C2_step2000 56 7 7 0.01766257599228993
seed123_C2_step2000 56 7 8 0.017706879996694624
seed123_C2_step2000 56 7 9 0.01747819100273773
seed123_C2_step2000 56 8 0 0.017288385017309338
seed123_C2_step2000 56 8 1 0.017468983016442508
seed123_C2_step2000 56 8 2 0.01728005800396204
seed123_C2_step2000 56 8 3 0.01717707997886464
seed123_C2_step2000 56 8 4 0.017010099021717906
seed123_C2_step2000 56 8 5 0.017435648012906313
seed123_C2_step2000 56 8 6 0.01737541303737089
seed123_C2_step2000 56 8 7 0.01705097797093913
seed123_C2_step2000 56 8 8 0.01743516797432676
seed123_C2_step2000 56 8 9 0.01751309703104198
seed123_C2_step2000 56 9 0 0.017318542988505214
seed123_C2_step2000 56 9 1 0.01735966297565028
seed123_C2_step2000 56 9 2 0.017069061985239387
seed123_C2_step2000 56 9 3 0.016979509964585304
seed123_C2_step2000 56 9 4 0.017644411011133343
seed123_C2_step2000 56 9 5 0.017631867027375847
seed123_C2_step2000 56 9 6 0.017306560010183603
seed123_C2_step2000 56 9 7 0.01740794599754736
seed123_C2_step2000 56 9 8 0.017494320985861123
seed123_C2_step2000 56 9 9 0.017424958001356572
seed123_C2_step2000 62 0 0 0.2851130900089629
seed123_C2_step2000 62 0 1 0.28208534698933363
seed123_C2_step2000 62 0 2 0.2808127449825406
seed123_C2_step2000 62 0 3 0.28867326700128615
seed123_C2_step2000 62 0 4 0.28130293800495565
seed123_C2_step2000 62 0 5 0.2811806530226022
seed123_C2_step2000 62 0 6 0.2950735359918326
seed123_C2_step2000 62 0 7 0.28202356601832435
seed123_C2_step2000 62 0 8 0.2895184039953165
seed123_C2_step2000 62 0 9 0.2852035620016977
seed123_C2_step2000 62 1 0 0.2809907959890552
seed123_C2_step2000 62 1 1 0.27914515999145806
seed123_C2_step2000 62 1 2 0.2858463989687152
seed123_C2_step2000 62 1 3 0.28563155501615256
seed123_C2_step2000 62 1 4 0.28045714600011706
seed123_C2_step2000 62 1 5 0.2805169009952806
seed123_C2_step2000 62 1 6 0.2820241849985905
seed123_C2_step2000 62 1 7 0.2854993279906921
seed123_C2_step2000 62 1 8 0.28082109696697444
seed123_C2_step2000 62 1 9 0.29223382199415937
seed123_C2_step2000 62 2 0 0.27682915597688407
seed123_C2_step2000 62 2 1 0.2765333349816501
seed123_C2_step2000 62 2 2 0.27582152403192595
seed123_C2_step2000 62 2 3 0.2638573059812188
seed123_C2_step2000 62 2 4 0.2671504599857144
seed123_C2_step2000 62 2 5 0.2685460679931566
seed123_C2_step2000 62 2 6 0.2887904259841889
seed123_C2_step2000 62 2 7 0.28154032002203166
seed123_C2_step2000 62 2 8 0.2846056729904376
seed123_C2_step2000 62 2 9 0.28612636402249336
seed123_C2_step2000 62 3 0 0.2936337050050497
seed123_C2_step2000 62 3 1 0.28773414104944095
seed123_C2_step2000 62 3 2 0.2856460469774902
seed123_C2_step2000 62 3 3 0.28773649397771806
seed123_C2_step2000 62 3 4 0.2860813250299543
seed123_C2_step2000 62 3 5 0.28445170604391024
seed123_C2_step2000 62 3 6 0.2803240839857608
seed123_C2_step2000 62 3 7 0.28029224200872704
seed123_C2_step2000 62 3 8 0.2804098989581689
seed123_C2_step2000 62 3 9 0.28710972401313484
seed123_C2_step2000 62 4 0 0.29189713700907305
seed123_C2_step2000 62 4 1 0.2751507880166173
seed123_C2_step2000 62 4 2 0.28019615600351244
seed123_C2_step2000 62 4 3 0.28272028698120266
seed123_C2_step2000 62 4 4 0.28293895901879296
seed123_C2_step2000 62 4 5 0.2832459810306318
seed123_C2_step2000 62 4 6 0.2834961620392278
seed123_C2_step2000 62 4 7 0.2842520790291019
seed123_C2_step2000 62 4 8 0.28141045302618295
seed123_C2_step2000 62 4 9 0.278676396002993
seed123_C2_step2000 62 5 0 0.28219010500470176
seed123_C2_step2000 62 5 1 0.2934625000343658
seed123_C2_step2000 62 5 2 0.28729543898953125
seed123_C2_step2000 62 5 3 0.28318507998483256
seed123_C2_step2000 62 5 4 0.27590876299655065
seed123_C2_step2000 62 5 5 0.28323675104184076
seed123_C2_step2000 62 5 6 0.27628154103877023
seed123_C2_step2000 62 5 7 0.2834083890193142
seed123_C2_step2000 62 5 8 0.27954128000419587
seed123_C2_step2000 62 5 9 0.27740729902870953
seed123_C2_step2000 62 6 0 0.27456623496254906
seed123_C2_step2000 62 6 1 0.27504293294623494
seed123_C2_step2000 62 6 2 0.28036221099318936
seed123_C2_step2000 62 6 3 0.2836224509519525
seed123_C2_step2000 62 6 4 0.278282462968491
seed123_C2_step2000 62 6 5 0.278626084967982
seed123_C2_step2000 62 6 6 0.2876605089986697
seed123_C2_step2000 62 6 7 0.2794942859909497
seed123_C2_step2000 62 6 8 0.29049342504004017
seed123_C2_step2000 62 6 9 0.28237218101276085
seed123_C2_step2000 62 7 0 0.2801552090095356
seed123_C2_step2000 62 7 1 0.28142451401799917
seed123_C2_step2000 62 7 2 0.283358239044901
seed123_C2_step2000 62 7 3 0.29208626196486875
seed123_C2_step2000 62 7 4 0.28596088202903047
seed123_C2_step2000 62 7 5 0.2810164969996549
seed123_C2_step2000 62 7 6 0.28240554203512147
seed123_C2_step2000 62 7 7 0.2919536359841004
seed123_C2_step2000 62 7 8 0.28737705800449476
seed123_C2_step2000 62 7 9 0.2852653610170819
seed123_C2_step2000 62 8 0 0.27973616996314377
seed123_C2_step2000 62 8 1 0.2833478059619665
seed123_C2_step2000 62 8 2 0.27921864204108715
seed123_C2_step2000 62 8 3 0.2844476550235413
seed123_C2_step2000 62 8 4 0.28560310002649203
seed123_C2_step2000 62 8 5 0.2986043549608439
seed123_C2_step2000 62 8 6 0.2945773770334199
seed123_C2_step2000 62 8 7 0.28016678703716025
seed123_C2_step2000 62 8 8 0.2834580560447648
seed123_C2_step2000 62 8 9 0.2831825549947098
seed123_C2_step2000 62 9 0 0.2824166200007312
seed123_C2_step2000 62 9 1 0.2859751849900931
seed123_C2_step2000 62 9 2 0.28068995400099084
seed123_C2_step2000 62 9 3 0.28059219603892416
seed123_C2_step2000 62 9 4 0.2814857960329391
seed123_C2_step2000 62 9 5 0.29162491601891816
seed123_C2_step2000 62 9 6 0.2948975010076538
seed123_C2_step2000 62 9 7 0.27517099102260545
seed123_C2_step2000 62 9 8 0.27792836201842874
seed123_C2_step2000 62 9 9 0.2760503240278922
seed123_C2_step2000 64 0 0 0.1673051249817945
seed123_C2_step2000 64 0 1 0.1695996340131387
seed123_C2_step2000 64 0 2 0.16418461402645335
seed123_C2_step2000 64 0 3 0.1707912709680386
seed123_C2_step2000 64 0 4 0.16489134397124872
seed123_C2_step2000 64 0 5 0.16495271195890382
seed123_C2_step2000 64 0 6 0.16757050500018522
seed123_C2_step2000 64 0 7 0.16621264902641997
seed123_C2_step2000 64 0 8 0.16819560900330544
seed123_C2_step2000 64 0 9 0.17003281798679382
seed123_C2_step2000 64 1 0 0.16495866398327053
seed123_C2_step2000 64 1 1 0.16521381499478593
seed123_C2_step2000 64 1 2 0.1673370449570939
seed123_C2_step2000 64 1 3 0.16500244702911004
seed123_C2_step2000 64 1 4 0.16544433898525313
seed123_C2_step2000 64 1 5 0.1706064729951322
seed123_C2_step2000 64 1 6 0.16562851297203451
seed123_C2_step2000 64 1 7 0.16832615999737754
seed123_C2_step2000 64 1 8 0.18894351599738002
seed123_C2_step2000 64 1 9 0.17207055300241336
seed123_C2_step2000 64 2 0 0.16597706504398957
seed123_C2_step2000 64 2 1 0.16737346502486616
seed123_C2_step2000 64 2 2 0.16737480694428086
seed123_C2_step2000 64 2 3 0.16750604996923357
seed123_C2_step2000 64 2 4 0.1662802179926075
seed123_C2_step2000 64 2 5 0.16921523201745003
seed123_C2_step2000 64 2 6 0.16180766298202798
seed123_C2_step2000 64 2 7 0.17291456798557192
seed123_C2_step2000 64 2 8 0.16998245898867026
seed123_C2_step2000 64 2 9 0.17088635999243706
seed123_C2_step2000 64 3 0 0.16883012000471354
seed123_C2_step2000 64 3 1 0.16383737098658457
seed123_C2_step2000 64 3 2 0.16266329097561538
seed123_C2_step2000 64 3 3 0.16314439702546224
seed123_C2_step2000 64 3 4 0.16806187899783254
seed123_C2_step2000 64 3 5 0.16413371200906113
seed123_C2_step2000 64 3 6 0.17583222698885947
seed123_C2_step2000 64 3 7 0.1688894929829985
seed123_C2_step2000 64 3 8 0.16435007902327925
seed123_C2_step2000 64 3 9 0.16415283898822963
seed123_C2_step2000 64 4 0 0.168820109043736
seed123_C2_step2000 64 4 1 0.1788520339759998
seed123_C2_step2000 64 4 2 0.16944705601781607
seed123_C2_step2000 64 4 3 0.18154984002467245
seed123_C2_step2000 64 4 4 0.1697807689779438
seed123_C2_step2000 64 4 5 0.16913627804024145
seed123_C2_step2000 64 4 6 0.1694370570476167
seed123_C2_step2000 64 4 7 0.17024892097106203
seed123_C2_step2000 64 4 8 0.1697876930120401
seed123_C2_step2000 64 4 9 0.16807320999214426
seed123_C2_step2000 64 5 0 0.17643482598941773
seed123_C2_step2000 64 5 1 0.17414353298954666
seed123_C2_step2000 64 5 2 0.17050377104897052
seed123_C2_step2000 64 5 3 0.17409474798478186
seed123_C2_step2000 64 5 4 0.17227424203883857
seed123_C2_step2000 64 5 5 0.16589162702439353
seed123_C2_step2000 64 5 6 0.17458609503228217
seed123_C2_step2000 64 5 7 0.16864941897802055
seed123_C2_step2000 64 5 8 0.17252002499299124
seed123_C2_step2000 64 5 9 0.17362218798371032
seed123_C2_step2000 64 6 0 0.16915769700426608
seed123_C2_step2000 64 6 1 0.16737206804100424
seed123_C2_step2000 64 6 2 0.1692209190223366
seed123_C2_step2000 64 6 3 0.17502832598984241
seed123_C2_step2000 64 6 4 0.16855981602566317
seed123_C2_step2000 64 6 5 0.1666576110292226
seed123_C2_step2000 64 6 6 0.1691925239865668
seed123_C2_step2000 64 6 7 0.16790491400752217
seed123_C2_step2000 64 6 8 0.1736248930101283
seed123_C2_step2000 64 6 9 0.17265736701665446
seed123_C2_step2000 64 7 0 0.17240936099551618
seed123_C2_step2000 64 7 1 0.16737132502021268
seed123_C2_step2000 64 7 2 0.17615077696973458
seed123_C2_step2000 64 7 3 0.17832100798841566
seed123_C2_step2000 64 7 4 0.17083520902087912
seed123_C2_step2000 64 7 5 0.17206926399376243
seed123_C2_step2000 64 7 6 0.17638150101993233
seed123_C2_step2000 64 7 7 0.1718023510184139
seed123_C2_step2000 64 7 8 0.1745682280161418
seed123_C2_step2000 64 7 9 0.17069855396403
seed123_C2_step2000 64 8 0 0.16982691502198577
seed123_C2_step2000 64 8 1 0.1687183989561163
seed123_C2_step2000 64 8 2 0.1739418319775723
seed123_C2_step2000 64 8 3 0.1739300779881887
seed123_C2_step2000 64 8 4 0.17162332497537136
seed123_C2_step2000 64 8 5 0.1702282169717364
seed123_C2_step2000 64 8 6 0.17297975800465792
seed123_C2_step2000 64 8 7 0.17177216097479686
seed123_C2_step2000 64 8 8 0.1698142800014466
seed123_C2_step2000 64 8 9 0.16853199899196625
seed123_C2_step2000 64 9 0 0.1771613829769194
seed123_C2_step2000 64 9 1 0.17052448802860454
seed123_C2_step2000 64 9 2 0.16689186001894996
seed123_C2_step2000 64 9 3 0.169840098998975
seed123_C2_step2000 64 9 4 0.16891501599457115
seed123_C2_step2000 64 9 5 0.17147579905577004
seed123_C2_step2000 64 9 6 0.1781251879874617
seed123_C2_step2000 64 9 7 0.19011619599768892
seed123_C2_step2000 64 9 8 0.1751990009797737
seed123_C2_step2000 64 9 9 0.17534082499332726
seed123_C2_step2000 69 0 0 0.5146261599729769
seed123_C2_step2000 69 0 1 0.49919964297441766
seed123_C2_step2000 69 0 2 0.5038611119962297
seed123_C2_step2000 69 0 3 0.514849005965516
seed123_C2_step2000 69 0 4 0.513027406996116
seed123_C2_step2000 69 0 5 0.506810981023591
seed123_C2_step2000 69 0 6 0.49049883894622326
seed123_C2_step2000 69 0 7 0.4941978129791096
seed123_C2_step2000 69 0 8 0.4867367999977432
seed123_C2_step2000 69 0 9 0.4812786660040729
seed123_C2_step2000 69 1 0 0.4902644940302707
seed123_C2_step2000 69 1 1 0.4908336310181767
seed123_C2_step2000 69 1 2 0.48427458602236584
seed123_C2_step2000 69 1 3 0.4940823460347019
seed123_C2_step2000 69 1 4 0.5016812639660202
seed123_C2_step2000 69 1 5 0.5034421739983372
seed123_C2_step2000 69 1 6 0.5186909260228276
seed123_C2_step2000 69 1 7 0.4939009430236183
seed123_C2_step2000 69 1 8 0.4981549369986169
seed123_C2_step2000 69 1 9 0.5115978799876757
seed123_C2_step2000 69 2 0 0.504691256035585
seed123_C2_step2000 69 2 1 0.5071512240101583
seed123_C2_step2000 69 2 2 0.4884759499691427
seed123_C2_step2000 69 2 3 0.4966489420039579
seed123_C2_step2000 69 2 4 0.5011971030035056
seed123_C2_step2000 69 2 5 0.49946630699560046
seed123_C2_step2000 69 2 6 0.5019683370483108
seed123_C2_step2000 69 2 7 0.5091940639540553
seed123_C2_step2000 69 2 8 0.5451987959677354
seed123_C2_step2000 69 2 9 0.5171552379615605
seed123_C2_step2000 69 3 0 0.5054912990308367
seed123_C2_step2000 69 3 1 0.5032974220230244
seed123_C2_step2000 69 3 2 0.49596250301692635
seed123_C2_step2000 69 3 3 0.5031733410432935
seed123_C2_step2000 69 3 4 0.4992378209717572
seed123_C2_step2000 69 3 5 0.4977351349662058
seed123_C2_step2000 69 3 6 0.5073428209871054
seed123_C2_step2000 69 3 7 0.49626495101256296
seed123_C2_step2000 69 3 8 0.5026285980129614
seed123_C2_step2000 69 3 9 0.5039190729730763
seed123_C2_step2000 69 4 0 0.5103077990352176
seed123_C2_step2000 69 4 1 0.5057277059531771
seed123_C2_step2000 69 4 2 0.5044163490529172
seed123_C2_step2000 69 4 3 0.5044490009895526
seed123_C2_step2000 69 4 4 0.5012030479847454
seed123_C2_step2000 69 4 5 0.5069548359606415
seed123_C2_step2000 69 4 6 0.5104413010412827
seed123_C2_step2000 69 4 7 0.5325980889610946
seed123_C2_step2000 69 4 8 0.5077753429650329
seed123_C2_step2000 69 4 9 0.5006063139881007
seed123_C2_step2000 69 5 0 0.5082020050031133
seed123_C2_step2000 69 5 1 0.4977631160290912
seed123_C2_step2000 69 5 2 0.499876486021094
seed123_C2_step2000 69 5 3 0.5130222860025242
seed123_C2_step2000 69 5 4 0.5032924239640124
seed123_C2_step2000 69 5 5 0.515416826994624
seed123_C2_step2000 69 5 6 0.5145370520185679
seed123_C2_step2000 69 5 7 0.5083595120231621
seed123_C2_step2000 69 5 8 0.5055036809644662
seed123_C2_step2000 69 5 9 0.5132666630088352
seed123_C2_step2000 69 6 0 0.5003567849635147
seed123_C2_step2000 69 6 1 0.49866026698146015
seed123_C2_step2000 69 6 2 0.5071123859961517
seed123_C2_step2000 69 6 3 0.5225026289699599
seed123_C2_step2000 69 6 4 0.5083062739577144
seed123_C2_step2000 69 6 5 0.5111140509834513
seed123_C2_step2000 69 6 6 0.5065178170334548
seed123_C2_step2000 69 6 7 0.5067462170263752
seed123_C2_step2000 69 6 8 0.5157053830334917
seed123_C2_step2000 69 6 9 0.5011294860159978
seed123_C2_step2000 69 7 0 0.4978734530159272
seed123_C2_step2000 69 7 1 0.5091568179777823
seed123_C2_step2000 69 7 2 0.502034556993749
seed123_C2_step2000 69 7 3 0.514275906025432
seed123_C2_step2000 69 7 4 0.5035813259892166
seed123_C2_step2000 69 7 5 0.5374951570411213
seed123_C2_step2000 69 7 6 0.5127108780434355
seed123_C2_step2000 69 7 7 0.5111598909716122
seed123_C2_step2000 69 7 8 0.49913308303803205
seed123_C2_step2000 69 7 9 0.5267208620207384
seed123_C2_step2000 69 8 0 0.4975267280242406
seed123_C2_step2000 69 8 1 0.5173261539894156
seed123_C2_step2000 69 8 2 0.5054085279698484
seed123_C2_step2000 69 8 3 0.5195213099941611
seed123_C2_step2000 69 8 4 0.49664912500884384
seed123_C2_step2000 69 8 5 0.5185930919833481
seed123_C2_step2000 69 8 6 0.5057806910481304
seed123_C2_step2000 69 8 7 0.5064350719912909
seed123_C2_step2000 69 8 8 0.525202268967405
seed123_C2_step2000 69 8 9 0.5223761849920265
seed123_C2_step2000 69 9 0 0.5198805970139802
seed123_C2_step2000 69 9 1 0.5270625689881854
seed123_C2_step2000 69 9 2 0.5093383799539879
seed123_C2_step2000 69 9 3 0.526905505976174
seed123_C2_step2000 69 9 4 0.5280425240052864
seed123_C2_step2000 69 9 5 0.5076810750178993
seed123_C2_step2000 69 9 6 0.5269604889908805
seed123_C2_step2000 69 9 7 0.5066440560040064
seed123_C2_step2000 69 9 8 0.5038548340089619
seed123_C2_step2000 69 9 9 0.51928270800272
seed123_C2_step2000 74 0 0 0.6967337880050763
seed123_C2_step2000 74 0 1 0.6939463480375707
seed123_C2_step2000 74 0 2 0.707064172020182
seed123_C2_step2000 74 0 3 0.7056827110354789
seed123_C2_step2000 74 0 4 0.7279668300179765
seed123_C2_step2000 74 0 5 0.7038156010094099
seed123_C2_step2000 74 0 6 0.7106879570055753
seed123_C2_step2000 74 0 7 0.7029671140480787
seed123_C2_step2000 74 0 8 0.7258306999574415
seed123_C2_step2000 74 0 9 0.6960655570146628
seed123_C2_step2000 74 1 0 0.726092480996158
seed123_C2_step2000 74 1 1 0.7165116260293871
seed123_C2_step2000 74 1 2 0.6996621909784153
seed123_C2_step2000 74 1 3 0.7148631470045075
seed123_C2_step2000 74 1 4 0.7163292699842714
seed123_C2_step2000 74 1 5 0.7041924219811335
seed123_C2_step2000 74 1 6 0.7160069459932856
seed123_C2_step2000 74 1 7 0.7202825900167227
seed123_C2_step2000 74 1 8 0.6991654349840246
seed123_C2_step2000 74 1 9 0.6997542179888114
seed123_C2_step2000 74 2 0 0.7069142980035394
seed123_C2_step2000 74 2 1 0.6945494000101462
seed123_C2_step2000 74 2 2 0.7259245400200598
seed123_C2_step2000 74 2 3 0.7015681160264648
seed123_C2_step2000 74 2 4 0.7122432359610684
seed123_C2_step2000 74 2 5 0.712943623017054
seed123_C2_step2000 74 2 6 0.7097205829923041
seed123_C2_step2000 74 2 7 0.7001056040171534
seed123_C2_step2000 74 2 8 0.7259741260204464
seed123_C2_step2000 74 2 9 0.7157687490107492
seed123_C2_step2000 74 3 0 0.7172221660148352
seed123_C2_step2000 74 3 1 0.7245460819685832
seed123_C2_step2000 74 3 2 0.7159650020184927
seed123_C2_step2000 74 3 3 0.7100851759896614
seed123_C2_step2000 74 3 4 0.7226879479712807
seed123_C2_step2000 74 3 5 0.7284562569693662
seed123_C2_step2000 74 3 6 0.7348486569826491
seed123_C2_step2000 74 3 7 0.716350196977146
seed123_C2_step2000 74 3 8 0.6922056920011528
seed123_C2_step2000 74 3 9 0.6947829749551602
seed123_C2_step2000 74 4 0 0.6949717569514178
seed123_C2_step2000 74 4 1 0.7016319140093401
seed123_C2_step2000 74 4 2 0.6781822280026972
seed123_C2_step2000 74 4 3 0.6935282630147412
seed123_C2_step2000 74 4 4 0.704169737000484
seed123_C2_step2000 74 4 5 0.7104326779954135
seed123_C2_step2000 74 4 6 0.7687604270176962
seed123_C2_step2000 74 4 7 0.6958836740232073
seed123_C2_step2000 74 4 8 0.7044244119897485
seed123_C2_step2000 74 4 9 0.6956318460288458
seed123_C2_step2000 74 5 0 0.7009200400207192
seed123_C2_step2000 74 5 1 0.7027441509999335
seed123_C2_step2000 74 5 2 0.6951153670088388
seed123_C2_step2000 74 5 3 0.6981523440335877
seed123_C2_step2000 74 5 4 0.7009564850013703
seed123_C2_step2000 74 5 5 0.6930649150162935
seed123_C2_step2000 74 5 6 0.7154212109744549
seed123_C2_step2000 74 5 7 0.70227710402105
seed123_C2_step2000 74 5 8 0.7053170180297457
seed123_C2_step2000 74 5 9 0.7142842169851065
seed123_C2_step2000 74 6 0 0.6883210000232793
seed123_C2_step2000 74 6 1 0.7106226420146413
seed123_C2_step2000 74 6 2 0.6952091340208426
seed123_C2_step2000 74 6 3 0.6896111319656484
seed123_C2_step2000 74 6 4 0.678642925049644
seed123_C2_step2000 74 6 5 0.7126499310252257
seed123_C2_step2000 74 6 6 0.6903021280304529
seed123_C2_step2000 74 6 7 0.7170349539956078
seed123_C2_step2000 74 6 8 0.7162134210229851
seed123_C2_step2000 74 6 9 0.7107106110197492
seed123_C2_step2000 74 7 0 0.7099095669691451
seed123_C2_step2000 74 7 1 0.7141562949982472
seed123_C2_step2000 74 7 2 0.7268233899958432
seed123_C2_step2000 74 7 3 0.717701408022549
seed123_C2_step2000 74 7 4 0.736109291028697
seed123_C2_step2000 74 7 5 0.7252801340073347
seed123_C2_step2000 74 7 6 0.7112251420039684
seed123_C2_step2000 74 7 7 0.7166487470385619
seed123_C2_step2000 74 7 8 0.7152658819686621
seed123_C2_step2000 74 7 9 0.7217564810416661
seed123_C2_step2000 74 8 0 0.7128714270074852
seed123_C2_step2000 74 8 1 0.7330397890182212
seed123_C2_step2000 74 8 2 0.7297584490152076
seed123_C2_step2000 74 8 3 0.7165546680334955
seed123_C2_step2000 74 8 4 0.7278214439866133
seed123_C2_step2000 74 8 5 0.7364127099863254
seed123_C2_step2000 74 8 6 0.727242348017171
seed123_C2_step2000 74 8 7 0.7138014580123127
seed123_C2_step2000 74 8 8 0.7126971910474822
seed123_C2_step2000 74 8 9 0.7118934520403855
seed123_C2_step2000 74 9 0 0.7158912709564902
seed123_C2_step2000 74 9 1 0.7162848660373129
seed123_C2_step2000 74 9 2 0.7224607100361027
seed123_C2_step2000 74 9 3 0.7320576919591986
seed123_C2_step2000 74 9 4 0.7040739149670117
seed123_C2_step2000 74 9 5 0.7303885230212472
seed123_C2_step2000 74 9 6 0.6953305730130523
seed123_C2_step2000 74 9 7 0.7061033690115437
seed123_C2_step2000 74 9 8 0.7462691440014169
seed123_C2_step2000 74 9 9 0.7093337380210869
seed123_C2_step2000 78 0 0 1.155215626989957
seed123_C2_step2000 78 0 1 1.180798865039833
seed123_C2_step2000 78 0 2 1.1398439059848897
seed123_C2_step2000 78 0 3 1.1630297760129906
seed123_C2_step2000 78 0 4 1.1388660759548657
seed123_C2_step2000 78 0 5 1.179521580983419
seed123_C2_step2000 78 0 6 1.1573322030017152
seed123_C2_step2000 78 0 7 1.1433730960125104
seed123_C2_step2000 78 0 8 1.1564610179630108
seed123_C2_step2000 78 0 9 1.1676929769455455
seed123_C2_step2000 78 1 0 1.1872545660007745
seed123_C2_step2000 78 1 1 1.167059569968842
seed123_C2_step2000 78 1 2 1.169051663018763
seed123_C2_step2000 78 1 3 1.1630323469871655
seed123_C2_step2000 78 1 4 1.1503362329676747
seed123_C2_step2000 78 1 5 1.1545418400201015
seed123_C2_step2000 78 1 6 1.1502440379699692
seed123_C2_step2000 78 1 7 1.1895924850250594
seed123_C2_step2000 78 1 8 1.1473183580092154
seed123_C2_step2000 78 1 9 1.1574625699431635
seed123_C2_step2000 78 2 0 1.153915325005073
seed123_C2_step2000 78 2 1 1.1638749730191194
seed123_C2_step2000 78 2 2 1.153078016010113
seed123_C2_step2000 78 2 3 1.136308357003145
seed123_C2_step2000 78 2 4 1.1374151760246605
seed123_C2_step2000 78 2 5 1.1538429299835116
seed123_C2_step2000 78 2 6 1.1250120439799502
seed123_C2_step2000 78 2 7 1.1827536709606647
seed123_C2_step2000 78 2 8 1.164085024036467
seed123_C2_step2000 78 2 9 1.1509182450245135
seed123_C2_step2000 78 3 0 1.14321634900989
seed123_C2_step2000 78 3 1 1.1579324859776534
seed123_C2_step2000 78 3 2 1.1652473399881274
seed123_C2_step2000 78 3 3 1.153751067002304
seed123_C2_step2000 78 3 4 1.160192418959923
seed123_C2_step2000 78 3 5 1.140654728980735
seed123_C2_step2000 78 3 6 1.1589172160020098
seed123_C2_step2000 78 3 7 1.1554473009891808
seed123_C2_step2000 78 3 8 1.196302106953226
seed123_C2_step2000 78 3 9 1.2224490870139562
seed123_C2_step2000 78 4 0 1.1898718160227872
seed123_C2_step2000 78 4 1 1.1449287419673055
seed123_C2_step2000 78 4 2 1.117588906956371
seed123_C2_step2000 78 4 3 1.1729086989653297
seed123_C2_step2000 78 4 4 1.194576462963596
seed123_C2_step2000 78 4 5 1.1886599560384639
seed123_C2_step2000 78 4 6 1.1531360819935799
seed123_C2_step2000 78 4 7 1.1504127939697355
seed123_C2_step2000 78 4 8 1.1702793079894036
seed123_C2_step2000 78 4 9 1.1351846419856884
seed123_C2_step2000 78 5 0 1.14363217697246
seed123_C2_step2000 78 5 1 1.1306351239909418
seed123_C2_step2000 78 5 2 1.166030815045815
seed123_C2_step2000 78 5 3 1.179638186993543
seed123_C2_step2000 78 5 4 1.17980121698929
seed123_C2_step2000 78 5 5 1.146069806010928
seed123_C2_step2000 78 5 6 1.1583995860419236
seed123_C2_step2000 78 5 7 1.150401231017895
seed123_C2_step2000 78 5 8 1.1620996269630268
seed123_C2_step2000 78 5 9 1.1644916090299375
seed123_C2_step2000 78 6 0 1.175992784963455
seed123_C2_step2000 78 6 1 1.1490995829808526
seed123_C2_step2000 78 6 2 1.1600136670167558
seed123_C2_step2000 78 6 3 1.1571756990160793
seed123_C2_step2000 78 6 4 1.1654929819633253
seed123_C2_step2000 78 6 5 1.1944965730072
seed123_C2_step2000 78 6 6 1.1774128999677487
seed123_C2_step2000 78 6 7 1.1568826219881885
seed123_C2_step2000 78 6 8 1.14765245502349
seed123_C2_step2000 78 6 9 1.1523416520212777
seed123_C2_step2000 78 7 0 1.1567643759772182
seed123_C2_step2000 78 7 1 1.1238864689948969
seed123_C2_step2000 78 7 2 1.1676405139733106
seed123_C2_step2000 78 7 3 1.158368325966876
seed123_C2_step2000 78 7 4 1.1409298320068046
seed123_C2_step2000 78 7 5 1.138456856017001
seed123_C2_step2000 78 7 6 1.1350574680254795
seed123_C2_step2000 78 7 7 1.14883004600415
seed123_C2_step2000 78 7 8 1.1758194870199077
seed123_C2_step2000 78 7 9 1.130779731029179
seed123_C2_step2000 78 8 0 1.1541546320077032
seed123_C2_step2000 78 8 1 1.1521015049656853
seed123_C2_step2000 78 8 2 1.1763546360307373
seed123_C2_step2000 78 8 3 1.1821035140310414
seed123_C2_step2000 78 8 4 1.1529906580108218
seed123_C2_step2000 78 8 5 1.147221306047868
seed123_C2_step2000 78 8 6 1.1344574929680675
seed123_C2_step2000 78 8 7 1.152104564011097
seed123_C2_step2000 78 8 8 1.1471699880203232
seed123_C2_step2000 78 8 9 1.1430287809926085
seed123_C2_step2000 78 9 0 1.1810499749844894
seed123_C2_step2000 78 9 1 1.1484831079724245
seed123_C2_step2000 78 9 2 1.1352444720105268
seed123_C2_step2000 78 9 3 1.1417151599889621
seed123_C2_step2000 78 9 4 1.1636290960013866
seed123_C2_step2000 78 9 5 1.151190451986622
seed123_C2_step2000 78 9 6 1.1449974130373448
seed123_C2_step2000 78 9 7 1.1455142759950832
seed123_C2_step2000 78 9 8 1.1288092249887995
seed123_C2_step2000 78 9 9 1.1261220470187254
{'model': 'seed123_C2_step2000', 'completed_pairs': 2000, 'requested_pairs': 2000, 'completed': True, 'complete_source_count': 20, 'FRD': 329.50798232598225, 'new_pairs': 2000, 'wall_seconds': 463.6529921439942}
