MAM_archive_offline 0 0 1 0.9910361330257729
MAM_archive_offline 0 0 2 0.10080018299049698
MAM_archive_offline 0 0 3 0.10494420598843135
MAM_archive_offline 0 0 4 0.10344543500104919
MAM_archive_offline 0 0 5 0.10925609999685548
MAM_archive_offline 0 0 6 0.10644506898825057
MAM_archive_offline 0 0 7 0.10969486300018616
MAM_archive_offline 0 0 8 0.10208789698663168
MAM_archive_offline 0 0 9 0.10572476501693018
MAM_archive_offline 0 1 0 0.10112371400464326
MAM_archive_offline 0 1 1 0.09971384500386193
MAM_archive_offline 0 1 2 0.10499057499691844
MAM_archive_offline 0 1 3 0.10957278899149969
MAM_archive_offline 0 1 4 0.10911609101458453
MAM_archive_offline 0 1 5 0.11249177600257099
MAM_archive_offline 0 1 6 0.10691633401438594
MAM_archive_offline 0 1 7 0.10998393798945472
MAM_archive_offline 0 1 8 0.09972238200134598
MAM_archive_offline 0 1 9 0.10598113702144474
MAM_archive_offline 0 2 0 0.09947258100146428
MAM_archive_offline 0 2 1 0.09848843101644889
MAM_archive_offline 0 2 2 0.09893871602253057
MAM_archive_offline 0 2 3 0.10409155598608777
MAM_archive_offline 0 2 4 0.10372456099139526
MAM_archive_offline 0 2 5 0.09999418200459331
MAM_archive_offline 0 2 6 0.09477407397935167
MAM_archive_offline 0 2 7 0.098828553018393
MAM_archive_offline 0 2 8 0.10860948599292897
MAM_archive_offline 0 2 9 0.10479279397986829
MAM_archive_offline 0 3 0 0.10820733400760219
MAM_archive_offline 0 3 1 0.09920537800644524
MAM_archive_offline 0 3 2 0.10824649001006037
MAM_archive_offline 0 3 3 0.10055433900561184
MAM_archive_offline 0 3 4 0.10060942498967052
MAM_archive_offline 0 3 5 0.09866776398848742
MAM_archive_offline 0 3 6 0.09693688800325617
MAM_archive_offline 0 3 7 0.09898167700157501
MAM_archive_offline 0 3 8 0.10105622300761752
MAM_archive_offline 0 3 9 0.09380274600698613
MAM_archive_offline 0 4 0 0.10212650001631118
MAM_archive_offline 0 4 1 0.1008939309976995
MAM_archive_offline 0 4 2 0.10444516502320766
MAM_archive_offline 0 4 3 0.10354476500651799
MAM_archive_offline 0 4 4 0.1019437079958152
MAM_archive_offline 0 4 5 0.1083217530103866
MAM_archive_offline 0 4 6 0.10531048700795509
MAM_archive_offline 0 4 7 0.09833307098597288
MAM_archive_offline 0 4 8 0.10289083799580112
MAM_archive_offline 0 4 9 0.10736575600458309
MAM_archive_offline 0 5 0 0.09845608699833974
MAM_archive_offline 0 5 1 0.1040668280038517
MAM_archive_offline 0 5 2 0.1025108770118095
MAM_archive_offline 0 5 3 0.10838331197737716
MAM_archive_offline 0 5 4 0.10091852801269852
MAM_archive_offline 0 5 5 0.10180714499438182
MAM_archive_offline 0 5 6 0.10672350201639347
MAM_archive_offline 0 5 7 0.10389654999016784
MAM_archive_offline 0 5 8 0.09755925298668444
MAM_archive_offline 0 5 9 0.10216505301650614
MAM_archive_offline 0 6 0 0.1016641210007947
MAM_archive_offline 0 6 1 0.10037226800341159
MAM_archive_offline 0 6 2 0.10148531699087471
MAM_archive_offline 0 6 3 0.10330484202131629
MAM_archive_offline 0 6 4 0.0999030860257335
MAM_archive_offline 0 6 5 0.099197159986943
MAM_archive_offline 0 6 6 0.1017717870126944
MAM_archive_offline 0 6 7 0.10087750799721107
MAM_archive_offline 0 6 8 0.10424324599443935
MAM_archive_offline 0 6 9 0.10010370099917054
MAM_archive_offline 0 7 0 0.09445812500780448
MAM_archive_offline 0 7 1 0.10086433400283568
MAM_archive_offline 0 7 2 0.09877123200567439
MAM_archive_offline 0 7 3 0.10494824999477714
MAM_archive_offline 0 7 4 0.10467938301735558
MAM_archive_offline 0 7 5 0.10169442801270634
MAM_archive_offline 0 7 6 0.10853429898270406
MAM_archive_offline 0 7 7 0.10868668300099671
MAM_archive_offline 0 7 8 0.12432154500856996
MAM_archive_offline 0 7 9 0.11750688002211973
MAM_archive_offline 0 8 0 0.10099155700299889
MAM_archive_offline 0 8 1 0.10502546801581047
MAM_archive_offline 0 8 2 0.11023367501911707
MAM_archive_offline 0 8 3 0.10953879900625907
MAM_archive_offline 0 8 4 0.10391182801686227
MAM_archive_offline 0 8 5 0.10336718198959716
MAM_archive_offline 0 8 6 0.1058018890034873
MAM_archive_offline 0 8 7 0.10686927099595778
MAM_archive_offline 0 8 8 0.10060938200331293
MAM_archive_offline 0 8 9 0.09940826499951072
MAM_archive_offline 0 9 0 0.09982228101580404
MAM_archive_offline 0 9 1 0.09811012001591735
MAM_archive_offline 0 9 2 0.09863753299578093
MAM_archive_offline 0 9 3 0.09525728898006491
MAM_archive_offline 0 9 4 0.10302031500032172
MAM_archive_offline 0 9 5 0.09900488899438642
MAM_archive_offline 0 9 6 0.0997109769959934
MAM_archive_offline 0 9 7 0.09920480300206691
MAM_archive_offline 0 9 8 0.10013639400131069
MAM_archive_offline 0 9 9 0.10351510599139147
MAM_archive_offline 6 0 0 0.16457478600204922
MAM_archive_offline 6 0 1 0.1615698319801595
MAM_archive_offline 6 0 2 0.16045471900724806
MAM_archive_offline 6 0 3 0.16425469002570026
MAM_archive_offline 6 0 4 0.15994296499411575
MAM_archive_offline 6 0 5 0.16308542402111925
MAM_archive_offline 6 0 6 0.16001809999579564
MAM_archive_offline 6 0 7 0.1720191590138711
MAM_archive_offline 6 0 8 0.16185635200235993
MAM_archive_offline 6 0 9 0.16631542998948134
MAM_archive_offline 6 1 0 0.15470526099670678
MAM_archive_offline 6 1 1 0.1611228520050645
MAM_archive_offline 6 1 2 0.16613388998666778
MAM_archive_offline 6 1 3 0.16467534701223485
MAM_archive_offline 6 1 4 0.16807148201041855
MAM_archive_offline 6 1 5 0.16674620599951595
MAM_archive_offline 6 1 6 0.16182067297631875
MAM_archive_offline 6 1 7 0.145012927998323
MAM_archive_offline 6 1 8 0.15223922301083803
MAM_archive_offline 6 1 9 0.17694863901124336
MAM_archive_offline 6 2 0 0.17542936900281347
MAM_archive_offline 6 2 1 0.15932241000700742
MAM_archive_offline 6 2 2 0.16283254601876251
MAM_archive_offline 6 2 3 0.1678254189901054
MAM_archive_offline 6 2 4 0.15375301099265926
MAM_archive_offline 6 2 5 0.1481278220016975
MAM_archive_offline 6 2 6 0.1447086020198185
MAM_archive_offline 6 2 7 0.14290987499407493
MAM_archive_offline 6 2 8 0.1468600459920708
MAM_archive_offline 6 2 9 0.15136313799303025
MAM_archive_offline 6 3 0 0.17334582499461249
MAM_archive_offline 6 3 1 0.15213099200627767
MAM_archive_offline 6 3 2 0.16575727399322204
MAM_archive_offline 6 3 3 0.1573672929953318
MAM_archive_offline 6 3 4 0.16219863700098358
MAM_archive_offline 6 3 5 0.16241200699005276
MAM_archive_offline 6 3 6 0.1632812269963324
MAM_archive_offline 6 3 7 0.1632639330055099
MAM_archive_offline 6 3 8 0.1603811439999845
MAM_archive_offline 6 3 9 0.181196777994046
MAM_archive_offline 6 4 0 0.16845949500566348
MAM_archive_offline 6 4 1 0.1598984960000962
MAM_archive_offline 6 4 2 0.18075809499714524
MAM_archive_offline 6 4 3 0.17341503701754846
MAM_archive_offline 6 4 4 0.16009620600380003
MAM_archive_offline 6 4 5 0.1619453490129672
MAM_archive_offline 6 4 6 0.16430782701354474
MAM_archive_offline 6 4 7 0.16128619099617936
MAM_archive_offline 6 4 8 0.15011120101553388
MAM_archive_offline 6 4 9 0.15182747799553908
MAM_archive_offline 6 5 0 0.1517171660088934
MAM_archive_offline 6 5 1 0.16110549398581497
MAM_archive_offline 6 5 2 0.15220601402688771
MAM_archive_offline 6 5 3 0.18747940901084803
MAM_archive_offline 6 5 4 0.15250567099428736
MAM_archive_offline 6 5 5 0.15771421798854135
MAM_archive_offline 6 5 6 0.1583869699970819
MAM_archive_offline 6 5 7 0.1533888670091983
MAM_archive_offline 6 5 8 0.14893561002099887
MAM_archive_offline 6 5 9 0.15638314001262188
MAM_archive_offline 6 6 0 0.1539136040082667
MAM_archive_offline 6 6 1 0.1480352810176555
MAM_archive_offline 6 6 2 0.1502274830127135
MAM_archive_offline 6 6 3 0.14893103099893779
MAM_archive_offline 6 6 4 0.15721735198167153
MAM_archive_offline 6 6 5 0.17159977601841092
MAM_archive_offline 6 6 6 0.20376777200726792
MAM_archive_offline 6 6 7 0.16609459798200987
MAM_archive_offline 6 6 8 0.15953005498158745
MAM_archive_offline 6 6 9 0.19438543502474204
MAM_archive_offline 6 7 0 0.15589795599225909
MAM_archive_offline 6 7 1 0.15629305600305088
MAM_archive_offline 6 7 2 0.14871078700525686
MAM_archive_offline 6 7 3 0.15065620499080978
MAM_archive_offline 6 7 4 0.15564659298979677
MAM_archive_offline 6 7 5 0.1707292619976215
MAM_archive_offline 6 7 6 0.15686663700034842
MAM_archive_offline 6 7 7 0.1549791199795436
MAM_archive_offline 6 7 8 0.15082050999626517
MAM_archive_offline 6 7 9 0.15756769399740733
MAM_archive_offline 6 8 0 0.15952111699152738
MAM_archive_offline 6 8 1 0.1541874899994582
MAM_archive_offline 6 8 2 0.1590563539939467
MAM_archive_offline 6 8 3 0.1916375630244147
MAM_archive_offline 6 8 4 0.1806967630109284
MAM_archive_offline 6 8 5 0.17645692601217888
MAM_archive_offline 6 8 6 0.18167570300283842
MAM_archive_offline 6 8 7 0.17539179799496196
MAM_archive_offline 6 8 8 0.17628582697943784
MAM_archive_offline 6 8 9 0.18026566301705316
MAM_archive_offline 6 9 0 0.18666036997456104
MAM_archive_offline 6 9 1 0.1811262359842658
MAM_archive_offline 6 9 2 0.17045321999466978
MAM_archive_offline 6 9 3 0.17233057599514723
MAM_archive_offline 6 9 4 0.16554433800047264
MAM_archive_offline 6 9 5 0.1882975839835126
MAM_archive_offline 6 9 6 0.19297509200987406
MAM_archive_offline 6 9 7 0.16256359100225382
MAM_archive_offline 6 9 8 0.16531824300182052
MAM_archive_offline 6 9 9 0.15837795799598098
MAM_archive_offline 9 0 0 0.05593184501049109
MAM_archive_offline 9 0 1 0.06636073198751546
MAM_archive_offline 9 0 2 0.04807813497609459
MAM_archive_offline 9 0 3 0.043913633009651676
MAM_archive_offline 9 0 4 0.044825966004282236
MAM_archive_offline 9 0 5 0.05031599398353137
MAM_archive_offline 9 0 6 0.05162712300079875
MAM_archive_offline 9 0 7 0.04774016499868594
MAM_archive_offline 9 0 8 0.05223888799082488
MAM_archive_offline 9 0 9 0.05405165202682838
MAM_archive_offline 9 1 0 0.06146203898242675
MAM_archive_offline 9 1 1 0.05556358597823419
MAM_archive_offline 9 1 2 0.05337437000707723
MAM_archive_offline 9 1 3 0.052837549010291696
MAM_archive_offline 9 1 4 0.052782121987547725
MAM_archive_offline 9 1 5 0.05330005698488094
MAM_archive_offline 9 1 6 0.052081625995924696
MAM_archive_offline 9 1 7 0.06241056197904982
MAM_archive_offline 9 1 8 0.049122900993097574
MAM_archive_offline 9 1 9 0.054514490999281406
MAM_archive_offline 9 2 0 0.051130589010426775
MAM_archive_offline 9 2 1 0.05362793800304644
MAM_archive_offline 9 2 2 0.04454396400251426
MAM_archive_offline 9 2 3 0.05519746197387576
MAM_archive_offline 9 2 4 0.05252493798616342
MAM_archive_offline 9 2 5 0.05066195901599713
MAM_archive_offline 9 2 6 0.05354480701498687
MAM_archive_offline 9 2 7 0.04756624097353779
MAM_archive_offline 9 2 8 0.047710628976346925
MAM_archive_offline 9 2 9 0.04755945800570771
MAM_archive_offline 9 3 0 0.04612813799758442
MAM_archive_offline 9 3 1 0.04537943901959807
MAM_archive_offline 9 3 2 0.04756324499612674
MAM_archive_offline 9 3 3 0.04797839300590567
MAM_archive_offline 9 3 4 0.054458563012303784
MAM_archive_offline 9 3 5 0.04891688501811586
MAM_archive_offline 9 3 6 0.05397827998967841
MAM_archive_offline 9 3 7 0.04860766098136082
MAM_archive_offline 9 3 8 0.04768798500299454
MAM_archive_offline 9 3 9 0.046500191994709894
MAM_archive_offline 9 4 0 0.04957410800852813
MAM_archive_offline 9 4 1 0.057867923023877665
MAM_archive_offline 9 4 2 0.047414009022759274
MAM_archive_offline 9 4 3 0.05392145100631751
MAM_archive_offline 9 4 4 0.06324849199154414
MAM_archive_offline 9 4 5 0.05528504998073913
MAM_archive_offline 9 4 6 0.04561716498574242
MAM_archive_offline 9 4 7 0.04549220501212403
MAM_archive_offline 9 4 8 0.04606695001712069
MAM_archive_offline 9 4 9 0.05260493198875338
MAM_archive_offline 9 5 0 0.04919755400624126
MAM_archive_offline 9 5 1 0.048549691011430696
MAM_archive_offline 9 5 2 0.04776474100071937
MAM_archive_offline 9 5 3 0.04575724501046352
MAM_archive_offline 9 5 4 0.047580547019606456
MAM_archive_offline 9 5 5 0.048028509016148746
MAM_archive_offline 9 5 6 0.04663604300003499
MAM_archive_offline 9 5 7 0.045841576997190714
MAM_archive_offline 9 5 8 0.04705560998991132
MAM_archive_offline 9 5 9 0.04536371800350025
MAM_archive_offline 9 6 0 0.045283433981239796
MAM_archive_offline 9 6 1 0.0465242579812184
MAM_archive_offline 9 6 2 0.048257867980282754
MAM_archive_offline 9 6 3 0.04751284798840061
MAM_archive_offline 9 6 4 0.04677174400421791
MAM_archive_offline 9 6 5 0.04893892697873525
MAM_archive_offline 9 6 6 0.056949538993649185
MAM_archive_offline 9 6 7 0.0569832639885135
MAM_archive_offline 9 6 8 0.05598693000501953
MAM_archive_offline 9 6 9 0.04797130898805335
MAM_archive_offline 9 7 0 0.046024759009014815
MAM_archive_offline 9 7 1 0.04460958900745027
MAM_archive_offline 9 7 2 0.044138314988231286
MAM_archive_offline 9 7 3 0.043767020979430526
MAM_archive_offline 9 7 4 0.04451718297787011
MAM_archive_offline 9 7 5 0.043869428016478196
MAM_archive_offline 9 7 6 0.04351592800230719
MAM_archive_offline 9 7 7 0.04540302400710061
MAM_archive_offline 9 7 8 0.043081414012704045
MAM_archive_offline 9 7 9 0.04514940700028092
MAM_archive_offline 9 8 0 0.04822240100475028
MAM_archive_offline 9 8 1 0.044739609002135694
MAM_archive_offline 9 8 2 0.051246680988697335
MAM_archive_offline 9 8 3 0.055662184982793406
MAM_archive_offline 9 8 4 0.05580816601286642
MAM_archive_offline 9 8 5 0.05078661799780093
MAM_archive_offline 9 8 6 0.044138744997326285
MAM_archive_offline 9 8 7 0.04405201802728698
MAM_archive_offline 9 8 8 0.0508228269754909
MAM_archive_offline 9 8 9 0.050588837009854615
MAM_archive_offline 9 9 0 0.05369339301250875
MAM_archive_offline 9 9 1 0.05145624399301596
MAM_archive_offline 9 9 2 0.04562114301370457
MAM_archive_offline 9 9 3 0.052846996986772865
MAM_archive_offline 9 9 4 0.0529377399943769
MAM_archive_offline 9 9 5 0.05576819900306873
MAM_archive_offline 9 9 6 0.048054668004624546
MAM_archive_offline 9 9 7 0.05105440199258737
MAM_archive_offline 9 9 8 0.059348677983507514
MAM_archive_offline 9 9 9 0.05793269697460346
MAM_archive_offline 12 0 0 0.48997756399330683
MAM_archive_offline 12 0 1 0.5491454729926772
MAM_archive_offline 12 0 2 0.5326957170036621
MAM_archive_offline 12 0 3 0.5173794170259498
MAM_archive_offline 12 0 4 0.47827000700635836
MAM_archive_offline 12 0 5 0.4948263539990876
MAM_archive_offline 12 0 6 0.4499240620061755
MAM_archive_offline 12 0 7 0.482302801014157
MAM_archive_offline 12 0 8 0.49668921099510044
MAM_archive_offline 12 0 9 0.5159591629926581
MAM_archive_offline 12 1 0 0.4968388359993696
MAM_archive_offline 12 1 1 0.4682303899899125
MAM_archive_offline 12 1 2 0.5289346599893179
MAM_archive_offline 12 1 3 0.5084307950164657
MAM_archive_offline 12 1 4 0.4802373459970113
MAM_archive_offline 12 1 5 0.5171551549865399
MAM_archive_offline 12 1 6 0.478169271023944
MAM_archive_offline 12 1 7 0.5262462490063626
MAM_archive_offline 12 1 8 0.4930234269995708
MAM_archive_offline 12 1 9 0.4761664700054098
MAM_archive_offline 12 2 0 0.4685423200135119
MAM_archive_offline 12 2 1 0.5222417209879495
MAM_archive_offline 12 2 2 0.4799950029992033
MAM_archive_offline 12 2 3 0.46451028098817915
MAM_archive_offline 12 2 4 0.4816170870035421
MAM_archive_offline 12 2 5 0.48987100401427597
MAM_archive_offline 12 2 6 0.4725466780073475
MAM_archive_offline 12 2 7 0.4880568480002694
MAM_archive_offline 12 2 8 0.47242869998444803
MAM_archive_offline 12 2 9 0.478425381006673
MAM_archive_offline 12 3 0 0.47727793498779647
MAM_archive_offline 12 3 1 0.4845718680007849
MAM_archive_offline 12 3 2 0.46750357298878953
MAM_archive_offline 12 3 3 0.46431031898828223
MAM_archive_offline 12 3 4 0.48535764499683864
MAM_archive_offline 12 3 5 0.4863908690167591
MAM_archive_offline 12 3 6 0.5075556699885055
MAM_archive_offline 12 3 7 0.4831015980162192
MAM_archive_offline 12 3 8 0.4878867299994454
MAM_archive_offline 12 3 9 0.5067060260043945
MAM_archive_offline 12 4 0 0.48379975600983016
MAM_archive_offline 12 4 1 0.48004052400938235
MAM_archive_offline 12 4 2 0.49357311098719947
MAM_archive_offline 12 4 3 0.474216572009027
MAM_archive_offline 12 4 4 0.46766856001340784
MAM_archive_offline 12 4 5 0.47479373900569044
MAM_archive_offline 12 4 6 0.48422028799541295
MAM_archive_offline 12 4 7 0.49129687299137004
MAM_archive_offline 12 4 8 0.4852402659889776
MAM_archive_offline 12 4 9 0.48389112297445536
MAM_archive_offline 12 5 0 0.4748920630081557
MAM_archive_offline 12 5 1 0.48618893598904833
MAM_archive_offline 12 5 2 0.5337054450064898
MAM_archive_offline 12 5 3 0.4921110009890981
MAM_archive_offline 12 5 4 0.44285346698598005
MAM_archive_offline 12 5 5 0.4553029939997941
MAM_archive_offline 12 5 6 0.4827773669967428
MAM_archive_offline 12 5 7 0.48076834599487484
MAM_archive_offline 12 5 8 0.4588554159854539
MAM_archive_offline 12 5 9 0.4593735400121659
MAM_archive_offline 12 6 0 0.46926055499352515
MAM_archive_offline 12 6 1 0.4885175109957345
MAM_archive_offline 12 6 2 0.5060450349992607
MAM_archive_offline 12 6 3 0.48589773499406874
MAM_archive_offline 12 6 4 0.4975977640133351
MAM_archive_offline 12 6 5 0.4669493999972474
MAM_archive_offline 12 6 6 0.4547860719903838
MAM_archive_offline 12 6 7 0.4924832829856314
MAM_archive_offline 12 6 8 0.49534647399559617
MAM_archive_offline 12 6 9 0.5248727379948832
MAM_archive_offline 12 7 0 0.53386535399477
MAM_archive_offline 12 7 1 0.48250702299992554
MAM_archive_offline 12 7 2 0.4874640270136297
MAM_archive_offline 12 7 3 0.4969823519932106
MAM_archive_offline 12 7 4 0.5068929020198993
MAM_archive_offline 12 7 5 0.4857420749904122
MAM_archive_offline 12 7 6 0.46802499701152556
MAM_archive_offline 12 7 7 0.4942707279988099
MAM_archive_offline 12 7 8 0.5811995739932172
MAM_archive_offline 12 7 9 0.5032564089924563
MAM_archive_offline 12 8 0 0.5062511120049749
MAM_archive_offline 12 8 1 0.5342111059871968
MAM_archive_offline 12 8 2 0.5093724879843649
MAM_archive_offline 12 8 3 0.45076789701124653
MAM_archive_offline 12 8 4 0.5018404650036246
MAM_archive_offline 12 8 5 0.5361326040001586
MAM_archive_offline 12 8 6 0.5366115840151906
MAM_archive_offline 12 8 7 0.4750737590075005
MAM_archive_offline 12 8 8 0.4460015460208524
MAM_archive_offline 12 8 9 0.4882162249996327
MAM_archive_offline 12 9 0 0.48682081399601884
MAM_archive_offline 12 9 1 0.5081555499928072
MAM_archive_offline 12 9 2 0.4758406989858486
MAM_archive_offline 12 9 3 0.49849136199918576
MAM_archive_offline 12 9 4 0.5073439089755993
MAM_archive_offline 12 9 5 0.4718343169952277
MAM_archive_offline 12 9 6 0.4906198979879264
MAM_archive_offline 12 9 7 0.4817057409964036
MAM_archive_offline 12 9 8 0.4772793459997047
MAM_archive_offline 12 9 9 0.46324334101518616
MAM_archive_offline 18 0 0 0.11884457498672418
MAM_archive_offline 18 0 1 0.11090474200318567
MAM_archive_offline 18 0 2 0.11875515399151482
MAM_archive_offline 18 0 3 0.11415646999375895
MAM_archive_offline 18 0 4 0.1201767849852331
MAM_archive_offline 18 0 5 0.11832987700472586
MAM_archive_offline 18 0 6 0.11070267300237902
MAM_archive_offline 18 0 7 0.11247478699078783
MAM_archive_offline 18 0 8 0.11225418400135823
MAM_archive_offline 18 0 9 0.11665110199828632
MAM_archive_offline 18 1 0 0.13103580599999987
MAM_archive_offline 18 1 1 0.13772954599699005
MAM_archive_offline 18 1 2 0.11994497998966835
MAM_archive_offline 18 1 3 0.12379061701358296
MAM_archive_offline 18 1 4 0.11788148499908857
MAM_archive_offline 18 1 5 0.1116032240097411
MAM_archive_offline 18 1 6 0.11806692098616622
MAM_archive_offline 18 1 7 0.13439195399405435
MAM_archive_offline 18 1 8 0.1244998190086335
MAM_archive_offline 18 1 9 0.12832935599726625
MAM_archive_offline 18 2 0 0.1204573739960324
MAM_archive_offline 18 2 1 0.12753113298094831
MAM_archive_offline 18 2 2 0.12418469300610013
MAM_archive_offline 18 2 3 0.11854059100733139
MAM_archive_offline 18 2 4 0.11480450301314704
MAM_archive_offline 18 2 5 0.11445836798520759
MAM_archive_offline 18 2 6 0.11495903000468388
MAM_archive_offline 18 2 7 0.12125592702068388
MAM_archive_offline 18 2 8 0.11894469798426144
MAM_archive_offline 18 2 9 0.13496893201954663
MAM_archive_offline 18 3 0 0.1524323800113052
MAM_archive_offline 18 3 1 0.14576633399701677
MAM_archive_offline 18 3 2 0.11692182102706283
MAM_archive_offline 18 3 3 0.12100115799694322
MAM_archive_offline 18 3 4 0.11734235801850446
MAM_archive_offline 18 3 5 0.12188709000474773
MAM_archive_offline 18 3 6 0.13683624801342376
MAM_archive_offline 18 3 7 0.1180786420009099
MAM_archive_offline 18 3 8 0.11843361399951391
MAM_archive_offline 18 3 9 0.13364662899402902
MAM_archive_offline 18 4 0 0.12622039299458265
MAM_archive_offline 18 4 1 0.11558027198771015
MAM_archive_offline 18 4 2 0.12298830499639735
MAM_archive_offline 18 4 3 0.11605879201670177
MAM_archive_offline 18 4 4 0.11246497801039368
MAM_archive_offline 18 4 5 0.1114767090184614
MAM_archive_offline 18 4 6 0.11374861397780478
MAM_archive_offline 18 4 7 0.11664632998872548
MAM_archive_offline 18 4 8 0.12526447701384313
MAM_archive_offline 18 4 9 0.11880041798576713
MAM_archive_offline 18 5 0 0.11817902399343438
MAM_archive_offline 18 5 1 0.11956617998657748
MAM_archive_offline 18 5 2 0.1194396759965457
MAM_archive_offline 18 5 3 0.11275878100423142
MAM_archive_offline 18 5 4 0.117871202994138
MAM_archive_offline 18 5 5 0.1318445469951257
MAM_archive_offline 18 5 6 0.11828843498369679
MAM_archive_offline 18 5 7 0.12235180998686701
MAM_archive_offline 18 5 8 0.12237737901159562
MAM_archive_offline 18 5 9 0.11876898701302707
MAM_archive_offline 18 6 0 0.11531683598877862
MAM_archive_offline 18 6 1 0.12310931598767638
MAM_archive_offline 18 6 2 0.1142320409999229
MAM_archive_offline 18 6 3 0.11833513301098719
MAM_archive_offline 18 6 4 0.12022235899348743
MAM_archive_offline 18 6 5 0.1213288450089749
MAM_archive_offline 18 6 6 0.12625890600611456
MAM_archive_offline 18 6 7 0.133075760997599
MAM_archive_offline 18 6 8 0.12505111598875374
MAM_archive_offline 18 6 9 0.15872218101867475
MAM_archive_offline 18 7 0 0.14872021600604057
MAM_archive_offline 18 7 1 0.10929323302116245
MAM_archive_offline 18 7 2 0.11565556499408558
MAM_archive_offline 18 7 3 0.10817330100690015
MAM_archive_offline 18 7 4 0.10920489300042391
MAM_archive_offline 18 7 5 0.11679528499371372
MAM_archive_offline 18 7 6 0.10614526498829946
MAM_archive_offline 18 7 7 0.11206091998610646
MAM_archive_offline 18 7 8 0.11365281700273044
MAM_archive_offline 18 7 9 0.10857244799262844
MAM_archive_offline 18 8 0 0.1205581040121615
MAM_archive_offline 18 8 1 0.11684835600317456
MAM_archive_offline 18 8 2 0.12747819698415697
MAM_archive_offline 18 8 3 0.12772040301933885
MAM_archive_offline 18 8 4 0.14553490598336793
MAM_archive_offline 18 8 5 0.12158555697533302
MAM_archive_offline 18 8 6 0.12894255999708548
MAM_archive_offline 18 8 7 0.11719267698936164
MAM_archive_offline 18 8 8 0.1318869859969709
MAM_archive_offline 18 8 9 0.12484067099285312
MAM_archive_offline 18 9 0 0.11829622799996287
MAM_archive_offline 18 9 1 0.11453928999253549
MAM_archive_offline 18 9 2 0.11094152799341828
MAM_archive_offline 18 9 3 0.12694531300803646
MAM_archive_offline 18 9 4 0.1216280680091586
MAM_archive_offline 18 9 5 0.1255442310066428
MAM_archive_offline 18 9 6 0.11272934300359339
MAM_archive_offline 18 9 7 0.11125211499165744
MAM_archive_offline 18 9 8 0.10955480401753448
MAM_archive_offline 18 9 9 0.12016549799591303
MAM_archive_offline 22 0 0 0.017461474984884262
MAM_archive_offline 22 0 1 0.016547879989957437
MAM_archive_offline 22 0 2 0.01709269601269625
MAM_archive_offline 22 0 3 0.018174124008510262
MAM_archive_offline 22 0 4 0.016920825990382582
MAM_archive_offline 22 0 5 0.016939592984272167
MAM_archive_offline 22 0 6 0.01688667098642327
MAM_archive_offline 22 0 7 0.023413911025272682
MAM_archive_offline 22 0 8 0.022837383003206924
MAM_archive_offline 22 0 9 0.01842387398937717
MAM_archive_offline 22 1 0 0.018479410995496437
MAM_archive_offline 22 1 1 0.02085755902226083
MAM_archive_offline 22 1 2 0.02029817400034517
MAM_archive_offline 22 1 3 0.017813651997130364
MAM_archive_offline 22 1 4 0.017362154001602903
MAM_archive_offline 22 1 5 0.017493296007160097
MAM_archive_offline 22 1 6 0.017682750010862947
MAM_archive_offline 22 1 7 0.019674866984132677
MAM_archive_offline 22 1 8 0.01980566798010841
MAM_archive_offline 22 1 9 0.01771757798269391
MAM_archive_offline 22 2 0 0.017132873996160924
MAM_archive_offline 22 2 1 0.017316045006737113
MAM_archive_offline 22 2 2 0.01745744701474905
MAM_archive_offline 22 2 3 0.018879328010370955
MAM_archive_offline 22 2 4 0.01713854499394074
MAM_archive_offline 22 2 5 0.016413561010267586
MAM_archive_offline 22 2 6 0.018721525004366413
MAM_archive_offline 22 2 7 0.016719750012271106
MAM_archive_offline 22 2 8 0.017611441988265142
MAM_archive_offline 22 2 9 0.016509776993189007
MAM_archive_offline 22 3 0 0.01650808399426751
MAM_archive_offline 22 3 1 0.016418732004240155
MAM_archive_offline 22 3 2 0.016473867988679558
MAM_archive_offline 22 3 3 0.016585992998443544
MAM_archive_offline 22 3 4 0.01683257700642571
MAM_archive_offline 22 3 5 0.016757573001086712
MAM_archive_offline 22 3 6 0.016607464000117034
MAM_archive_offline 22 3 7 0.01841070901718922
MAM_archive_offline 22 3 8 0.01716626700363122
MAM_archive_offline 22 3 9 0.01736488999449648
MAM_archive_offline 22 4 0 0.01763019899954088
MAM_archive_offline 22 4 1 0.017526840994833037
MAM_archive_offline 22 4 2 0.017638635996263474
MAM_archive_offline 22 4 3 0.01751841398072429
MAM_archive_offline 22 4 4 0.0171499669959303
MAM_archive_offline 22 4 5 0.016657670988934115
MAM_archive_offline 22 4 6 0.016508864995557815
MAM_archive_offline 22 4 7 0.017356613010633737
MAM_archive_offline 22 4 8 0.024893031019018963
MAM_archive_offline 22 4 9 0.024861961021088064
MAM_archive_offline 22 5 0 0.02483761601615697
MAM_archive_offline 22 5 1 0.023979627003427595
MAM_archive_offline 22 5 2 0.021615835983539
MAM_archive_offline 22 5 3 0.016495990013936535
MAM_archive_offline 22 5 4 0.016646639996906742
MAM_archive_offline 22 5 5 0.01647339601186104
MAM_archive_offline 22 5 6 0.01642038399586454
MAM_archive_offline 22 5 7 0.0160144749970641
MAM_archive_offline 22 5 8 0.015858655999181792
MAM_archive_offline 22 5 9 0.01582188598695211
MAM_archive_offline 22 6 0 0.015839088009670377
MAM_archive_offline 22 6 1 0.015848796989303082
MAM_archive_offline 22 6 2 0.015817656996659935
MAM_archive_offline 22 6 3 0.01579160601249896
MAM_archive_offline 22 6 4 0.015854147990467027
MAM_archive_offline 22 6 5 0.016524836013559252
MAM_archive_offline 22 6 6 0.016054091014666483
MAM_archive_offline 22 6 7 0.016284494020510465
MAM_archive_offline 22 6 8 0.016099658998427913
MAM_archive_offline 22 6 9 0.016252171015366912
MAM_archive_offline 22 7 0 0.015894905984168872
MAM_archive_offline 22 7 1 0.01580574398394674
MAM_archive_offline 22 7 2 0.015783742011990398
MAM_archive_offline 22 7 3 0.01585649198386818
MAM_archive_offline 22 7 4 0.015895916993031278
MAM_archive_offline 22 7 5 0.015918671007966623
MAM_archive_offline 22 7 6 0.016528802982065827
MAM_archive_offline 22 7 7 0.01592053400236182
MAM_archive_offline 22 7 8 0.01591002498753369
MAM_archive_offline 22 7 9 0.015890987997408956
MAM_archive_offline 22 8 0 0.015948268002830446
MAM_archive_offline 22 8 1 0.016017040004953742
MAM_archive_offline 22 8 2 0.01593206700636074
MAM_archive_offline 22 8 3 0.01591440400807187
MAM_archive_offline 22 8 4 0.01588429498951882
MAM_archive_offline 22 8 5 0.015802526992047206
MAM_archive_offline 22 8 6 0.015780835994519293
MAM_archive_offline 22 8 7 0.0157678620016668
MAM_archive_offline 22 8 8 0.017495699983555824
MAM_archive_offline 22 8 9 0.018032401014352217
MAM_archive_offline 22 9 0 0.016672850004397333
MAM_archive_offline 22 9 1 0.01700440698186867
MAM_archive_offline 22 9 2 0.018109919998096302
MAM_archive_offline 22 9 3 0.018768426991300657
MAM_archive_offline 22 9 4 0.019753116997890174
MAM_archive_offline 22 9 5 0.01793095699395053
MAM_archive_offline 22 9 6 0.016590601997449994
MAM_archive_offline 22 9 7 0.01701473700813949
MAM_archive_offline 22 9 8 0.017530197015730664
MAM_archive_offline 22 9 9 0.016213135997531936
MAM_archive_offline 24 0 0 0.018520860001444817
MAM_archive_offline 24 0 1 0.019376445008674636
MAM_archive_offline 24 0 2 0.01932237998698838
MAM_archive_offline 24 0 3 0.018402261019218713
MAM_archive_offline 24 0 4 0.018081646994687617
MAM_archive_offline 24 0 5 0.01815012699807994
MAM_archive_offline 24 0 6 0.01891745300963521
MAM_archive_offline 24 0 7 0.01975033199414611
MAM_archive_offline 24 0 8 0.01862420901306905
MAM_archive_offline 24 0 9 0.0191402499913238
MAM_archive_offline 24 1 0 0.01771559301414527
MAM_archive_offline 24 1 1 0.019080666010268033
MAM_archive_offline 24 1 2 0.017552870005602017
MAM_archive_offline 24 1 3 0.017547511000884697
MAM_archive_offline 24 1 4 0.017533032019855455
MAM_archive_offline 24 1 5 0.018421929999021813
MAM_archive_offline 24 1 6 0.01915990700945258
MAM_archive_offline 24 1 7 0.019911812007194385
MAM_archive_offline 24 1 8 0.019979162025265396
MAM_archive_offline 24 1 9 0.020079713984159753
MAM_archive_offline 24 2 0 0.020434145000763237
MAM_archive_offline 24 2 1 0.01997056498657912
MAM_archive_offline 24 2 2 0.02042906600399874
MAM_archive_offline 24 2 3 0.019902114028809592
MAM_archive_offline 24 2 4 0.020289056992623955
MAM_archive_offline 24 2 5 0.020186850015306845
MAM_archive_offline 24 2 6 0.02387097798055038
MAM_archive_offline 24 2 7 0.026501381013076752
MAM_archive_offline 24 2 8 0.026580161997117102
MAM_archive_offline 24 2 9 0.02666765998583287
MAM_archive_offline 24 3 0 0.025134395982604474
MAM_archive_offline 24 3 1 0.021624893008265644
MAM_archive_offline 24 3 2 0.022464937006589025
MAM_archive_offline 24 3 3 0.023788260004948825
MAM_archive_offline 24 3 4 0.01922421102062799
MAM_archive_offline 24 3 5 0.01868019500398077
MAM_archive_offline 24 3 6 0.020329393999418244
MAM_archive_offline 24 3 7 0.01997918199049309
MAM_archive_offline 24 3 8 0.01882145699346438
MAM_archive_offline 24 3 9 0.018648917000973597
MAM_archive_offline 24 4 0 0.019023575994651765
MAM_archive_offline 24 4 1 0.02138250699499622
MAM_archive_offline 24 4 2 0.01971245900494978
MAM_archive_offline 24 4 3 0.020232197013683617
MAM_archive_offline 24 4 4 0.021464594989083707
MAM_archive_offline 24 4 5 0.021322432003216818
MAM_archive_offline 24 4 6 0.020964394003385678
MAM_archive_offline 24 4 7 0.021314145997166634
MAM_archive_offline 24 4 8 0.021184546989388764
MAM_archive_offline 24 4 9 0.019509268982801586
MAM_archive_offline 24 5 0 0.020871967019047588
MAM_archive_offline 24 5 1 0.0197118180221878
MAM_archive_offline 24 5 2 0.019893516990123317
MAM_archive_offline 24 5 3 0.01975751601275988
MAM_archive_offline 24 5 4 0.01950843699160032
MAM_archive_offline 24 5 5 0.019214141997508705
MAM_archive_offline 24 5 6 0.018902633019024506
MAM_archive_offline 24 5 7 0.02003698199405335
MAM_archive_offline 24 5 8 0.018891161016654223
MAM_archive_offline 24 5 9 0.01902603099006228
MAM_archive_offline 24 6 0 0.021233831997960806
MAM_archive_offline 24 6 1 0.027097997022792697
MAM_archive_offline 24 6 2 0.027067828981671482
MAM_archive_offline 24 6 3 0.026775067002745345
MAM_archive_offline 24 6 4 0.026643133984180167
MAM_archive_offline 24 6 5 0.02245061902794987
MAM_archive_offline 24 6 6 0.020129399985307828
MAM_archive_offline 24 6 7 0.020004891004646197
MAM_archive_offline 24 6 8 0.0223911150242202
MAM_archive_offline 24 6 9 0.021065759006887674
MAM_archive_offline 24 7 0 0.020376644999487326
MAM_archive_offline 24 7 1 0.020469473995035514
MAM_archive_offline 24 7 2 0.020284978993004188
MAM_archive_offline 24 7 3 0.01987935899524018
MAM_archive_offline 24 7 4 0.02013795601669699
MAM_archive_offline 24 7 5 0.019915329001378268
MAM_archive_offline 24 7 6 0.02024181600427255
MAM_archive_offline 24 7 7 0.019958882010541856
MAM_archive_offline 24 7 8 0.020003968995297328
MAM_archive_offline 24 7 9 0.02022657700581476
MAM_archive_offline 24 8 0 0.02027041101246141
MAM_archive_offline 24 8 1 0.020521413011010736
MAM_archive_offline 24 8 2 0.020458451996091753
MAM_archive_offline 24 8 3 0.020587289007380605
MAM_archive_offline 24 8 4 0.02082152900402434
MAM_archive_offline 24 8 5 0.021081058017443866
MAM_archive_offline 24 8 6 0.020454384008189663
MAM_archive_offline 24 8 7 0.019416519993683323
MAM_archive_offline 24 8 8 0.018882814998505637
MAM_archive_offline 24 8 9 0.01892682001926005
MAM_archive_offline 24 9 0 0.01859648499521427
MAM_archive_offline 24 9 1 0.018565004982519895
MAM_archive_offline 24 9 2 0.018856565002352
MAM_archive_offline 24 9 3 0.018416349979816005
MAM_archive_offline 24 9 4 0.018513195012928918
MAM_archive_offline 24 9 5 0.018766741995932534
MAM_archive_offline 24 9 6 0.01841265198891051
MAM_archive_offline 24 9 7 0.019336316996486858
MAM_archive_offline 24 9 8 0.01918464500340633
MAM_archive_offline 24 9 9 0.019423352990997955
MAM_archive_offline 30 0 0 0.03343579301144928
MAM_archive_offline 30 0 1 0.03269414801616222
MAM_archive_offline 30 0 2 0.030224494024878368
MAM_archive_offline 30 0 3 0.030328642984386533
MAM_archive_offline 30 0 4 0.0329486969858408
MAM_archive_offline 30 0 5 0.03699329699156806
MAM_archive_offline 30 0 6 0.03627883398439735
MAM_archive_offline 30 0 7 0.03572063200408593
MAM_archive_offline 30 0 8 0.035730098985368386
MAM_archive_offline 30 0 9 0.035100211011013016
MAM_archive_offline 30 1 0 0.03451176898670383
MAM_archive_offline 30 1 1 0.03478109699790366
MAM_archive_offline 30 1 2 0.034973456989973783
MAM_archive_offline 30 1 3 0.03284242301015183
MAM_archive_offline 30 1 4 0.030164547002641484
MAM_archive_offline 30 1 5 0.03007443601381965
MAM_archive_offline 30 1 6 0.0316429790109396
MAM_archive_offline 30 1 7 0.030100445001153275
MAM_archive_offline 30 1 8 0.030560479004634544
MAM_archive_offline 30 1 9 0.03131745298742317
MAM_archive_offline 30 2 0 0.030369762011105195
MAM_archive_offline 30 2 1 0.03219957699184306
MAM_archive_offline 30 2 2 0.03227828899980523
MAM_archive_offline 30 2 3 0.03138835899881087
MAM_archive_offline 30 2 4 0.030335156014189124
MAM_archive_offline 30 2 5 0.032916424999712035
MAM_archive_offline 30 2 6 0.033342843991704285
MAM_archive_offline 30 2 7 0.031481407990213484
MAM_archive_offline 30 2 8 0.03111089699086733
MAM_archive_offline 30 2 9 0.03107404601178132
MAM_archive_offline 30 3 0 0.034789743018336594
MAM_archive_offline 30 3 1 0.03417710599023849
MAM_archive_offline 30 3 2 0.032180289999814704
MAM_archive_offline 30 3 3 0.030672865017550066
MAM_archive_offline 30 3 4 0.03163807900273241
MAM_archive_offline 30 3 5 0.03287399301188998
MAM_archive_offline 30 3 6 0.029288123012520373
MAM_archive_offline 30 3 7 0.029274617991177365
MAM_archive_offline 30 3 8 0.02940336600295268
MAM_archive_offline 30 3 9 0.029441799997584894
MAM_archive_offline 30 4 0 0.030308244982734323
MAM_archive_offline 30 4 1 0.030762056005187333
MAM_archive_offline 30 4 2 0.031069184973603114
MAM_archive_offline 30 4 3 0.030535319994669408
MAM_archive_offline 30 4 4 0.02989666399662383
MAM_archive_offline 30 4 5 0.03231192400562577
MAM_archive_offline 30 4 6 0.029355604987358674
MAM_archive_offline 30 4 7 0.03157640001154505
MAM_archive_offline 30 4 8 0.032751065999036655
MAM_archive_offline 30 4 9 0.03367643398814835
MAM_archive_offline 30 5 0 0.034895507007604465
MAM_archive_offline 30 5 1 0.03776967799058184
MAM_archive_offline 30 5 2 0.03617910301545635
MAM_archive_offline 30 5 3 0.042789521015947685
MAM_archive_offline 30 5 4 0.035449360992060974
MAM_archive_offline 30 5 5 0.032473293016664684
MAM_archive_offline 30 5 6 0.030968551989644766
MAM_archive_offline 30 5 7 0.033264803991187364
MAM_archive_offline 30 5 8 0.03302412200719118
MAM_archive_offline 30 5 9 0.0340252949972637
MAM_archive_offline 30 6 0 0.03173101699212566
MAM_archive_offline 30 6 1 0.03330000099958852
MAM_archive_offline 30 6 2 0.03532166499644518
MAM_archive_offline 30 6 3 0.0311285599891562
MAM_archive_offline 30 6 4 0.02974411001196131
MAM_archive_offline 30 6 5 0.029000151000218466
MAM_archive_offline 30 6 6 0.03230910800630227
MAM_archive_offline 30 6 7 0.03018527801032178
MAM_archive_offline 30 6 8 0.028769447992090136
MAM_archive_offline 30 6 9 0.02892749197781086
MAM_archive_offline 30 7 0 0.02877071002149023
MAM_archive_offline 30 7 1 0.02880123900831677
MAM_archive_offline 30 7 2 0.0295746439951472
MAM_archive_offline 30 7 3 0.029006564000155777
MAM_archive_offline 30 7 4 0.02982714000972919
MAM_archive_offline 30 7 5 0.0309968669898808
MAM_archive_offline 30 7 6 0.0341758239956107
MAM_archive_offline 30 7 7 0.03388239999185316
MAM_archive_offline 30 7 8 0.031462871993426234
MAM_archive_offline 30 7 9 0.03303462199983187
MAM_archive_offline 30 8 0 0.03175175699288957
MAM_archive_offline 30 8 1 0.028596034011570737
MAM_archive_offline 30 8 2 0.030147545010549948
MAM_archive_offline 30 8 3 0.030681650998303667
MAM_archive_offline 30 8 4 0.03034952300367877
MAM_archive_offline 30 8 5 0.027621532004559413
MAM_archive_offline 30 8 6 0.02716900297673419
MAM_archive_offline 30 8 7 0.02736849701614119
MAM_archive_offline 30 8 8 0.028284596977755427
MAM_archive_offline 30 8 9 0.027847546996781603
MAM_archive_offline 30 9 0 0.032664530008332804
MAM_archive_offline 30 9 1 0.030280159990070388
MAM_archive_offline 30 9 2 0.030077700997935608
MAM_archive_offline 30 9 3 0.031501808000029996
MAM_archive_offline 30 9 4 0.030945619015255943
MAM_archive_offline 30 9 5 0.02843460501753725
MAM_archive_offline 30 9 6 0.027340261993231252
MAM_archive_offline 30 9 7 0.026979599992046133
MAM_archive_offline 30 9 8 0.028251823008758947
MAM_archive_offline 30 9 9 0.02830549600184895
MAM_archive_offline 33 0 0 0.009382003016071394
MAM_archive_offline 33 0 1 0.00811609099037014
MAM_archive_offline 33 0 2 0.008146270003635436
MAM_archive_offline 33 0 3 0.008566756994696334
MAM_archive_offline 33 0 4 0.008098227001028135
MAM_archive_offline 33 0 5 0.008294704020954669
MAM_archive_offline 33 0 6 0.007917070004623383
MAM_archive_offline 33 0 7 0.007857113989302889
MAM_archive_offline 33 0 8 0.007889266009442508
MAM_archive_offline 33 0 9 0.00924226499046199
MAM_archive_offline 33 1 0 0.009212077013216913
MAM_archive_offline 33 1 1 0.008952739008236676
MAM_archive_offline 33 1 2 0.009244999993825331
MAM_archive_offline 33 1 3 0.009934375004377216
MAM_archive_offline 33 1 4 0.009599280980182812
MAM_archive_offline 33 1 5 0.00929270198685117
MAM_archive_offline 33 1 6 0.009106695011723787
MAM_archive_offline 33 1 7 0.009015508985612541
MAM_archive_offline 33 1 8 0.008717786986380816
MAM_archive_offline 33 1 9 0.008192508015781641
MAM_archive_offline 33 2 0 0.007945844990899786
MAM_archive_offline 33 2 1 0.007970562000991777
MAM_archive_offline 33 2 2 0.00818936200812459
MAM_archive_offline 33 2 3 0.007896249007899314
MAM_archive_offline 33 2 4 0.007968277001054958
MAM_archive_offline 33 2 5 0.008204762008972466
MAM_archive_offline 33 2 6 0.009808792994590476
MAM_archive_offline 33 2 7 0.008221723983297125
MAM_archive_offline 33 2 8 0.008094860007986426
MAM_archive_offline 33 2 9 0.0080297660024371
MAM_archive_offline 33 3 0 0.008487896004226059
MAM_archive_offline 33 3 1 0.009004438004922122
MAM_archive_offline 33 3 2 0.007708849007030949
MAM_archive_offline 33 3 3 0.007601994002470747
MAM_archive_offline 33 3 4 0.0076963249885011464
MAM_archive_offline 33 3 5 0.007737154024653137
MAM_archive_offline 33 3 6 0.007569762005005032
MAM_archive_offline 33 3 7 0.007809782982803881
MAM_archive_offline 33 3 8 0.007742023008177057
MAM_archive_offline 33 3 9 0.007696605985984206
MAM_archive_offline 33 4 0 0.0076307499839458615
MAM_archive_offline 33 4 1 0.00768197700381279
MAM_archive_offline 33 4 2 0.007649134990060702
MAM_archive_offline 33 4 3 0.0075543419807218015
MAM_archive_offline 33 4 4 0.007596081995870918
MAM_archive_offline 33 4 5 0.007585732004372403
MAM_archive_offline 33 4 6 0.007756250008242205
MAM_archive_offline 33 4 7 0.007572736998554319
MAM_archive_offline 33 4 8 0.007689882011618465
MAM_archive_offline 33 4 9 0.007708277989877388
MAM_archive_offline 33 5 0 0.00758887900155969
MAM_archive_offline 33 5 1 0.007711414014920592
MAM_archive_offline 33 5 2 0.007629728002939373
MAM_archive_offline 33 5 3 0.007701614988036454
MAM_archive_offline 33 5 4 0.00827749102609232
MAM_archive_offline 33 5 5 0.007833138020941988
MAM_archive_offline 33 5 6 0.007678790978388861
MAM_archive_offline 33 5 7 0.007553439994808286
MAM_archive_offline 33 5 8 0.007681877003051341
MAM_archive_offline 33 5 9 0.007828358007827774
MAM_archive_offline 33 6 0 0.00788701098645106
MAM_archive_offline 33 6 1 0.00790992600377649
MAM_archive_offline 33 6 2 0.00796496999100782
MAM_archive_offline 33 6 3 0.007897693023551255
MAM_archive_offline 33 6 4 0.008351363008841872
MAM_archive_offline 33 6 5 0.00785676299710758
MAM_archive_offline 33 6 6 0.008057328988797963
MAM_archive_offline 33 6 7 0.007864035986131057
MAM_archive_offline 33 6 8 0.00792596599785611
MAM_archive_offline 33 6 9 0.007930894993478432
MAM_archive_offline 33 7 0 0.008041577006224543
MAM_archive_offline 33 7 1 0.00767728898790665
MAM_archive_offline 33 7 2 0.007642841985216364
MAM_archive_offline 33 7 3 0.007603557984111831
MAM_archive_offline 33 7 4 0.007716232998063788
MAM_archive_offline 33 7 5 0.007673170999623835
MAM_archive_offline 33 7 6 0.007585482991999015
MAM_archive_offline 33 7 7 0.007987074000993744
MAM_archive_offline 33 7 8 0.008309061988256872
MAM_archive_offline 33 7 9 0.008226645004469901
MAM_archive_offline 33 8 0 0.007977313973242417
MAM_archive_offline 33 8 1 0.007987874996615574
MAM_archive_offline 33 8 2 0.008027901989407837
MAM_archive_offline 33 8 3 0.007995980995474383
MAM_archive_offline 33 8 4 0.00792928200098686
MAM_archive_offline 33 8 5 0.007964049000293016
MAM_archive_offline 33 8 6 0.007982404989888892
MAM_archive_offline 33 8 7 0.007937759015476331
MAM_archive_offline 33 8 8 0.007973406987730414
MAM_archive_offline 33 8 9 0.009647653991123661
MAM_archive_offline 33 9 0 0.008494768990203738
MAM_archive_offline 33 9 1 0.009326636994956061
MAM_archive_offline 33 9 2 0.00797558098565787
MAM_archive_offline 33 9 3 0.010348960990086198
MAM_archive_offline 33 9 4 0.009891362016787753
MAM_archive_offline 33 9 5 0.008251381979789585
MAM_archive_offline 33 9 6 0.008537469984730706
MAM_archive_offline 33 9 7 0.008212376007577404
MAM_archive_offline 33 9 8 0.00792887099669315
MAM_archive_offline 33 9 9 0.007914213987533003
MAM_archive_offline 36 0 0 0.008687911002198234
MAM_archive_offline 36 0 1 0.008559333015000448
MAM_archive_offline 36 0 2 0.008522621996235102
MAM_archive_offline 36 0 3 0.008536398003343493
MAM_archive_offline 36 0 4 0.008521490002749488
MAM_archive_offline 36 0 5 0.008530477003660053
MAM_archive_offline 36 0 6 0.008560936024878174
MAM_archive_offline 36 0 7 0.008492495020618662
MAM_archive_offline 36 0 8 0.008520408009644598
MAM_archive_offline 36 0 9 0.008517783018760383
MAM_archive_offline 36 1 0 0.26057392702205107
MAM_archive_offline 36 1 1 0.008432008005911484
MAM_archive_offline 36 1 2 0.008190684980945662
MAM_archive_offline 36 1 3 0.008171858004061505
MAM_archive_offline 36 1 4 0.008156319003319368
MAM_archive_offline 36 1 5 0.008103056985419244
MAM_archive_offline 36 1 6 0.008150729001499712
MAM_archive_offline 36 1 7 0.008100692997686565
MAM_archive_offline 36 1 8 0.008092647010926157
MAM_archive_offline 36 1 9 0.008124726999085397
MAM_archive_offline 36 2 0 0.008577767992392182
MAM_archive_offline 36 2 1 0.008540395996533334
MAM_archive_offline 36 2 2 0.008507402992108837
MAM_archive_offline 36 2 3 0.008526760007953271
MAM_archive_offline 36 2 4 0.008486923994496465
MAM_archive_offline 36 2 5 0.00849140199716203
MAM_archive_offline 36 2 6 0.008503125020070001
MAM_archive_offline 36 2 7 0.00849784497404471
MAM_archive_offline 36 2 8 0.00849645200651139
MAM_archive_offline 36 2 9 0.00850644099409692
MAM_archive_offline 36 3 0 0.008565283991629258
MAM_archive_offline 36 3 1 0.008750920998863876
MAM_archive_offline 36 3 2 0.008690604998264462
MAM_archive_offline 36 3 3 0.00872774698655121
MAM_archive_offline 36 3 4 0.008713999995961785
MAM_archive_offline 36 3 5 0.008756863011512905
MAM_archive_offline 36 3 6 0.008812539977952838
MAM_archive_offline 36 3 7 0.00877864399808459
MAM_archive_offline 36 3 8 0.008790516993030906
MAM_archive_offline 36 3 9 0.008779105002759025
MAM_archive_offline 36 4 0 0.008353045996045694
MAM_archive_offline 36 4 1 0.008334081008797511
MAM_archive_offline 36 4 2 0.008348938979906961
MAM_archive_offline 36 4 3 0.008374857978196815
MAM_archive_offline 36 4 4 0.008296268002595752
MAM_archive_offline 36 4 5 0.00828219999675639
MAM_archive_offline 36 4 6 0.008276970009319484
MAM_archive_offline 36 4 7 0.008208328974433243
MAM_archive_offline 36 4 8 0.008249937993241474
MAM_archive_offline 36 4 9 0.008269064972409979
MAM_archive_offline 36 5 0 0.008269356010714546
MAM_archive_offline 36 5 1 0.008275166008388624
MAM_archive_offline 36 5 2 0.008215973997721449
MAM_archive_offline 36 5 3 0.008212535991333425
MAM_archive_offline 36 5 4 0.008212076005293056
MAM_archive_offline 36 5 5 0.008254576998297125
MAM_archive_offline 36 5 6 0.008276809996459633
MAM_archive_offline 36 5 7 0.008215391979319975
MAM_archive_offline 36 5 8 0.008189201995264739
MAM_archive_offline 36 5 9 0.008181316981790587
MAM_archive_offline 36 6 0 0.008165336010279134
MAM_archive_offline 36 6 1 0.008143614017171785
MAM_archive_offline 36 6 2 0.008177009003702551
MAM_archive_offline 36 6 3 0.008140948979416862
MAM_archive_offline 36 6 4 0.008147893007844687
MAM_archive_offline 36 6 5 0.008146940992446616
MAM_archive_offline 36 6 6 0.008160146011505276
MAM_archive_offline 36 6 7 0.008172920992365107
MAM_archive_offline 36 6 8 0.008174543996574357
MAM_archive_offline 36 6 9 0.008243005984695628
MAM_archive_offline 36 7 0 0.00958150700898841
MAM_archive_offline 36 7 1 0.010358069004723802
MAM_archive_offline 36 7 2 0.008742414996959269
MAM_archive_offline 36 7 3 0.008497825008817017
MAM_archive_offline 36 7 4 0.008724790997803211
MAM_archive_offline 36 7 5 0.010793043009471148
MAM_archive_offline 36 7 6 0.008635209000203758
MAM_archive_offline 36 7 7 0.00858107500243932
MAM_archive_offline 36 7 8 0.00851653001154773
MAM_archive_offline 36 7 9 0.008546659024432302
MAM_archive_offline 36 8 0 0.008515438996255398
MAM_archive_offline 36 8 1 0.008559542999137193
MAM_archive_offline 36 8 2 0.00855751900235191
MAM_archive_offline 36 8 3 0.008575564017519355
MAM_archive_offline 36 8 4 0.009332959016319364
MAM_archive_offline 36 8 5 0.008625579997897148
MAM_archive_offline 36 8 6 0.009903875994496047
MAM_archive_offline 36 8 7 0.008720271987840533
MAM_archive_offline 36 8 8 0.008631631993921474
MAM_archive_offline 36 8 9 0.00905352202244103
MAM_archive_offline 36 9 0 0.008730372006539255
MAM_archive_offline 36 9 1 0.011624912993283942
MAM_archive_offline 36 9 2 0.008881321002263576
MAM_archive_offline 36 9 3 0.008530437014997005
MAM_archive_offline 36 9 4 0.00851380598032847
MAM_archive_offline 36 9 5 0.008591735997470096
MAM_archive_offline 36 9 6 0.00851879597757943
MAM_archive_offline 36 9 7 0.008551648003049195
MAM_archive_offline 36 9 8 0.008886049996362999
MAM_archive_offline 36 9 9 0.008571566984755918
MAM_archive_offline 40 0 0 0.005424491013400257
MAM_archive_offline 40 0 1 0.0052012619853485376
MAM_archive_offline 40 0 2 0.00516989198513329
MAM_archive_offline 40 0 3 0.0051591109950095415
MAM_archive_offline 40 0 4 0.005173789017135277
MAM_archive_offline 40 0 5 0.005134553997777402
MAM_archive_offline 40 0 6 0.0051393029862083495
MAM_archive_offline 40 0 7 0.005156614992301911
MAM_archive_offline 40 0 8 0.0051518669934012
MAM_archive_offline 40 0 9 0.005179198982659727
MAM_archive_offline 40 1 0 0.00533651202567853
MAM_archive_offline 40 1 1 0.00522843498038128
MAM_archive_offline 40 1 2 0.005257089011138305
MAM_archive_offline 40 1 3 0.005142248992342502
MAM_archive_offline 40 1 4 0.005192535987589508
MAM_archive_offline 40 1 5 0.005192634998820722
MAM_archive_offline 40 1 6 0.00513595700613223
MAM_archive_offline 40 1 7 0.005777137994300574
MAM_archive_offline 40 1 8 0.006225239980267361
MAM_archive_offline 40 1 9 0.005484505003551021
MAM_archive_offline 40 2 0 0.005422667018137872
MAM_archive_offline 40 2 1 0.0051521179848350585
MAM_archive_offline 40 2 2 0.005532718991162255
MAM_archive_offline 40 2 3 0.005284743005177006
MAM_archive_offline 40 2 4 0.0051885579887311906
MAM_archive_offline 40 2 5 0.00688163100858219
MAM_archive_offline 40 2 6 0.006986401014728472
MAM_archive_offline 40 2 7 0.006960491999052465
MAM_archive_offline 40 2 8 0.0070580579922534525
MAM_archive_offline 40 2 9 0.005218364996835589
MAM_archive_offline 40 3 0 0.005172466015210375
MAM_archive_offline 40 3 1 0.0052424110181164
MAM_archive_offline 40 3 2 0.0051958019903395325
MAM_archive_offline 40 3 3 0.0065958510094787925
MAM_archive_offline 40 3 4 0.0070105680206324905
MAM_archive_offline 40 3 5 0.0062921080098021775
MAM_archive_offline 40 3 6 0.005493894015671685
MAM_archive_offline 40 3 7 0.00524092698469758
MAM_archive_offline 40 3 8 0.005194077995838597
MAM_archive_offline 40 3 9 0.005287809006404132
MAM_archive_offline 40 4 0 0.004941011982737109
MAM_archive_offline 40 4 1 0.004920973995467648
MAM_archive_offline 40 4 2 0.0049291690229438245
MAM_archive_offline 40 4 3 0.004916505014989525
MAM_archive_offline 40 4 4 0.004932707000989467
MAM_archive_offline 40 4 5 0.00501307999365963
MAM_archive_offline 40 4 6 0.004944918997352943
MAM_archive_offline 40 4 7 0.004952554008923471
MAM_archive_offline 40 4 8 0.004923878994304687
MAM_archive_offline 40 4 9 0.004942675004713237
MAM_archive_offline 40 5 0 0.005974247003905475
MAM_archive_offline 40 5 1 0.006208106002304703
MAM_archive_offline 40 5 2 0.0056955619947984815
MAM_archive_offline 40 5 3 0.004967032000422478
MAM_archive_offline 40 5 4 0.0049419440038036555
MAM_archive_offline 40 5 5 0.004971120011759922
MAM_archive_offline 40 5 6 0.004947293025907129
MAM_archive_offline 40 5 7 0.00494634301867336
MAM_archive_offline 40 5 8 0.004932294978061691
MAM_archive_offline 40 5 9 0.004949097987264395
MAM_archive_offline 40 6 0 0.004965658998116851
MAM_archive_offline 40 6 1 0.004931163013679907
MAM_archive_offline 40 6 2 0.0049418939743191
MAM_archive_offline 40 6 3 0.004935471020871773
MAM_archive_offline 40 6 4 0.004954378004185855
MAM_archive_offline 40 6 5 0.004925251007080078
MAM_archive_offline 40 6 6 0.004936842975439504
MAM_archive_offline 40 6 7 0.004947875015204772
MAM_archive_offline 40 6 8 0.004946683009620756
MAM_archive_offline 40 6 9 0.004924890992697328
MAM_archive_offline 40 7 0 0.004916064004646614
MAM_archive_offline 40 7 1 0.004906796006252989
MAM_archive_offline 40 7 2 0.004933407006319612
MAM_archive_offline 40 7 3 0.0048833719920367
MAM_archive_offline 40 7 4 0.00493779600947164
MAM_archive_offline 40 7 5 0.00490415099193342
MAM_archive_offline 40 7 6 0.004893279983662069
MAM_archive_offline 40 7 7 0.004928998998366296
MAM_archive_offline 40 7 8 0.004941402992699295
MAM_archive_offline 40 7 9 0.00490805899607949
MAM_archive_offline 40 8 0 0.005280333978589624
MAM_archive_offline 40 8 1 0.006175293994601816
MAM_archive_offline 40 8 2 0.005407307005953044
MAM_archive_offline 40 8 3 0.00516484200488776
MAM_archive_offline 40 8 4 0.005134653998538852
MAM_archive_offline 40 8 5 0.005137779982760549
MAM_archive_offline 40 8 6 0.005125024996232241
MAM_archive_offline 40 8 7 0.00515403100871481
MAM_archive_offline 40 8 8 0.005147618998307735
MAM_archive_offline 40 8 9 0.005155043996637687
MAM_archive_offline 40 9 0 0.004927094996673986
MAM_archive_offline 40 9 1 0.00492956000380218
MAM_archive_offline 40 9 2 0.004933257005177438
MAM_archive_offline 40 9 3 0.004924701002892107
MAM_archive_offline 40 9 4 0.004942904983181506
MAM_archive_offline 40 9 5 0.005048488994361833
MAM_archive_offline 40 9 6 0.0049565910012461245
MAM_archive_offline 40 9 7 0.00496969697996974
MAM_archive_offline 40 9 8 0.004974085983121768
MAM_archive_offline 40 9 9 0.004995575989596546
MAM_archive_offline 47 0 0 0.07451779200346209
MAM_archive_offline 47 0 1 0.07369756698608398
MAM_archive_offline 47 0 2 0.07087406300706789
MAM_archive_offline 47 0 3 0.06382398898131214
MAM_archive_offline 47 0 4 0.06349564899574034
MAM_archive_offline 47 0 5 0.06924273798358627
MAM_archive_offline 47 0 6 0.06784795998828486
MAM_archive_offline 47 0 7 0.07105681300163269
MAM_archive_offline 47 0 8 0.07559216700610705
MAM_archive_offline 47 0 9 0.07284866599366069
MAM_archive_offline 47 1 0 0.06897162800305523
MAM_archive_offline 47 1 1 0.06460753400460817
MAM_archive_offline 47 1 2 0.0644639580277726
MAM_archive_offline 47 1 3 0.06436429699533619
MAM_archive_offline 47 1 4 0.06486233402392827
MAM_archive_offline 47 1 5 0.0679700939799659
MAM_archive_offline 47 1 6 0.06901251600356773
MAM_archive_offline 47 1 7 0.07511514899670146
MAM_archive_offline 47 1 8 0.081791845994303
MAM_archive_offline 47 1 9 0.07157342598657124
MAM_archive_offline 47 2 0 0.07314023602521047
MAM_archive_offline 47 2 1 0.06874017301015556
MAM_archive_offline 47 2 2 0.06516510498477146
MAM_archive_offline 47 2 3 0.06374390400014818
MAM_archive_offline 47 2 4 0.06574167299550027
MAM_archive_offline 47 2 5 0.06921359201078303
MAM_archive_offline 47 2 6 0.06941234497935511
MAM_archive_offline 47 2 7 0.06749311700696126
MAM_archive_offline 47 2 8 0.0662897550209891
MAM_archive_offline 47 2 9 0.06745739799225703
MAM_archive_offline 47 3 0 0.06768078700406477
MAM_archive_offline 47 3 1 0.06799239601241425
MAM_archive_offline 47 3 2 0.06837126397294924
MAM_archive_offline 47 3 3 0.07511001999955624
MAM_archive_offline 47 3 4 0.06864863701048307
MAM_archive_offline 47 3 5 0.06769171901396476
MAM_archive_offline 47 3 6 0.0689250279974658
MAM_archive_offline 47 3 7 0.06569563399534672
MAM_archive_offline 47 3 8 0.067060205998132
MAM_archive_offline 47 3 9 0.06604560601408593
MAM_archive_offline 47 4 0 0.06538588900002651
MAM_archive_offline 47 4 1 0.0727896320167929
MAM_archive_offline 47 4 2 0.07338153998716734
MAM_archive_offline 47 4 3 0.07133725201128982
MAM_archive_offline 47 4 4 0.07660675499937497
MAM_archive_offline 47 4 5 0.08149639700422995
MAM_archive_offline 47 4 6 0.07535843600635417
MAM_archive_offline 47 4 7 0.07260744197992608
MAM_archive_offline 47 4 8 0.07139376000850461
MAM_archive_offline 47 4 9 0.07471840697689913
MAM_archive_offline 47 5 0 0.07652156098629348
MAM_archive_offline 47 5 1 0.07051433098968118
MAM_archive_offline 47 5 2 0.06881727100699209
MAM_archive_offline 47 5 3 0.07415517498156987
MAM_archive_offline 47 5 4 0.07312093800283037
MAM_archive_offline 47 5 5 0.07330800799536519
MAM_archive_offline 47 5 6 0.06964706399594434
MAM_archive_offline 47 5 7 0.06551744099124335
MAM_archive_offline 47 5 8 0.06754661997547373
MAM_archive_offline 47 5 9 0.06637695300742052
MAM_archive_offline 47 6 0 0.07464236000669189
MAM_archive_offline 47 6 1 0.06569614401087165
MAM_archive_offline 47 6 2 0.06496828599483706
MAM_archive_offline 47 6 3 0.06668317099683918
MAM_archive_offline 47 6 4 0.0647041289776098
MAM_archive_offline 47 6 5 0.062240986997494474
MAM_archive_offline 47 6 6 0.061893408972537145
MAM_archive_offline 47 6 7 0.061241666990099475
MAM_archive_offline 47 6 8 0.06095714098773897
MAM_archive_offline 47 6 9 0.06296567901154049
MAM_archive_offline 47 7 0 0.06344408899894916
MAM_archive_offline 47 7 1 0.0731697519950103
MAM_archive_offline 47 7 2 0.06490717898122966
MAM_archive_offline 47 7 3 0.06322301298496313
MAM_archive_offline 47 7 4 0.061254051979631186
MAM_archive_offline 47 7 5 0.07052279700292274
MAM_archive_offline 47 7 6 0.0704823790001683
MAM_archive_offline 47 7 7 0.0633428430010099
MAM_archive_offline 47 7 8 0.062015364004764706
MAM_archive_offline 47 7 9 0.06300987402210012
MAM_archive_offline 47 8 0 0.06733111600624397
MAM_archive_offline 47 8 1 0.06929185098852031
MAM_archive_offline 47 8 2 0.06075589399551973
MAM_archive_offline 47 8 3 0.06357138301245868
MAM_archive_offline 47 8 4 0.0655501039873343
MAM_archive_offline 47 8 5 0.0631137730088085
MAM_archive_offline 47 8 6 0.06616371200652793
MAM_archive_offline 47 8 7 0.06280224601505324
MAM_archive_offline 47 8 8 0.06277313901227899
MAM_archive_offline 47 8 9 0.06241169502027333
MAM_archive_offline 47 9 0 0.06259463698370382
MAM_archive_offline 47 9 1 0.07046511501539499
MAM_archive_offline 47 9 2 0.06504116600262932
MAM_archive_offline 47 9 3 0.06376490398542956
MAM_archive_offline 47 9 4 0.06395879699266516
MAM_archive_offline 47 9 5 0.06255475897341967
MAM_archive_offline 47 9 6 0.06146377298864536
MAM_archive_offline 47 9 7 0.06460878500365652
MAM_archive_offline 47 9 8 0.06613212201045826
MAM_archive_offline 47 9 9 0.07470894799917005
MAM_archive_offline 51 0 0 0.035469196998747066
MAM_archive_offline 51 0 1 0.0287132489902433
MAM_archive_offline 51 0 2 0.028561025974340737
MAM_archive_offline 51 0 3 0.028047459985828027
MAM_archive_offline 51 0 4 0.02731992202461697
MAM_archive_offline 51 0 5 0.02668254802119918
MAM_archive_offline 51 0 6 0.029726325010415167
MAM_archive_offline 51 0 7 0.031922483001835644
MAM_archive_offline 51 0 8 0.032405532023403794
MAM_archive_offline 51 0 9 0.02844063498196192
MAM_archive_offline 51 1 0 0.02878816198790446
MAM_archive_offline 51 1 1 0.029743006976787
MAM_archive_offline 51 1 2 0.027218908013310283
MAM_archive_offline 51 1 3 0.02713367500109598
MAM_archive_offline 51 1 4 0.026819571008672938
MAM_archive_offline 51 1 5 0.025838477013166994
MAM_archive_offline 51 1 6 0.025724458013428375
MAM_archive_offline 51 1 7 0.026807207003002986
MAM_archive_offline 51 1 8 0.02946796899777837
MAM_archive_offline 51 1 9 0.02634827501606196
MAM_archive_offline 51 2 0 0.02599514799658209
MAM_archive_offline 51 2 1 0.02890750198275782
MAM_archive_offline 51 2 2 0.02789295298862271
MAM_archive_offline 51 2 3 0.027300526009639725
MAM_archive_offline 51 2 4 0.02826526900753379
MAM_archive_offline 51 2 5 0.02673037999193184
MAM_archive_offline 51 2 6 0.025327876006485894
MAM_archive_offline 51 2 7 0.0265929960005451
MAM_archive_offline 51 2 8 0.027658732986310497
MAM_archive_offline 51 2 9 0.028493707010056823
MAM_archive_offline 51 3 0 0.027646049013128504
MAM_archive_offline 51 3 1 0.03028934699250385
MAM_archive_offline 51 3 2 0.028365210018819198
MAM_archive_offline 51 3 3 0.028870289999758825
MAM_archive_offline 51 3 4 0.029605854011606425
MAM_archive_offline 51 3 5 0.02678362198639661
MAM_archive_offline 51 3 6 0.025869856995996088
MAM_archive_offline 51 3 7 0.025400263984920457
MAM_archive_offline 51 3 8 0.025041736022103578
MAM_archive_offline 51 3 9 0.02496095100650564
MAM_archive_offline 51 4 0 0.024682204995770007
MAM_archive_offline 51 4 1 0.02703679900150746
MAM_archive_offline 51 4 2 0.027460523007903248
MAM_archive_offline 51 4 3 0.027249056001892313
MAM_archive_offline 51 4 4 0.026587575004668906
MAM_archive_offline 51 4 5 0.02747309600817971
MAM_archive_offline 51 4 6 0.028522933018393815
MAM_archive_offline 51 4 7 0.027967878006165847
MAM_archive_offline 51 4 8 0.02530628300155513
MAM_archive_offline 51 4 9 0.025622471002861857
MAM_archive_offline 51 5 0 0.02487726998515427
MAM_archive_offline 51 5 1 0.02562930400017649
MAM_archive_offline 51 5 2 0.02480664398171939
MAM_archive_offline 51 5 3 0.02742918298463337
MAM_archive_offline 51 5 4 0.028239367995411158
MAM_archive_offline 51 5 5 0.02830671801348217
MAM_archive_offline 51 5 6 0.028085594007279724
MAM_archive_offline 51 5 7 0.02904610801488161
MAM_archive_offline 51 5 8 0.027668291004374623
MAM_archive_offline 51 5 9 0.02804892198764719
MAM_archive_offline 51 6 0 0.04004598900792189
MAM_archive_offline 51 6 1 0.03613799199229106
MAM_archive_offline 51 6 2 0.031907113996567205
MAM_archive_offline 51 6 3 0.0318149579979945
MAM_archive_offline 51 6 4 0.028887102991575375
MAM_archive_offline 51 6 5 0.025084528024308383
MAM_archive_offline 51 6 6 0.024775483005214483
MAM_archive_offline 51 6 7 0.024466080009005964
MAM_archive_offline 51 6 8 0.02454247701098211
MAM_archive_offline 51 6 9 0.024982710980111733
MAM_archive_offline 51 7 0 0.024772999982815236
MAM_archive_offline 51 7 1 0.025871079007629305
MAM_archive_offline 51 7 2 0.028333619004115462
MAM_archive_offline 51 7 3 0.02922690601553768
MAM_archive_offline 51 7 4 0.02820309900562279
MAM_archive_offline 51 7 5 0.027676655998220667
MAM_archive_offline 51 7 6 0.028946687001734972
MAM_archive_offline 51 7 7 0.039518185978522524
MAM_archive_offline 51 7 8 0.03417291701771319
MAM_archive_offline 51 7 9 0.03222659800667316
MAM_archive_offline 51 8 0 0.030569424998247996
MAM_archive_offline 51 8 1 0.030193521990440786
MAM_archive_offline 51 8 2 0.02998637402197346
MAM_archive_offline 51 8 3 0.031455987016670406
MAM_archive_offline 51 8 4 0.030810849013505504
MAM_archive_offline 51 8 5 0.030492586985928938
MAM_archive_offline 51 8 6 0.031669478019466624
MAM_archive_offline 51 8 7 0.030272223986685276
MAM_archive_offline 51 8 8 0.030954793997807428
MAM_archive_offline 51 8 9 0.030614311021054164
MAM_archive_offline 51 9 0 0.031526812992524356
MAM_archive_offline 51 9 1 0.031898666988126934
MAM_archive_offline 51 9 2 0.030542803986463696
MAM_archive_offline 51 9 3 0.034342943981755525
MAM_archive_offline 51 9 4 0.029653183999471366
MAM_archive_offline 51 9 5 0.02823802499915473
MAM_archive_offline 51 9 6 0.026434661995153874
MAM_archive_offline 51 9 7 0.026806985988514498
MAM_archive_offline 51 9 8 0.027534544002264738
MAM_archive_offline 51 9 9 0.027691636001691222
MAM_archive_offline 52 0 0 0.9438379360071849
MAM_archive_offline 52 0 1 0.9463279870105907
MAM_archive_offline 52 0 2 0.9368535919929855
MAM_archive_offline 52 0 3 0.9095854579936713
MAM_archive_offline 52 0 4 0.9504075639997609
MAM_archive_offline 52 0 5 0.9514287839992903
MAM_archive_offline 52 0 6 0.9388043389772065
MAM_archive_offline 52 0 7 0.9390871790237725
MAM_archive_offline 52 0 8 0.9107828130072448
MAM_archive_offline 52 0 9 0.9112222859985195
MAM_archive_offline 52 1 0 0.8835195360006765
MAM_archive_offline 52 1 1 0.9180185250006616
MAM_archive_offline 52 1 2 0.919087424990721
MAM_archive_offline 52 1 3 0.9346886220155284
MAM_archive_offline 52 1 4 0.9563996749930084
MAM_archive_offline 52 1 5 0.9068728419952095
MAM_archive_offline 52 1 6 0.9738833740120754
MAM_archive_offline 52 1 7 0.926819282991346
MAM_archive_offline 52 1 8 0.9364342400222085
MAM_archive_offline 52 1 9 0.9178650460089557
MAM_archive_offline 52 2 0 0.9377439600066282
MAM_archive_offline 52 2 1 0.9827703099872451
MAM_archive_offline 52 2 2 0.9159425140242092
MAM_archive_offline 52 2 3 0.9177161999978125
MAM_archive_offline 52 2 4 0.9087443519965746
MAM_archive_offline 52 2 5 0.8632669400249142
MAM_archive_offline 52 2 6 0.8904429200047161
MAM_archive_offline 52 2 7 0.8928681969991885
MAM_archive_offline 52 2 8 0.9052482949919067
MAM_archive_offline 52 2 9 0.9972286889969837
MAM_archive_offline 52 3 0 1.0006817399989814
MAM_archive_offline 52 3 1 0.9078264589770697
MAM_archive_offline 52 3 2 0.8982724939996842
MAM_archive_offline 52 3 3 0.948986587987747
MAM_archive_offline 52 3 4 0.946660587011138
MAM_archive_offline 52 3 5 0.8850649159867316
MAM_archive_offline 52 3 6 0.9435161519795656
MAM_archive_offline 52 3 7 0.9083875200012699
MAM_archive_offline 52 3 8 0.9072387409978546
MAM_archive_offline 52 3 9 0.908114331017714
MAM_archive_offline 52 4 0 0.8759615749877412
MAM_archive_offline 52 4 1 0.9012957470258698
MAM_archive_offline 52 4 2 0.9233360099897254
MAM_archive_offline 52 4 3 0.8938784549827687
MAM_archive_offline 52 4 4 0.906059169996297
MAM_archive_offline 52 4 5 0.9183195669902489
MAM_archive_offline 52 4 6 0.8823023599979933
MAM_archive_offline 52 4 7 0.8930421379918698
MAM_archive_offline 52 4 8 0.9070650310022756
MAM_archive_offline 52 4 9 0.9003081789996941
MAM_archive_offline 52 5 0 0.9021725869970396
MAM_archive_offline 52 5 1 0.8987779640010558
MAM_archive_offline 52 5 2 0.9796211899956688
MAM_archive_offline 52 5 3 0.8936427659937181
MAM_archive_offline 52 5 4 0.9208149170153774
MAM_archive_offline 52 5 5 0.9190880959795322
MAM_archive_offline 52 5 6 0.9174499979999382
MAM_archive_offline 52 5 7 0.890085121995071
MAM_archive_offline 52 5 8 0.8739983889972791
MAM_archive_offline 52 5 9 0.8670478760031983
MAM_archive_offline 52 6 0 0.8808860549761448
MAM_archive_offline 52 6 1 0.897780072002206
MAM_archive_offline 52 6 2 0.8828379379992839
MAM_archive_offline 52 6 3 0.9494789720047265
MAM_archive_offline 52 6 4 0.9692073540063575
MAM_archive_offline 52 6 5 0.9706344209844247
MAM_archive_offline 52 6 6 0.856179502006853
MAM_archive_offline 52 6 7 0.9087089789973106
MAM_archive_offline 52 6 8 0.8663333119766321
MAM_archive_offline 52 6 9 0.9009751190023962
MAM_archive_offline 52 7 0 0.8983267989824526
MAM_archive_offline 52 7 1 0.9238426079973578
MAM_archive_offline 52 7 2 0.8940803079749458
MAM_archive_offline 52 7 3 0.9622896110231522
MAM_archive_offline 52 7 4 0.887532234977698
MAM_archive_offline 52 7 5 0.9103815210110042
MAM_archive_offline 52 7 6 0.9382518519996665
MAM_archive_offline 52 7 7 0.900759644981008
MAM_archive_offline 52 7 8 0.9702772310120054
MAM_archive_offline 52 7 9 0.9012761120102368
MAM_archive_offline 52 8 0 0.9141134470119141
MAM_archive_offline 52 8 1 0.9567878330126405
MAM_archive_offline 52 8 2 0.8998083650076296
MAM_archive_offline 52 8 3 0.8860104100021999
MAM_archive_offline 52 8 4 0.9472786999831442
MAM_archive_offline 52 8 5 0.9646355959994253
MAM_archive_offline 52 8 6 1.0289655039960053
MAM_archive_offline 52 8 7 0.9493761500052642
MAM_archive_offline 52 8 8 0.9096763129928149
MAM_archive_offline 52 8 9 0.899284320010338
MAM_archive_offline 52 9 0 0.881402633007383
MAM_archive_offline 52 9 1 0.9180960679950658
MAM_archive_offline 52 9 2 0.9110951889888383
MAM_archive_offline 52 9 3 0.8824445770005696
MAM_archive_offline 52 9 4 0.9520706980256364
MAM_archive_offline 52 9 5 0.9334783040103503
MAM_archive_offline 52 9 6 0.8691166199860163
MAM_archive_offline 52 9 7 0.8679547659994569
MAM_archive_offline 52 9 8 0.9150229680235498
MAM_archive_offline 52 9 9 0.9644624060019851
MAM_archive_offline 56 0 0 0.023859588021878153
MAM_archive_offline 56 0 1 0.01820834301179275
MAM_archive_offline 56 0 2 0.01829570098198019
MAM_archive_offline 56 0 3 0.01796541700605303
MAM_archive_offline 56 0 4 0.018360925983870402
MAM_archive_offline 56 0 5 0.017795861000195146
MAM_archive_offline 56 0 6 0.017924829007824883
MAM_archive_offline 56 0 7 0.018073743995046243
MAM_archive_offline 56 0 8 0.017904148990055546
MAM_archive_offline 56 0 9 0.018369372002780437
MAM_archive_offline 56 1 0 0.018060689995763823
MAM_archive_offline 56 1 1 0.01801639501354657
MAM_archive_offline 56 1 2 0.01790303600137122
MAM_archive_offline 56 1 3 0.017769850994227454
MAM_archive_offline 56 1 4 0.017944477003766224
MAM_archive_offline 56 1 5 0.018164299021009356
MAM_archive_offline 56 1 6 0.01850245799869299
MAM_archive_offline 56 1 7 0.019755495013669133
MAM_archive_offline 56 1 8 0.017942231992492452
MAM_archive_offline 56 1 9 0.018546572973718867
MAM_archive_offline 56 2 0 0.018746757006738335
MAM_archive_offline 56 2 1 0.02010141999926418
MAM_archive_offline 56 2 2 0.01867066099657677
MAM_archive_offline 56 2 3 0.01824240799760446
MAM_archive_offline 56 2 4 0.01760292099788785
MAM_archive_offline 56 2 5 0.018330978986341506
MAM_archive_offline 56 2 6 0.021470970008522272
MAM_archive_offline 56 2 7 0.01787355000851676
MAM_archive_offline 56 2 8 0.019021764979697764
MAM_archive_offline 56 2 9 0.01912458398146555
MAM_archive_offline 56 3 0 0.01865270599955693
MAM_archive_offline 56 3 1 0.02226526601589285
MAM_archive_offline 56 3 2 0.0225390309933573
MAM_archive_offline 56 3 3 0.01965668599586934
MAM_archive_offline 56 3 4 0.017514651000965387
MAM_archive_offline 56 3 5 0.017545639973832294
MAM_archive_offline 56 3 6 0.0175283869903069
MAM_archive_offline 56 3 7 0.017591568001080304
MAM_archive_offline 56 3 8 0.01751387899275869
MAM_archive_offline 56 3 9 0.01752290700096637
MAM_archive_offline 56 4 0 0.01783461499144323
MAM_archive_offline 56 4 1 0.01864774597925134
MAM_archive_offline 56 4 2 0.019461941003100947
MAM_archive_offline 56 4 3 0.018085466988850385
MAM_archive_offline 56 4 4 0.01730267400853336
MAM_archive_offline 56 4 5 0.01729974799673073
MAM_archive_offline 56 4 6 0.01732173000345938
MAM_archive_offline 56 4 7 0.017592971998965368
MAM_archive_offline 56 4 8 0.017878749989904463
MAM_archive_offline 56 4 9 0.017755373002728447
MAM_archive_offline 56 5 0 0.017730555002344772
MAM_archive_offline 56 5 1 0.017709676001686603
MAM_archive_offline 56 5 2 0.017607489018701017
MAM_archive_offline 56 5 3 0.017559827014338225
MAM_archive_offline 56 5 4 0.017707260994939134
MAM_archive_offline 56 5 5 0.019382948987185955
MAM_archive_offline 56 5 6 0.018047815014142543
MAM_archive_offline 56 5 7 0.018805620988132432
MAM_archive_offline 56 5 8 0.017693583999061957
MAM_archive_offline 56 5 9 0.018282835982972756
MAM_archive_offline 56 6 0 0.018258479016367346
MAM_archive_offline 56 6 1 0.018263288016896695
MAM_archive_offline 56 6 2 0.017699766991427168
MAM_archive_offline 56 6 3 0.017764400981832296
MAM_archive_offline 56 6 4 0.018589194980449975
MAM_archive_offline 56 6 5 0.017779459012672305
MAM_archive_offline 56 6 6 0.018019620998529717
MAM_archive_offline 56 6 7 0.017725326004438102
MAM_archive_offline 56 6 8 0.021082833991385996
MAM_archive_offline 56 6 9 0.020669421006459743
MAM_archive_offline 56 7 0 0.02090930999838747
MAM_archive_offline 56 7 1 0.01769418499316089
MAM_archive_offline 56 7 2 0.018779649981297553
MAM_archive_offline 56 7 3 0.017972509987885132
MAM_archive_offline 56 7 4 0.017705707985442132
MAM_archive_offline 56 7 5 0.01808445597998798
MAM_archive_offline 56 7 6 0.018859823991078883
MAM_archive_offline 56 7 7 0.01969261301564984
MAM_archive_offline 56 7 8 0.019575909012928605
MAM_archive_offline 56 7 9 0.017728572012856603
MAM_archive_offline 56 8 0 0.017708322004182264
MAM_archive_offline 56 8 1 0.017743831005645916
MAM_archive_offline 56 8 2 0.017728031001752242
MAM_archive_offline 56 8 3 0.017684687016298994
MAM_archive_offline 56 8 4 0.017580427025677636
MAM_archive_offline 56 8 5 0.017566408991115168
MAM_archive_offline 56 8 6 0.017530180019093677
MAM_archive_offline 56 8 7 0.017539156979182735
MAM_archive_offline 56 8 8 0.017792625003494322
MAM_archive_offline 56 8 9 0.018031173007329926
MAM_archive_offline 56 9 0 0.019418017007410526
MAM_archive_offline 56 9 1 0.01892251498065889
MAM_archive_offline 56 9 2 0.018831117980880663
MAM_archive_offline 56 9 3 0.018440048006596044
MAM_archive_offline 56 9 4 0.018325498007470742
MAM_archive_offline 56 9 5 0.018394379992969334
MAM_archive_offline 56 9 6 0.018273588008014485
MAM_archive_offline 56 9 7 0.01835275100893341
MAM_archive_offline 56 9 8 0.018220205995021388
MAM_archive_offline 56 9 9 0.01820891399984248
MAM_archive_offline 62 0 0 0.29292304199771024
MAM_archive_offline 62 0 1 0.3123644730076194
MAM_archive_offline 62 0 2 0.32803924899781123
MAM_archive_offline 62 0 3 0.34277309000026435
MAM_archive_offline 62 0 4 0.31090934699750505
MAM_archive_offline 62 0 5 0.33251862300676294
MAM_archive_offline 62 0 6 0.3136081910051871
MAM_archive_offline 62 0 7 0.3164310120046139
MAM_archive_offline 62 0 8 0.30849693302297965
MAM_archive_offline 62 0 9 0.3353901069785934
MAM_archive_offline 62 1 0 0.312438002001727
MAM_archive_offline 62 1 1 0.3077774200064596
MAM_archive_offline 62 1 2 0.32558965199859813
MAM_archive_offline 62 1 3 0.36307450899039395
MAM_archive_offline 62 1 4 0.34898637002334
MAM_archive_offline 62 1 5 0.30612607699004
MAM_archive_offline 62 1 6 0.3060460830165539
MAM_archive_offline 62 1 7 0.2891945570008829
MAM_archive_offline 62 1 8 0.30531674198573455
MAM_archive_offline 62 1 9 0.3090036119974684
MAM_archive_offline 62 2 0 0.29233654000563547
MAM_archive_offline 62 2 1 0.32001696500810795
MAM_archive_offline 62 2 2 0.29580619401531294
MAM_archive_offline 62 2 3 0.3019865640089847
MAM_archive_offline 62 2 4 0.32125342899234965
MAM_archive_offline 62 2 5 0.2826473099994473
MAM_archive_offline 62 2 6 0.32231332501396537
MAM_archive_offline 62 2 7 0.3000049569818657
MAM_archive_offline 62 2 8 0.30805640199105255
MAM_archive_offline 62 2 9 0.361870579974493
MAM_archive_offline 62 3 0 0.3173228089872282
MAM_archive_offline 62 3 1 0.3003006149956491
MAM_archive_offline 62 3 2 0.3098066319944337
MAM_archive_offline 62 3 3 0.3048462040023878
MAM_archive_offline 62 3 4 0.349823270982597
MAM_archive_offline 62 3 5 0.3342722910165321
MAM_archive_offline 62 3 6 0.32253069899161346
MAM_archive_offline 62 3 7 0.3183573439891916
MAM_archive_offline 62 3 8 0.3136498620151542
MAM_archive_offline 62 3 9 0.2990800669940654
MAM_archive_offline 62 4 0 0.30003632401349023
MAM_archive_offline 62 4 1 0.2883037580177188
MAM_archive_offline 62 4 2 0.2890968820138369
MAM_archive_offline 62 4 3 0.2929968830139842
MAM_archive_offline 62 4 4 0.3016571959888097
MAM_archive_offline 62 4 5 0.27980980402207933
MAM_archive_offline 62 4 6 0.2942087590054143
MAM_archive_offline 62 4 7 0.29730367299634963
MAM_archive_offline 62 4 8 0.3122484979976434
MAM_archive_offline 62 4 9 0.3185011660098098
MAM_archive_offline 62 5 0 0.2974492319917772
MAM_archive_offline 62 5 1 0.30186827000579797
MAM_archive_offline 62 5 2 0.3085510850069113
MAM_archive_offline 62 5 3 0.31187146197771654
MAM_archive_offline 62 5 4 0.3002226579992566
MAM_archive_offline 62 5 5 0.3057688699918799
MAM_archive_offline 62 5 6 0.30546527600381523
MAM_archive_offline 62 5 7 0.2969675450003706
MAM_archive_offline 62 5 8 0.28505907198996283
MAM_archive_offline 62 5 9 0.3005328429862857
MAM_archive_offline 62 6 0 0.31173971699899994
MAM_archive_offline 62 6 1 0.29090031201485544
MAM_archive_offline 62 6 2 0.3035488540190272
MAM_archive_offline 62 6 3 0.29882502101827413
MAM_archive_offline 62 6 4 0.31903388400678523
MAM_archive_offline 62 6 5 0.30430446498212405
MAM_archive_offline 62 6 6 0.29658822499914095
MAM_archive_offline 62 6 7 0.2966766640020069
MAM_archive_offline 62 6 8 0.30400184297468513
MAM_archive_offline 62 6 9 0.3063078520062845
MAM_archive_offline 62 7 0 0.3181729599891696
MAM_archive_offline 62 7 1 0.3036608379916288
MAM_archive_offline 62 7 2 0.3127823259856086
MAM_archive_offline 62 7 3 0.30537240399280563
MAM_archive_offline 62 7 4 0.3023443990095984
MAM_archive_offline 62 7 5 0.2888413429900538
MAM_archive_offline 62 7 6 0.3116633759927936
MAM_archive_offline 62 7 7 0.3003355289984029
MAM_archive_offline 62 7 8 0.3144733030057978
MAM_archive_offline 62 7 9 0.3062250090006273
MAM_archive_offline 62 8 0 0.31020437300321646
MAM_archive_offline 62 8 1 0.3051653149886988
MAM_archive_offline 62 8 2 0.2983234830026049
MAM_archive_offline 62 8 3 0.3081312199938111
MAM_archive_offline 62 8 4 0.304009072977351
MAM_archive_offline 62 8 5 0.3057258689950686
MAM_archive_offline 62 8 6 0.3053501679969486
MAM_archive_offline 62 8 7 0.28295777100720443
MAM_archive_offline 62 8 8 0.2753944630094338
MAM_archive_offline 62 8 9 0.2864325929840561
MAM_archive_offline 62 9 0 0.30116297499625944
MAM_archive_offline 62 9 1 0.3070201050140895
MAM_archive_offline 62 9 2 0.32953780199750327
MAM_archive_offline 62 9 3 0.3104176089982502
MAM_archive_offline 62 9 4 0.2989287130185403
MAM_archive_offline 62 9 5 0.303841798013309
MAM_archive_offline 62 9 6 0.2919119860162027
MAM_archive_offline 62 9 7 0.2968486780009698
MAM_archive_offline 62 9 8 0.31839277400285937
MAM_archive_offline 62 9 9 0.30934433499351144
MAM_archive_offline 64 0 0 0.19184784797835164
MAM_archive_offline 64 0 1 0.18313726797350682
MAM_archive_offline 64 0 2 0.1809812480059918
MAM_archive_offline 64 0 3 0.1760740129975602
MAM_archive_offline 64 0 4 0.18051013301010244
MAM_archive_offline 64 0 5 0.197509021993028
MAM_archive_offline 64 0 6 0.19507919400348328
MAM_archive_offline 64 0 7 0.18269877598504536
MAM_archive_offline 64 0 8 0.186918871011585
MAM_archive_offline 64 0 9 0.17661163400043733
MAM_archive_offline 64 1 0 0.1827233329822775
MAM_archive_offline 64 1 1 0.18369574000826105
MAM_archive_offline 64 1 2 0.17746890100534074
MAM_archive_offline 64 1 3 0.17490015798830427
MAM_archive_offline 64 1 4 0.17752229300094768
MAM_archive_offline 64 1 5 0.18605884900898673
MAM_archive_offline 64 1 6 0.19637381000211462
MAM_archive_offline 64 1 7 0.17882225001812913
MAM_archive_offline 64 1 8 0.1842272199864965
MAM_archive_offline 64 1 9 0.18020099800196476
MAM_archive_offline 64 2 0 0.1866835780092515
MAM_archive_offline 64 2 1 0.1957714119926095
MAM_archive_offline 64 2 2 0.18323773998417892
MAM_archive_offline 64 2 3 0.17868799201096408
MAM_archive_offline 64 2 4 0.18612348099122755
MAM_archive_offline 64 2 5 0.1868313919985667
MAM_archive_offline 64 2 6 0.17914924598881043
MAM_archive_offline 64 2 7 0.18695017899153754
MAM_archive_offline 64 2 8 0.18146730901207775
MAM_archive_offline 64 2 9 0.17705960301100276
MAM_archive_offline 64 3 0 0.18914494398632087
MAM_archive_offline 64 3 1 0.1786944330087863
MAM_archive_offline 64 3 2 0.19347070300136693
MAM_archive_offline 64 3 3 0.19238371498067863
MAM_archive_offline 64 3 4 0.19369064501370303
MAM_archive_offline 64 3 5 0.1964954519935418
MAM_archive_offline 64 3 6 0.18212000199127942
MAM_archive_offline 64 3 7 0.17458528000861406
MAM_archive_offline 64 3 8 0.17980245099170133
MAM_archive_offline 64 3 9 0.1862627689843066
MAM_archive_offline 64 4 0 0.19574057098361664
MAM_archive_offline 64 4 1 0.18723890301771462
MAM_archive_offline 64 4 2 0.18085606300155632
MAM_archive_offline 64 4 3 0.18262324799434282
MAM_archive_offline 64 4 4 0.1942681529908441
MAM_archive_offline 64 4 5 0.1783786760061048
MAM_archive_offline 64 4 6 0.1811331860080827
MAM_archive_offline 64 4 7 0.18965120500070043
MAM_archive_offline 64 4 8 0.18798714902368374
MAM_archive_offline 64 4 9 0.18641621299320832
MAM_archive_offline 64 5 0 0.18748719900031574
MAM_archive_offline 64 5 1 0.18472421198384836
MAM_archive_offline 64 5 2 0.19471333699766546
MAM_archive_offline 64 5 3 0.18976177601143718
MAM_archive_offline 64 5 4 0.1828413050097879
MAM_archive_offline 64 5 5 0.18994128101621754
MAM_archive_offline 64 5 6 0.2117677710193675
MAM_archive_offline 64 5 7 0.18506542599061504
MAM_archive_offline 64 5 8 0.1842883639910724
MAM_archive_offline 64 5 9 0.18828932900214568
MAM_archive_offline 64 6 0 0.18086119199870154
MAM_archive_offline 64 6 1 0.18186725399573334
MAM_archive_offline 64 6 2 0.18232644500676543
MAM_archive_offline 64 6 3 0.18280022600083612
MAM_archive_offline 64 6 4 0.18938208700274117
MAM_archive_offline 64 6 5 0.19143129198346287
MAM_archive_offline 64 6 6 0.1803326469962485
MAM_archive_offline 64 6 7 0.1792309180018492
MAM_archive_offline 64 6 8 0.17482186201959848
MAM_archive_offline 64 6 9 0.17479730400373228
MAM_archive_offline 64 7 0 0.1774834640091285
MAM_archive_offline 64 7 1 0.18267539498629048
MAM_archive_offline 64 7 2 0.19158129100105725
MAM_archive_offline 64 7 3 0.18779375500162132
MAM_archive_offline 64 7 4 0.17591857799561694
MAM_archive_offline 64 7 5 0.18398040102329105
MAM_archive_offline 64 7 6 0.1799678849929478
MAM_archive_offline 64 7 7 0.17781984899193048
MAM_archive_offline 64 7 8 0.1769748959923163
MAM_archive_offline 64 7 9 0.19027453000308014
MAM_archive_offline 64 8 0 0.19419665102032013
MAM_archive_offline 64 8 1 0.18780519600841217
MAM_archive_offline 64 8 2 0.18723654499626718
MAM_archive_offline 64 8 3 0.19014671302284114
MAM_archive_offline 64 8 4 0.1867918400093913
MAM_archive_offline 64 8 5 0.19407199198030867
MAM_archive_offline 64 8 6 0.17994105198886245
MAM_archive_offline 64 8 7 0.18512700198334642
MAM_archive_offline 64 8 8 0.17795546900015324
MAM_archive_offline 64 8 9 0.19725554599426687
MAM_archive_offline 64 9 0 0.193710457009729
MAM_archive_offline 64 9 1 0.19419044998358004
MAM_archive_offline 64 9 2 0.1974954759934917
MAM_archive_offline 64 9 3 0.18562695299624465
MAM_archive_offline 64 9 4 0.20170908799627796
MAM_archive_offline 64 9 5 0.19801135698799044
MAM_archive_offline 64 9 6 0.20074115000898018
MAM_archive_offline 64 9 7 0.19581225400906987
MAM_archive_offline 64 9 8 0.18894882200402208
MAM_archive_offline 64 9 9 0.19253664099960588
MAM_archive_offline 69 0 0 0.5446820649958681
MAM_archive_offline 69 0 1 0.5445925219974015
MAM_archive_offline 69 0 2 0.5227176990010776
MAM_archive_offline 69 0 3 0.5416575839917641
MAM_archive_offline 69 0 4 0.5451904390065465
MAM_archive_offline 69 0 5 0.5777958280232269
MAM_archive_offline 69 0 6 0.5405593119794503
MAM_archive_offline 69 0 7 0.5393205620057415
MAM_archive_offline 69 0 8 0.5510988130117767
MAM_archive_offline 69 0 9 0.546432659990387
MAM_archive_offline 69 1 0 0.5475167619879358
MAM_archive_offline 69 1 1 0.5550499189994298
MAM_archive_offline 69 1 2 0.552318391011795
MAM_archive_offline 69 1 3 0.5324216379958671
MAM_archive_offline 69 1 4 0.5801336099975742
MAM_archive_offline 69 1 5 0.5355252170120366
MAM_archive_offline 69 1 6 0.5644544659880921
MAM_archive_offline 69 1 7 0.5566397470247466
MAM_archive_offline 69 1 8 0.554733764991397
MAM_archive_offline 69 1 9 0.5450451479991898
MAM_archive_offline 69 2 0 0.5444253260211553
MAM_archive_offline 69 2 1 0.5623050539870746
MAM_archive_offline 69 2 2 0.5465599950111937
MAM_archive_offline 69 2 3 0.5427050290163606
MAM_archive_offline 69 2 4 0.5665313900099136
MAM_archive_offline 69 2 5 0.557096497999737
MAM_archive_offline 69 2 6 0.5651129030156881
MAM_archive_offline 69 2 7 0.5449182470038068
MAM_archive_offline 69 2 8 0.5507398970075883
MAM_archive_offline 69 2 9 0.5617987560108304
MAM_archive_offline 69 3 0 0.5503764469758607
MAM_archive_offline 69 3 1 0.547343201993499
MAM_archive_offline 69 3 2 0.569715487974463
MAM_archive_offline 69 3 3 0.5460165620024782
MAM_archive_offline 69 3 4 0.5409357530006673
MAM_archive_offline 69 3 5 0.5402511580032296
MAM_archive_offline 69 3 6 0.5548337629879825
MAM_archive_offline 69 3 7 0.5719017520023044
MAM_archive_offline 69 3 8 0.5601088030089159
MAM_archive_offline 69 3 9 0.5427841790078674
MAM_archive_offline 69 4 0 0.5264011749823112
MAM_archive_offline 69 4 1 0.5276023710030131
MAM_archive_offline 69 4 2 0.5379230419930536
MAM_archive_offline 69 4 3 0.5385217499861028
MAM_archive_offline 69 4 4 0.5336555850226432
MAM_archive_offline 69 4 5 0.5464402070210781
MAM_archive_offline 69 4 6 0.562740281020524
MAM_archive_offline 69 4 7 0.5621166519995313
MAM_archive_offline 69 4 8 0.5613174859900028
MAM_archive_offline 69 4 9 0.5491519790084567
MAM_archive_offline 69 5 0 0.5611977439839393
MAM_archive_offline 69 5 1 0.5683583240024745
MAM_archive_offline 69 5 2 0.5426095540169626
MAM_archive_offline 69 5 3 0.5396558810025454
MAM_archive_offline 69 5 4 0.5375359249883331
MAM_archive_offline 69 5 5 0.5439912769943476
MAM_archive_offline 69 5 6 0.5490310300083365
MAM_archive_offline 69 5 7 0.5370510650100186
MAM_archive_offline 69 5 8 0.5064969770028256
MAM_archive_offline 69 5 9 0.5468431480112486
MAM_archive_offline 69 6 0 0.541583463025745
MAM_archive_offline 69 6 1 0.5337677980132867
MAM_archive_offline 69 6 2 0.5325490910036024
MAM_archive_offline 69 6 3 0.5512064289941918
MAM_archive_offline 69 6 4 0.5473088470171206
MAM_archive_offline 69 6 5 0.5351604479947127
MAM_archive_offline 69 6 6 0.5464832469879184
MAM_archive_offline 69 6 7 0.5327779740036931
MAM_archive_offline 69 6 8 0.5383411039947532
MAM_archive_offline 69 6 9 0.5237530890153721
MAM_archive_offline 69 7 0 0.5246432999847457
MAM_archive_offline 69 7 1 0.5854304970125668
MAM_archive_offline 69 7 2 0.543760291999206
MAM_archive_offline 69 7 3 0.5476576740038581
MAM_archive_offline 69 7 4 0.5725514570076484
MAM_archive_offline 69 7 5 0.5393389799864963
MAM_archive_offline 69 7 6 0.5354624229948968
MAM_archive_offline 69 7 7 0.5405980790092144
MAM_archive_offline 69 7 8 0.5493535179994069
MAM_archive_offline 69 7 9 0.5676694930007216
MAM_archive_offline 69 8 0 0.54726800401113
MAM_archive_offline 69 8 1 0.5487915150006302
MAM_archive_offline 69 8 2 0.53581752901664
MAM_archive_offline 69 8 3 0.5113634960143827
MAM_archive_offline 69 8 4 0.5296671790129039
MAM_archive_offline 69 8 5 0.5273831750091631
MAM_archive_offline 69 8 6 0.5215905770019162
MAM_archive_offline 69 8 7 0.5256350919953547
MAM_archive_offline 69 8 8 0.5113327729923185
MAM_archive_offline 69 8 9 0.5257574029965326
MAM_archive_offline 69 9 0 0.5494796659913845
MAM_archive_offline 69 9 1 0.5562748890079092
MAM_archive_offline 69 9 2 0.5701939380087424
MAM_archive_offline 69 9 3 0.5666152479825541
MAM_archive_offline 69 9 4 0.5476327109790873
MAM_archive_offline 69 9 5 0.5397462910041213
MAM_archive_offline 69 9 6 0.5491759430151433
MAM_archive_offline 69 9 7 0.5245557760063093
MAM_archive_offline 69 9 8 0.5783983060100581
MAM_archive_offline 69 9 9 0.5252324600005522
MAM_archive_offline 74 0 0 0.7456168339995202
MAM_archive_offline 74 0 1 0.7850586739950813
MAM_archive_offline 74 0 2 0.7828107500099577
MAM_archive_offline 74 0 3 0.742650363012217
MAM_archive_offline 74 0 4 0.7618074490164872
MAM_archive_offline 74 0 5 0.7643261429911945
MAM_archive_offline 74 0 6 0.7517778729961719
MAM_archive_offline 74 0 7 0.7757098810106982
MAM_archive_offline 74 0 8 0.7837103519996163
MAM_archive_offline 74 0 9 0.767496319982456
MAM_archive_offline 74 1 0 0.7763183799979743
MAM_archive_offline 74 1 1 0.7538623599975836
MAM_archive_offline 74 1 2 0.7825993589940481
MAM_archive_offline 74 1 3 0.7426456000248436
MAM_archive_offline 74 1 4 0.7389760320074856
MAM_archive_offline 74 1 5 0.7573740070220083
MAM_archive_offline 74 1 6 0.7587826829985715
MAM_archive_offline 74 1 7 0.7691986589925364
MAM_archive_offline 74 1 8 0.7838045079843141
MAM_archive_offline 74 1 9 0.7887707959744148
MAM_archive_offline 74 2 0 0.7434637900150847
MAM_archive_offline 74 2 1 0.7889085320057347
MAM_archive_offline 74 2 2 0.7605749990034383
MAM_archive_offline 74 2 3 0.76381442300044
MAM_archive_offline 74 2 4 0.7566463289840613
MAM_archive_offline 74 2 5 0.7729709329723846
MAM_archive_offline 74 2 6 0.7711168480163906
MAM_archive_offline 74 2 7 0.7687242760148365
MAM_archive_offline 74 2 8 0.765255791018717
MAM_archive_offline 74 2 9 0.7551577639824245
MAM_archive_offline 74 3 0 0.7555481010058429
MAM_archive_offline 74 3 1 0.773523114999989
MAM_archive_offline 74 3 2 0.7500219390203711
MAM_archive_offline 74 3 3 0.7916406630247366
MAM_archive_offline 74 3 4 0.7587745990022086
MAM_archive_offline 74 3 5 0.7428105099825189
MAM_archive_offline 74 3 6 0.7053466289944481
MAM_archive_offline 74 3 7 0.7153078209958039
MAM_archive_offline 74 3 8 0.718983978003962
MAM_archive_offline 74 3 9 0.7956535429984797
MAM_archive_offline 74 4 0 0.758377702004509
MAM_archive_offline 74 4 1 0.7738094690139405
MAM_archive_offline 74 4 2 0.7867713760060724
MAM_archive_offline 74 4 3 0.8000144769903272
MAM_archive_offline 74 4 4 0.7857377409818582
MAM_archive_offline 74 4 5 0.7468962380080484
MAM_archive_offline 74 4 6 0.7780900649959221
MAM_archive_offline 74 4 7 0.7695766730175819
MAM_archive_offline 74 4 8 0.7532246120099444
MAM_archive_offline 74 4 9 0.7454712049802765
MAM_archive_offline 74 5 0 0.7667296310246456
MAM_archive_offline 74 5 1 0.7764141119841952
MAM_archive_offline 74 5 2 0.7712195749918465
MAM_archive_offline 74 5 3 0.774925916979555
MAM_archive_offline 74 5 4 0.7420390979968943
MAM_archive_offline 74 5 5 0.7706874050199986
MAM_archive_offline 74 5 6 0.7449028120026924
MAM_archive_offline 74 5 7 0.7499479390098713
MAM_archive_offline 74 5 8 0.7708370279869996
MAM_archive_offline 74 5 9 0.7745484930055682
MAM_archive_offline 74 6 0 0.8203328090021387
MAM_archive_offline 74 6 1 0.7617825310153421
MAM_archive_offline 74 6 2 0.7786249030032195
MAM_archive_offline 74 6 3 0.7618839420028962
MAM_archive_offline 74 6 4 0.7894889589806553
MAM_archive_offline 74 6 5 0.7726698170008603
MAM_archive_offline 74 6 6 0.7759645390033256
MAM_archive_offline 74 6 7 0.7777581340051256
MAM_archive_offline 74 6 8 0.7595286869909614
MAM_archive_offline 74 6 9 0.7619208249961957
MAM_archive_offline 74 7 0 0.7421329150092788
MAM_archive_offline 74 7 1 0.7473023350175936
MAM_archive_offline 74 7 2 0.7334529099753127
MAM_archive_offline 74 7 3 0.7890504020033404
MAM_archive_offline 74 7 4 0.7639909890131094
MAM_archive_offline 74 7 5 0.7734872970031574
MAM_archive_offline 74 7 6 0.766621432005195
MAM_archive_offline 74 7 7 0.7716792850114871
MAM_archive_offline 74 7 8 0.8063798460061662
MAM_archive_offline 74 7 9 0.7832263149903156
MAM_archive_offline 74 8 0 0.7707748800166883
MAM_archive_offline 74 8 1 0.7278453150065616
MAM_archive_offline 74 8 2 0.7621373650035821
MAM_archive_offline 74 8 3 0.8162867639912292
MAM_archive_offline 74 8 4 0.8129614530189428
MAM_archive_offline 74 8 5 0.7689634209964424
MAM_archive_offline 74 8 6 0.8177069539960939
MAM_archive_offline 74 8 7 0.7917551319987979
MAM_archive_offline 74 8 8 0.7503535409923643
MAM_archive_offline 74 8 9 0.7282495560066309
MAM_archive_offline 74 9 0 0.798238033981761
MAM_archive_offline 74 9 1 0.770139152999036
MAM_archive_offline 74 9 2 0.7581937309878413
MAM_archive_offline 74 9 3 0.7488741319975816
MAM_archive_offline 74 9 4 0.7564230129937641
MAM_archive_offline 74 9 5 0.7243617369967978
MAM_archive_offline 74 9 6 0.7507061680080369
MAM_archive_offline 74 9 7 0.7868465589999687
MAM_archive_offline 74 9 8 0.774184844980482
MAM_archive_offline 74 9 9 0.7563763160142116
MAM_archive_offline 78 0 0 1.2239469350024592
MAM_archive_offline 78 0 1 1.2518283239915036
MAM_archive_offline 78 0 2 1.2580162219819613
MAM_archive_offline 78 0 3 1.2585207519878168
MAM_archive_offline 78 0 4 1.2139712499920279
MAM_archive_offline 78 0 5 1.258753270987654
MAM_archive_offline 78 0 6 1.3034098980133422
MAM_archive_offline 78 0 7 1.2681496719887946
MAM_archive_offline 78 0 8 1.290805321012158
MAM_archive_offline 78 0 9 1.278182234003907
MAM_archive_offline 78 1 0 1.2112918890197761
MAM_archive_offline 78 1 1 1.3297835319826845
MAM_archive_offline 78 1 2 1.3342547219945118
MAM_archive_offline 78 1 3 1.24092376200133
MAM_archive_offline 78 1 4 1.248145634017419
MAM_archive_offline 78 1 5 1.2630024869868066
MAM_archive_offline 78 1 6 1.2790197269932833
MAM_archive_offline 78 1 7 1.2489926749840379
MAM_archive_offline 78 1 8 1.244276075012749
MAM_archive_offline 78 1 9 1.3010537090012804
MAM_archive_offline 78 2 0 1.3216933960211463
MAM_archive_offline 78 2 1 1.513716752990149
MAM_archive_offline 78 2 2 1.286769000987988
MAM_archive_offline 78 2 3 1.2387963439978193
MAM_archive_offline 78 2 4 1.226268255006289
MAM_archive_offline 78 2 5 1.2643677369924262
MAM_archive_offline 78 2 6 1.2294549500220455
MAM_archive_offline 78 2 7 1.216990759014152
MAM_archive_offline 78 2 8 1.2838532199966721
MAM_archive_offline 78 2 9 1.2832424970110878
MAM_archive_offline 78 3 0 1.2464649240137078
MAM_archive_offline 78 3 1 1.2298822359880432
MAM_archive_offline 78 3 2 1.2373624430038035
MAM_archive_offline 78 3 3 1.2790115299867466
MAM_archive_offline 78 3 4 1.2691922489902936
MAM_archive_offline 78 3 5 1.2463028139900416
MAM_archive_offline 78 3 6 1.3156567369878758
MAM_archive_offline 78 3 7 1.3334033279970754
MAM_archive_offline 78 3 8 1.372176381002646
MAM_archive_offline 78 3 9 1.2928038770041894
MAM_archive_offline 78 4 0 1.3047137910034508
MAM_archive_offline 78 4 1 1.2987861459841952
MAM_archive_offline 78 4 2 1.2816037549928296
MAM_archive_offline 78 4 3 1.279734687996097
MAM_archive_offline 78 4 4 1.3057412299967837
MAM_archive_offline 78 4 5 1.304083555995021
MAM_archive_offline 78 4 6 1.264465864020167
MAM_archive_offline 78 4 7 1.2913075590040535
MAM_archive_offline 78 4 8 1.2435635250003543
MAM_archive_offline 78 4 9 1.2607417129911482
MAM_archive_offline 78 5 0 1.249952198995743
MAM_archive_offline 78 5 1 1.2567290989973117
MAM_archive_offline 78 5 2 1.2948081839713268
MAM_archive_offline 78 5 3 1.2851105040172115
MAM_archive_offline 78 5 4 1.2531981119827833
MAM_archive_offline 78 5 5 1.2366210170148406
MAM_archive_offline 78 5 6 1.296723778010346
MAM_archive_offline 78 5 7 1.266561433993047
MAM_archive_offline 78 5 8 1.292676835990278
MAM_archive_offline 78 5 9 1.233599848987069
MAM_archive_offline 78 6 0 1.2826384829822928
MAM_archive_offline 78 6 1 1.2536167229991406
MAM_archive_offline 78 6 2 1.2571885859942995
MAM_archive_offline 78 6 3 1.2184505690238439
MAM_archive_offline 78 6 4 1.2576790569873992
MAM_archive_offline 78 6 5 1.2009482200082857
MAM_archive_offline 78 6 6 1.230502071994124
MAM_archive_offline 78 6 7 1.2616998500016052
MAM_archive_offline 78 6 8 1.2748229989956599
MAM_archive_offline 78 6 9 1.248824918991886
MAM_archive_offline 78 7 0 1.215429905016208
MAM_archive_offline 78 7 1 1.2373030740127433
MAM_archive_offline 78 7 2 1.326006610004697
MAM_archive_offline 78 7 3 1.3207264980010223
MAM_archive_offline 78 7 4 1.2873800109955482
MAM_archive_offline 78 7 5 1.2849609749973752
MAM_archive_offline 78 7 6 1.264211397006875
MAM_archive_offline 78 7 7 1.2390048669767566
MAM_archive_offline 78 7 8 1.238022424018709
MAM_archive_offline 78 7 9 1.254205679986626
MAM_archive_offline 78 8 0 1.2246436120185535
MAM_archive_offline 78 8 1 1.2360051370051224
MAM_archive_offline 78 8 2 1.249665091978386
MAM_archive_offline 78 8 3 1.2557730669796001
MAM_archive_offline 78 8 4 1.256650041003013
MAM_archive_offline 78 8 5 1.2640030980110168
MAM_archive_offline 78 8 6 1.2810409810044803
MAM_archive_offline 78 8 7 1.2135811699845362
MAM_archive_offline 78 8 8 1.2585976880218368
MAM_archive_offline 78 8 9 1.2319218380143866
MAM_archive_offline 78 9 0 1.2173969249997754
MAM_archive_offline 78 9 1 1.190091421973193
MAM_archive_offline 78 9 2 1.260988187015755
MAM_archive_offline 78 9 3 1.2192841059877537
MAM_archive_offline 78 9 4 1.2929198420024477
MAM_archive_offline 78 9 5 1.229561460990226
MAM_archive_offline 78 9 6 1.3180911550007295
MAM_archive_offline 78 9 7 1.2448027840000577
MAM_archive_offline 78 9 8 1.2458104029938113
MAM_archive_offline 78 9 9 1.2678388659842312
{'model': 'MAM_archive_offline', 'completed_pairs': 2000, 'requested_pairs': 2000, 'completed': True, 'complete_source_count': 20, 'FRD': 172.57642347297096, 'new_pairs': 1999, 'wall_seconds': 514.6321170790179}
