seed123_R2_step6000 0 0 0 0.8236901700147428
seed123_R2_step6000 0 0 1 0.09340378898195922
seed123_R2_step6000 0 0 2 0.0923283839947544
seed123_R2_step6000 0 0 3 0.09494638699106872
seed123_R2_step6000 0 0 4 0.0884760040207766
seed123_R2_step6000 0 0 5 0.08951526798773557
seed123_R2_step6000 0 0 6 0.09410261898301542
seed123_R2_step6000 0 0 7 0.09539472602773458
seed123_R2_step6000 0 0 8 0.0911808920209296
seed123_R2_step6000 0 0 9 0.08973994699772447
seed123_R2_step6000 0 1 0 0.08768504398176447
seed123_R2_step6000 0 1 1 0.08921355800703168
seed123_R2_step6000 0 1 2 0.09163717704359442
seed123_R2_step6000 0 1 3 0.09522059198934585
seed123_R2_step6000 0 1 4 0.09294073801720515
seed123_R2_step6000 0 1 5 0.09013453201623634
seed123_R2_step6000 0 1 6 0.08699394902214408
seed123_R2_step6000 0 1 7 0.09085811302065849
seed123_R2_step6000 0 1 8 0.09328909602481872
seed123_R2_step6000 0 1 9 0.09132207202492282
seed123_R2_step6000 0 2 0 0.0885680679930374
seed123_R2_step6000 0 2 1 0.0882460200227797
seed123_R2_step6000 0 2 2 0.09048325201729313
seed123_R2_step6000 0 2 3 0.09584233298664913
seed123_R2_step6000 0 2 4 0.09002183598931879
seed123_R2_step6000 0 2 5 0.08868889999575913
seed123_R2_step6000 0 2 6 0.08939031604677439
seed123_R2_step6000 0 2 7 0.0856811290141195
seed123_R2_step6000 0 2 8 0.09045785298803821
seed123_R2_step6000 0 2 9 0.08903736801585183
seed123_R2_step6000 0 3 0 0.08663427596911788
seed123_R2_step6000 0 3 1 0.08488457999192178
seed123_R2_step6000 0 3 2 0.08800314198015258
seed123_R2_step6000 0 3 3 0.08804084500297904
seed123_R2_step6000 0 3 4 0.09210502199130133
seed123_R2_step6000 0 3 5 0.09411643102066591
seed123_R2_step6000 0 3 6 0.09401724097551778
seed123_R2_step6000 0 3 7 0.09101572196232155
seed123_R2_step6000 0 3 8 0.08812627900624648
seed123_R2_step6000 0 3 9 0.08750509697711095
seed123_R2_step6000 0 4 0 0.08925543498480693
seed123_R2_step6000 0 4 1 0.09063815698027611
seed123_R2_step6000 0 4 2 0.09234157501487061
seed123_R2_step6000 0 4 3 0.09107513504568487
seed123_R2_step6000 0 4 4 0.0894158809678629
seed123_R2_step6000 0 4 5 0.08998387202154845
seed123_R2_step6000 0 4 6 0.09149199398234487
seed123_R2_step6000 0 4 7 0.08945599902654067
seed123_R2_step6000 0 4 8 0.08915772597538307
seed123_R2_step6000 0 4 9 0.08676486497279257
seed123_R2_step6000 0 5 0 0.09341059497091919
seed123_R2_step6000 0 5 1 0.08980631100712344
seed123_R2_step6000 0 5 2 0.0886585179832764
seed123_R2_step6000 0 5 3 0.09244218602543697
seed123_R2_step6000 0 5 4 0.09017251199111342
seed123_R2_step6000 0 5 5 0.08924845902947709
seed123_R2_step6000 0 5 6 0.09334989701164886
seed123_R2_step6000 0 5 7 0.09437511494616047
seed123_R2_step6000 0 5 8 0.09125905600376427
seed123_R2_step6000 0 5 9 0.09035953995771706
seed123_R2_step6000 0 6 0 0.08961150597315282
seed123_R2_step6000 0 6 1 0.08897917304420844
seed123_R2_step6000 0 6 2 0.09509962401352823
seed123_R2_step6000 0 6 3 0.08920692797983065
seed123_R2_step6000 0 6 4 0.09043874096823856
seed123_R2_step6000 0 6 5 0.08882544602965936
seed123_R2_step6000 0 6 6 0.09073255502153188
seed123_R2_step6000 0 6 7 0.09456875501200557
seed123_R2_step6000 0 6 8 0.09019702696241438
seed123_R2_step6000 0 6 9 0.08895847096573561
seed123_R2_step6000 0 7 0 0.08882802096195519
seed123_R2_step6000 0 7 1 0.08837970101740211
seed123_R2_step6000 0 7 2 0.08894654898904264
seed123_R2_step6000 0 7 3 0.09618612704798579
seed123_R2_step6000 0 7 4 0.088698061008472
seed123_R2_step6000 0 7 5 0.08904697897378355
seed123_R2_step6000 0 7 6 0.0886991829611361
seed123_R2_step6000 0 7 7 0.08766874496359378
seed123_R2_step6000 0 7 8 0.09065624698996544
seed123_R2_step6000 0 7 9 0.09862808999605477
seed123_R2_step6000 0 8 0 0.09327832696726546
seed123_R2_step6000 0 8 1 0.08917667903006077
seed123_R2_step6000 0 8 2 0.09304655197774991
seed123_R2_step6000 0 8 3 0.09692813002038747
seed123_R2_step6000 0 8 4 0.08988573896931484
seed123_R2_step6000 0 8 5 0.08959578099893406
seed123_R2_step6000 0 8 6 0.08906271797604859
seed123_R2_step6000 0 8 7 0.08928106800885871
seed123_R2_step6000 0 8 8 0.09395750903058797
seed123_R2_step6000 0 8 9 0.09390131098916754
seed123_R2_step6000 0 9 0 0.09113718802109361
seed123_R2_step6000 0 9 1 0.09157211298588663
seed123_R2_step6000 0 9 2 0.0887998350081034
seed123_R2_step6000 0 9 3 0.08925873500993475
seed123_R2_step6000 0 9 4 0.09445455198874697
seed123_R2_step6000 0 9 5 0.08883261599112302
seed123_R2_step6000 0 9 6 0.08846751501550898
seed123_R2_step6000 0 9 7 0.08837871497962624
seed123_R2_step6000 0 9 8 0.08802430500509217
seed123_R2_step6000 0 9 9 0.09328050899785012
seed123_R2_step6000 6 0 0 0.14441063604317605
seed123_R2_step6000 6 0 1 0.14327812398551032
seed123_R2_step6000 6 0 2 0.14322496100794524
seed123_R2_step6000 6 0 3 0.14409364899620414
seed123_R2_step6000 6 0 4 0.14292596594896168
seed123_R2_step6000 6 0 5 0.14442232705187052
seed123_R2_step6000 6 0 6 0.14197794703068212
seed123_R2_step6000 6 0 7 0.14874322601826862
seed123_R2_step6000 6 0 8 0.1388652060413733
seed123_R2_step6000 6 0 9 0.14635111700044945
seed123_R2_step6000 6 1 0 0.14467073295963928
seed123_R2_step6000 6 1 1 0.145210977003444
seed123_R2_step6000 6 1 2 0.14684615400619805
seed123_R2_step6000 6 1 3 0.14898256299784407
seed123_R2_step6000 6 1 4 0.14338902197778225
seed123_R2_step6000 6 1 5 0.14492544898530468
seed123_R2_step6000 6 1 6 0.14828762999968603
seed123_R2_step6000 6 1 7 0.14251091703772545
seed123_R2_step6000 6 1 8 0.1531411879695952
seed123_R2_step6000 6 1 9 0.14856469898950309
seed123_R2_step6000 6 2 0 0.14420772099401802
seed123_R2_step6000 6 2 1 0.14077976503176615
seed123_R2_step6000 6 2 2 0.1416900010081008
seed123_R2_step6000 6 2 3 0.1504958929726854
seed123_R2_step6000 6 2 4 0.1444742510211654
seed123_R2_step6000 6 2 5 0.14129817800130695
seed123_R2_step6000 6 2 6 0.14416254201205447
seed123_R2_step6000 6 2 7 0.14727522403700277
seed123_R2_step6000 6 2 8 0.14289759600069374
seed123_R2_step6000 6 2 9 0.14474610099568963
seed123_R2_step6000 6 3 0 0.149659767979756
seed123_R2_step6000 6 3 1 0.14470258698565885
seed123_R2_step6000 6 3 2 0.1425801239674911
seed123_R2_step6000 6 3 3 0.14780332404188812
seed123_R2_step6000 6 3 4 0.142068532994017
seed123_R2_step6000 6 3 5 0.14284578402293846
seed123_R2_step6000 6 3 6 0.14096747001167387
seed123_R2_step6000 6 3 7 0.14678465999895707
seed123_R2_step6000 6 3 8 0.14469665300566703
seed123_R2_step6000 6 3 9 0.14332835702225566
seed123_R2_step6000 6 4 0 0.14713996998034418
seed123_R2_step6000 6 4 1 0.1422358819982037
seed123_R2_step6000 6 4 2 0.1425338530098088
seed123_R2_step6000 6 4 3 0.14190015802159905
seed123_R2_step6000 6 4 4 0.1559385170112364
seed123_R2_step6000 6 4 5 0.14364198700059205
seed123_R2_step6000 6 4 6 0.1458854799857363
seed123_R2_step6000 6 4 7 0.14938036596868187
seed123_R2_step6000 6 4 8 0.14129904203582555
seed123_R2_step6000 6 4 9 0.14146240596892312
seed123_R2_step6000 6 5 0 0.1485259360051714
seed123_R2_step6000 6 5 1 0.14118768903426826
seed123_R2_step6000 6 5 2 0.14125770202372223
seed123_R2_step6000 6 5 3 0.13937082199845463
seed123_R2_step6000 6 5 4 0.1446382559952326
seed123_R2_step6000 6 5 5 0.14008257701061666
seed123_R2_step6000 6 5 6 0.14621484000235796
seed123_R2_step6000 6 5 7 0.1379676299984567
seed123_R2_step6000 6 5 8 0.14798429404618219
seed123_R2_step6000 6 5 9 0.14037869399180636
seed123_R2_step6000 6 6 0 0.13852059800410643
seed123_R2_step6000 6 6 1 0.14061179000418633
seed123_R2_step6000 6 6 2 0.14386850700248033
seed123_R2_step6000 6 6 3 0.1411566250026226
seed123_R2_step6000 6 6 4 0.1452564300270751
seed123_R2_step6000 6 6 5 0.14122941496316344
seed123_R2_step6000 6 6 6 0.1449586870148778
seed123_R2_step6000 6 6 7 0.14449296303791925
seed123_R2_step6000 6 6 8 0.14676594303455204
seed123_R2_step6000 6 6 9 0.14315992599586025
seed123_R2_step6000 6 7 0 0.1438704890315421
seed123_R2_step6000 6 7 1 0.1455110459937714
seed123_R2_step6000 6 7 2 0.14646543702110648
seed123_R2_step6000 6 7 3 0.1407483679940924
seed123_R2_step6000 6 7 4 0.14264285302488133
seed123_R2_step6000 6 7 5 0.14359629101818427
seed123_R2_step6000 6 7 6 0.14496945397695526
seed123_R2_step6000 6 7 7 0.1423196119721979
seed123_R2_step6000 6 7 8 0.14154896402033046
seed123_R2_step6000 6 7 9 0.1449312720214948
seed123_R2_step6000 6 8 0 0.14025172404944897
seed123_R2_step6000 6 8 1 0.1401072059525177
seed123_R2_step6000 6 8 2 0.14850381202995777
seed123_R2_step6000 6 8 3 0.14227214001584798
seed123_R2_step6000 6 8 4 0.14193227695068344
seed123_R2_step6000 6 8 5 0.1480546509847045
seed123_R2_step6000 6 8 6 0.1407793649705127
seed123_R2_step6000 6 8 7 0.14100535598117858
seed123_R2_step6000 6 8 8 0.14290908898692578
seed123_R2_step6000 6 8 9 0.149665528035257
seed123_R2_step6000 6 9 0 0.14366928703384474
seed123_R2_step6000 6 9 1 0.14100208994932473
seed123_R2_step6000 6 9 2 0.14839294803095981
seed123_R2_step6000 6 9 3 0.1512811269494705
seed123_R2_step6000 6 9 4 0.14247237896779552
seed123_R2_step6000 6 9 5 0.14547078998293728
seed123_R2_step6000 6 9 6 0.14156385697424412
seed123_R2_step6000 6 9 7 0.14305183000396937
seed123_R2_step6000 6 9 8 0.14275410998379812
seed123_R2_step6000 6 9 9 0.14434229501057416
seed123_R2_step6000 9 0 0 0.04989637201651931
seed123_R2_step6000 9 0 1 0.0418617480318062
seed123_R2_step6000 9 0 2 0.040912136959377676
seed123_R2_step6000 9 0 3 0.04008254496147856
seed123_R2_step6000 9 0 4 0.04429447400616482
seed123_R2_step6000 9 0 5 0.042682302999310195
seed123_R2_step6000 9 0 6 0.04337898798985407
seed123_R2_step6000 9 0 7 0.04243539896560833
seed123_R2_step6000 9 0 8 0.04178182501345873
seed123_R2_step6000 9 0 9 0.04238079296192154
seed123_R2_step6000 9 1 0 0.04396187700331211
seed123_R2_step6000 9 1 1 0.04233050701441243
seed123_R2_step6000 9 1 2 0.04318596801022068
seed123_R2_step6000 9 1 3 0.042004271992482245
seed123_R2_step6000 9 1 4 0.04216453799745068
seed123_R2_step6000 9 1 5 0.04265338595723733
seed123_R2_step6000 9 1 6 0.04196949501056224
seed123_R2_step6000 9 1 7 0.042085106018930674
seed123_R2_step6000 9 1 8 0.04233465500874445
seed123_R2_step6000 9 1 9 0.041702562011778355
seed123_R2_step6000 9 2 0 0.042252568004187196
seed123_R2_step6000 9 2 1 0.04344780003884807
seed123_R2_step6000 9 2 2 0.04208501597167924
seed123_R2_step6000 9 2 3 0.041912234970368445
seed123_R2_step6000 9 2 4 0.04224584496114403
seed123_R2_step6000 9 2 5 0.042286131996661425
seed123_R2_step6000 9 2 6 0.04254318500170484
seed123_R2_step6000 9 2 7 0.04285482200793922
seed123_R2_step6000 9 2 8 0.042175420036073774
seed123_R2_step6000 9 2 9 0.04211248899810016
seed123_R2_step6000 9 3 0 0.04111305100377649
seed123_R2_step6000 9 3 1 0.04820214898791164
seed123_R2_step6000 9 3 2 0.041985324991401285
seed123_R2_step6000 9 3 3 0.04237973102135584
seed123_R2_step6000 9 3 4 0.04212986200582236
seed123_R2_step6000 9 3 5 0.04148196900496259
seed123_R2_step6000 9 3 6 0.04231740202521905
seed123_R2_step6000 9 3 7 0.042020572000183165
seed123_R2_step6000 9 3 8 0.04265690402826294
seed123_R2_step6000 9 3 9 0.04267321398947388
seed123_R2_step6000 9 4 0 0.04398011096054688
seed123_R2_step6000 9 4 1 0.04300568101461977
seed123_R2_step6000 9 4 2 0.041940238035749644
seed123_R2_step6000 9 4 3 0.042113820964004844
seed123_R2_step6000 9 4 4 0.04169153096154332
seed123_R2_step6000 9 4 5 0.041661854018457234
seed123_R2_step6000 9 4 6 0.041384061973076314
seed123_R2_step6000 9 4 7 0.042018146021291614
seed123_R2_step6000 9 4 8 0.041920390038285404
seed123_R2_step6000 9 4 9 0.04202439897926524
seed123_R2_step6000 9 5 0 0.041089133999776095
seed123_R2_step6000 9 5 1 0.0414461909676902
seed123_R2_step6000 9 5 2 0.04194149997783825
seed123_R2_step6000 9 5 3 0.04389779199846089
seed123_R2_step6000 9 5 4 0.042527915036771446
seed123_R2_step6000 9 5 5 0.04198125499533489
seed123_R2_step6000 9 5 6 0.04195273097138852
seed123_R2_step6000 9 5 7 0.04207860300084576
seed123_R2_step6000 9 5 8 0.0413150480017066
seed123_R2_step6000 9 5 9 0.04063767899060622
seed123_R2_step6000 9 6 0 0.041753669967874885
seed123_R2_step6000 9 6 1 0.04183838196331635
seed123_R2_step6000 9 6 2 0.04155698302201927
seed123_R2_step6000 9 6 3 0.040397498989477754
seed123_R2_step6000 9 6 4 0.04484981799032539
seed123_R2_step6000 9 6 5 0.04218463599681854
seed123_R2_step6000 9 6 6 0.042113028990570456
seed123_R2_step6000 9 6 7 0.042141082987654954
seed123_R2_step6000 9 6 8 0.04488318302901462
seed123_R2_step6000 9 6 9 0.04221984400646761
seed123_R2_step6000 9 7 0 0.04212398000527173
seed123_R2_step6000 9 7 1 0.042478500050492585
seed123_R2_step6000 9 7 2 0.041453864017967135
seed123_R2_step6000 9 7 3 0.0405622529797256
seed123_R2_step6000 9 7 4 0.043361212010495365
seed123_R2_step6000 9 7 5 0.041826759988907725
seed123_R2_step6000 9 7 6 0.042045128997415304
seed123_R2_step6000 9 7 7 0.041489581984933466
seed123_R2_step6000 9 7 8 0.04213306598830968
seed123_R2_step6000 9 7 9 0.040915480989497155
seed123_R2_step6000 9 8 0 0.041052463988307863
seed123_R2_step6000 9 8 1 0.041739581967704
seed123_R2_step6000 9 8 2 0.0418192750075832
seed123_R2_step6000 9 8 3 0.04196465399581939
seed123_R2_step6000 9 8 4 0.041117888991720974
seed123_R2_step6000 9 8 5 0.041289247979875654
seed123_R2_step6000 9 8 6 0.04682909499388188
seed123_R2_step6000 9 8 7 0.04200489999493584
seed123_R2_step6000 9 8 8 0.04198806901695207
seed123_R2_step6000 9 8 9 0.04154485900653526
seed123_R2_step6000 9 9 0 0.041891773988027126
seed123_R2_step6000 9 9 1 0.04126990004442632
seed123_R2_step6000 9 9 2 0.04201662400737405
seed123_R2_step6000 9 9 3 0.04365563701139763
seed123_R2_step6000 9 9 4 0.04257248999783769
seed123_R2_step6000 9 9 5 0.04195512499427423
seed123_R2_step6000 9 9 6 0.04186375002609566
seed123_R2_step6000 9 9 7 0.046834132983349264
seed123_R2_step6000 9 9 8 0.04223564203130081
seed123_R2_step6000 9 9 9 0.041990352037828416
seed123_R2_step6000 12 0 0 0.4461204299586825
seed123_R2_step6000 12 0 1 0.43421926198061556
seed123_R2_step6000 12 0 2 0.4406821230077185
seed123_R2_step6000 12 0 3 0.45422629202948883
seed123_R2_step6000 12 0 4 0.4422164300340228
seed123_R2_step6000 12 0 5 0.44251661497401074
seed123_R2_step6000 12 0 6 0.4403345260070637
seed123_R2_step6000 12 0 7 0.44740358204580843
seed123_R2_step6000 12 0 8 0.4500122530153021
seed123_R2_step6000 12 0 9 0.43576899997424334
seed123_R2_step6000 12 1 0 0.446946638985537
seed123_R2_step6000 12 1 1 0.4420392200117931
seed123_R2_step6000 12 1 2 0.43515523604582995
seed123_R2_step6000 12 1 3 0.4553771379869431
seed123_R2_step6000 12 1 4 0.453700169979129
seed123_R2_step6000 12 1 5 0.4421855800319463
seed123_R2_step6000 12 1 6 0.43681742303306237
seed123_R2_step6000 12 1 7 0.43413484399206936
seed123_R2_step6000 12 1 8 0.44135682203341275
seed123_R2_step6000 12 1 9 0.4405533410026692
seed123_R2_step6000 12 2 0 0.43936956499237567
seed123_R2_step6000 12 2 1 0.445386175008025
seed123_R2_step6000 12 2 2 0.4417723990045488
seed123_R2_step6000 12 2 3 0.43693124200217426
seed123_R2_step6000 12 2 4 0.4381995610310696
seed123_R2_step6000 12 2 5 0.44470876397099346
seed123_R2_step6000 12 2 6 0.4325370659935288
seed123_R2_step6000 12 2 7 0.4262335620005615
seed123_R2_step6000 12 2 8 0.4368176520220004
seed123_R2_step6000 12 2 9 0.440045706985984
seed123_R2_step6000 12 3 0 0.4381499500013888
seed123_R2_step6000 12 3 1 0.44029025099007413
seed123_R2_step6000 12 3 2 0.4385530389845371
seed123_R2_step6000 12 3 3 0.43979714199667796
seed123_R2_step6000 12 3 4 0.44138146698242053
seed123_R2_step6000 12 3 5 0.4315540579846129
seed123_R2_step6000 12 3 6 0.45771163899917156
seed123_R2_step6000 12 3 7 0.4447354029980488
seed123_R2_step6000 12 3 8 0.4532942619989626
seed123_R2_step6000 12 3 9 0.4548060709494166
seed123_R2_step6000 12 4 0 0.45763960102340207
seed123_R2_step6000 12 4 1 0.4374701470369473
seed123_R2_step6000 12 4 2 0.43932228605262935
seed123_R2_step6000 12 4 3 0.43973824998829514
seed123_R2_step6000 12 4 4 0.44127053901320323
seed123_R2_step6000 12 4 5 0.43365750298835337
seed123_R2_step6000 12 4 6 0.44623905303888023
seed123_R2_step6000 12 4 7 0.4476450619986281
seed123_R2_step6000 12 4 8 0.4396189290564507
seed123_R2_step6000 12 4 9 0.452149175980594
seed123_R2_step6000 12 5 0 0.4500429549952969
seed123_R2_step6000 12 5 1 0.44900286599295214
seed123_R2_step6000 12 5 2 0.44154933898244053
seed123_R2_step6000 12 5 3 0.45177960698492825
seed123_R2_step6000 12 5 4 0.4522696420317516
seed123_R2_step6000 12 5 5 0.4441200330038555
seed123_R2_step6000 12 5 6 0.44355116598308086
seed123_R2_step6000 12 5 7 0.447262074041646
seed123_R2_step6000 12 5 8 0.45379045797744766
seed123_R2_step6000 12 5 9 0.4437798190047033
seed123_R2_step6000 12 6 0 0.44876826205290854
seed123_R2_step6000 12 6 1 0.4448930069920607
seed123_R2_step6000 12 6 2 0.44821606803452596
seed123_R2_step6000 12 6 3 0.4369368039770052
seed123_R2_step6000 12 6 4 0.440862561983522
seed123_R2_step6000 12 6 5 0.4459744089981541
seed123_R2_step6000 12 6 6 0.45132527995156124
seed123_R2_step6000 12 6 7 0.4462627079919912
seed123_R2_step6000 12 6 8 0.45479096000781283
seed123_R2_step6000 12 6 9 0.46765742101706564
seed123_R2_step6000 12 7 0 0.4529285929747857
seed123_R2_step6000 12 7 1 0.452825000975281
seed123_R2_step6000 12 7 2 0.4496407120022923
seed123_R2_step6000 12 7 3 0.4538755409885198
seed123_R2_step6000 12 7 4 0.4514013919979334
seed123_R2_step6000 12 7 5 0.4531520989839919
seed123_R2_step6000 12 7 6 0.4297843419481069
seed123_R2_step6000 12 7 7 0.43279654800426215
seed123_R2_step6000 12 7 8 0.43805209203856066
seed123_R2_step6000 12 7 9 0.4338294329936616
seed123_R2_step6000 12 8 0 0.43854441202711314
seed123_R2_step6000 12 8 1 0.43475618498632684
seed123_R2_step6000 12 8 2 0.4298324720002711
seed123_R2_step6000 12 8 3 0.4427332360064611
seed123_R2_step6000 12 8 4 0.4519871909869835
seed123_R2_step6000 12 8 5 0.4401515999925323
seed123_R2_step6000 12 8 6 0.4421769230393693
seed123_R2_step6000 12 8 7 0.43822175497189164
seed123_R2_step6000 12 8 8 0.4464866209891625
seed123_R2_step6000 12 8 9 0.44336063496302813
seed123_R2_step6000 12 9 0 0.4465272839879617
seed123_R2_step6000 12 9 1 0.4418969429680146
seed123_R2_step6000 12 9 2 0.43328990403097123
seed123_R2_step6000 12 9 3 0.435234953998588
seed123_R2_step6000 12 9 4 0.43653402000200003
seed123_R2_step6000 12 9 5 0.42948744603199884
seed123_R2_step6000 12 9 6 0.44650737004121765
seed123_R2_step6000 12 9 7 0.4356313120224513
seed123_R2_step6000 12 9 8 0.4480102970264852
seed123_R2_step6000 12 9 9 0.4467050509992987
seed123_R2_step6000 18 0 0 0.1084814440109767
seed123_R2_step6000 18 0 1 0.10363928903825581
seed123_R2_step6000 18 0 2 0.1013148229685612
seed123_R2_step6000 18 0 3 0.10404406499583274
seed123_R2_step6000 18 0 4 0.10830830998020247
seed123_R2_step6000 18 0 5 0.10609327402198687
seed123_R2_step6000 18 0 6 0.10591981001198292
seed123_R2_step6000 18 0 7 0.10220820299582556
seed123_R2_step6000 18 0 8 0.10394086601445451
seed123_R2_step6000 18 0 9 0.10375961899990216
seed123_R2_step6000 18 1 0 0.10524858301505446
seed123_R2_step6000 18 1 1 0.10443483397830278
seed123_R2_step6000 18 1 2 0.1054028799990192
seed123_R2_step6000 18 1 3 0.10361684503732249
seed123_R2_step6000 18 1 4 0.1069765150314197
seed123_R2_step6000 18 1 5 0.10081806703237817
seed123_R2_step6000 18 1 6 0.1045333209913224
seed123_R2_step6000 18 1 7 0.10519759403541684
seed123_R2_step6000 18 1 8 0.10277106199646369
seed123_R2_step6000 18 1 9 0.10150903201429173
seed123_R2_step6000 18 2 0 0.10490156704327092
seed123_R2_step6000 18 2 1 0.10403793101431802
seed123_R2_step6000 18 2 2 0.10342276096343994
seed123_R2_step6000 18 2 3 0.10361406794982031
seed123_R2_step6000 18 2 4 0.10436947498237714
seed123_R2_step6000 18 2 5 0.10468697402393445
seed123_R2_step6000 18 2 6 0.10503534198505804
seed123_R2_step6000 18 2 7 0.10295217798557132
seed123_R2_step6000 18 2 8 0.10329378297319636
seed123_R2_step6000 18 2 9 0.10707341996021569
seed123_R2_step6000 18 3 0 0.10304693999933079
seed123_R2_step6000 18 3 1 0.10072070901514962
seed123_R2_step6000 18 3 2 0.10429908003425226
seed123_R2_step6000 18 3 3 0.10373225202783942
seed123_R2_step6000 18 3 4 0.1094757349928841
seed123_R2_step6000 18 3 5 0.10249169304734096
seed123_R2_step6000 18 3 6 0.10489000199595466
seed123_R2_step6000 18 3 7 0.10551497002597898
seed123_R2_step6000 18 3 8 0.10356079298071563
seed123_R2_step6000 18 3 9 0.10384851502021775
seed123_R2_step6000 18 4 0 0.1041921530268155
seed123_R2_step6000 18 4 1 0.10589066101238132
seed123_R2_step6000 18 4 2 0.10214371496113017
seed123_R2_step6000 18 4 3 0.10362137801712379
seed123_R2_step6000 18 4 4 0.10307430004468188
seed123_R2_step6000 18 4 5 0.10469185997499153
seed123_R2_step6000 18 4 6 0.10521393199451268
seed123_R2_step6000 18 4 7 0.1023001239518635
seed123_R2_step6000 18 4 8 0.11543159402208403
seed123_R2_step6000 18 4 9 0.10431168199284002
seed123_R2_step6000 18 5 0 0.10726548498496413
seed123_R2_step6000 18 5 1 0.10335834400029853
seed123_R2_step6000 18 5 2 0.10369453701423481
seed123_R2_step6000 18 5 3 0.10335261101135984
seed123_R2_step6000 18 5 4 0.10569085495080799
seed123_R2_step6000 18 5 5 0.10440625197952613
seed123_R2_step6000 18 5 6 0.10535136400721967
seed123_R2_step6000 18 5 7 0.10394501697737724
seed123_R2_step6000 18 5 8 0.10358290298609063
seed123_R2_step6000 18 5 9 0.10401215695310384
seed123_R2_step6000 18 6 0 0.10375814896542579
seed123_R2_step6000 18 6 1 0.1024860690231435
seed123_R2_step6000 18 6 2 0.10417634999612346
seed123_R2_step6000 18 6 3 0.10487265401752666
seed123_R2_step6000 18 6 4 0.10413295601028949
seed123_R2_step6000 18 6 5 0.10474045103183016
seed123_R2_step6000 18 6 6 0.10251291003078222
seed123_R2_step6000 18 6 7 0.10336158698191866
seed123_R2_step6000 18 6 8 0.10235945601016283
seed123_R2_step6000 18 6 9 0.10249895404558629
seed123_R2_step6000 18 7 0 0.10342632001265883
seed123_R2_step6000 18 7 1 0.1016100569977425
seed123_R2_step6000 18 7 2 0.10457920999033377
seed123_R2_step6000 18 7 3 0.10490119800670072
seed123_R2_step6000 18 7 4 0.10357339197071269
seed123_R2_step6000 18 7 5 0.10946625098586082
seed123_R2_step6000 18 7 6 0.10343965503852814
seed123_R2_step6000 18 7 7 0.10181454999838024
seed123_R2_step6000 18 7 8 0.10406603699084371
seed123_R2_step6000 18 7 9 0.10025425802450627
seed123_R2_step6000 18 8 0 0.09966482600430027
seed123_R2_step6000 18 8 1 0.10049146099481732
seed123_R2_step6000 18 8 2 0.10447916702833027
seed123_R2_step6000 18 8 3 0.10337125300429761
seed123_R2_step6000 18 8 4 0.1111456099897623
seed123_R2_step6000 18 8 5 0.10137633699923754
seed123_R2_step6000 18 8 6 0.10485487797996029
seed123_R2_step6000 18 8 7 0.10608282196335495
seed123_R2_step6000 18 8 8 0.10354980599367991
seed123_R2_step6000 18 8 9 0.10396111395675689
seed123_R2_step6000 18 9 0 0.10214054200332612
seed123_R2_step6000 18 9 1 0.10332468297565356
seed123_R2_step6000 18 9 2 0.10542878595879301
seed123_R2_step6000 18 9 3 0.10371883900370449
seed123_R2_step6000 18 9 4 0.10275581100722775
seed123_R2_step6000 18 9 5 0.10157598997466266
seed123_R2_step6000 18 9 6 0.10332191799534485
seed123_R2_step6000 18 9 7 0.10378652799408883
seed123_R2_step6000 18 9 8 0.10377893300028518
seed123_R2_step6000 18 9 9 0.10709694499382749
seed123_R2_step6000 22 0 0 0.017601958999875933
seed123_R2_step6000 22 0 1 0.015444463002495468
seed123_R2_step6000 22 0 2 0.015431727981194854
seed123_R2_step6000 22 0 3 0.015462887997273356
seed123_R2_step6000 22 0 4 0.015337697986979038
seed123_R2_step6000 22 0 5 0.015523234033025801
seed123_R2_step6000 22 0 6 0.015555934980511665
seed123_R2_step6000 22 0 7 0.015413362998515368
seed123_R2_step6000 22 0 8 0.015502833994105458
seed123_R2_step6000 22 0 9 0.015463820018339902
seed123_R2_step6000 22 1 0 0.01480050798272714
seed123_R2_step6000 22 1 1 0.016928188037127256
seed123_R2_step6000 22 1 2 0.016784512961748987
seed123_R2_step6000 22 1 3 0.015789243974722922
seed123_R2_step6000 22 1 4 0.015224881994072348
seed123_R2_step6000 22 1 5 0.015205364034045488
seed123_R2_step6000 22 1 6 0.015214381041005254
seed123_R2_step6000 22 1 7 0.015219149994663894
seed123_R2_step6000 22 1 8 0.015193119994364679
seed123_R2_step6000 22 1 9 0.015216755971778184
seed123_R2_step6000 22 2 0 0.015227666997816414
seed123_R2_step6000 22 2 1 0.015217837993986905
seed123_R2_step6000 22 2 2 0.01537341601215303
seed123_R2_step6000 22 2 3 0.01487387903034687
seed123_R2_step6000 22 2 4 0.015119780029635876
seed123_R2_step6000 22 2 5 0.015427070029545575
seed123_R2_step6000 22 2 6 0.015293953998479992
seed123_R2_step6000 22 2 7 0.015480241039767861
seed123_R2_step6000 22 2 8 0.015321195998694748
seed123_R2_step6000 22 2 9 0.015432679967489094
seed123_R2_step6000 22 3 0 0.015437449037563056
seed123_R2_step6000 22 3 1 0.015306578017771244
seed123_R2_step6000 22 3 2 0.01508493401343003
seed123_R2_step6000 22 3 3 0.014939243032131344
seed123_R2_step6000 22 3 4 0.015071558009367436
seed123_R2_step6000 22 3 5 0.015397753973957151
seed123_R2_step6000 22 3 6 0.015372274036053568
seed123_R2_step6000 22 3 7 0.01515334501164034
seed123_R2_step6000 22 3 8 0.015435656008776277
seed123_R2_step6000 22 3 9 0.015467576973605901
seed123_R2_step6000 22 4 0 0.015477046021260321
seed123_R2_step6000 22 4 1 0.01900662196567282
seed123_R2_step6000 22 4 2 0.01565604895586148
seed123_R2_step6000 22 4 3 0.015441216994076967
seed123_R2_step6000 22 4 4 0.015433169959578663
seed123_R2_step6000 22 4 5 0.015430656960234046
seed123_R2_step6000 22 4 6 0.015513485006522387
seed123_R2_step6000 22 4 7 0.01543322199722752
seed123_R2_step6000 22 4 8 0.015440575021784753
seed123_R2_step6000 22 4 9 0.0151517009944655
seed123_R2_step6000 22 5 0 0.015496873005758971
seed123_R2_step6000 22 5 1 0.015459521033335477
seed123_R2_step6000 22 5 2 0.015434472996275872
seed123_R2_step6000 22 5 3 0.015434061991982162
seed123_R2_step6000 22 5 4 0.015432830026838928
seed123_R2_step6000 22 5 5 0.015399626980070025
seed123_R2_step6000 22 5 6 0.015604550018906593
seed123_R2_step6000 22 5 7 0.015539343992713839
seed123_R2_step6000 22 5 8 0.015450734994374216
seed123_R2_step6000 22 5 9 0.015418121998663992
seed123_R2_step6000 22 6 0 0.015412120032124221
seed123_R2_step6000 22 6 1 0.015395699010696262
seed123_R2_step6000 22 6 2 0.015461564995348454
seed123_R2_step6000 22 6 3 0.015210213954560459
seed123_R2_step6000 22 6 4 0.014802049961872399
seed123_R2_step6000 22 6 5 0.01538894698023796
seed123_R2_step6000 22 6 6 0.015710851992480457
seed123_R2_step6000 22 6 7 0.015472917002625763
seed123_R2_step6000 22 6 8 0.015484419011045247
seed123_R2_step6000 22 6 9 0.015461825008969754
seed123_R2_step6000 22 7 0 0.019478907983284444
seed123_R2_step6000 22 7 1 0.016218115983065218
seed123_R2_step6000 22 7 2 0.015225552022457123
seed123_R2_step6000 22 7 3 0.015195204003248364
seed123_R2_step6000 22 7 4 0.01523993001319468
seed123_R2_step6000 22 7 5 0.015243808040395379
seed123_R2_step6000 22 7 6 0.01524060097290203
seed123_R2_step6000 22 7 7 0.014911380014382303
seed123_R2_step6000 22 7 8 0.014892162987962365
seed123_R2_step6000 22 7 9 0.015918179997242987
seed123_R2_step6000 22 8 0 0.015087938983924687
seed123_R2_step6000 22 8 1 0.015052472008392215
seed123_R2_step6000 22 8 2 0.015011361974757165
seed123_R2_step6000 22 8 3 0.014974221005104482
seed123_R2_step6000 22 8 4 0.015174244006630033
seed123_R2_step6000 22 8 5 0.015479138994123787
seed123_R2_step6000 22 8 6 0.015506631985772401
seed123_R2_step6000 22 8 7 0.015366601990535855
seed123_R2_step6000 22 8 8 0.015302781015634537
seed123_R2_step6000 22 8 9 0.015302359010092914
seed123_R2_step6000 22 9 0 0.015507734031416476
seed123_R2_step6000 22 9 1 0.015454372041858733
seed123_R2_step6000 22 9 2 0.015361613011918962
seed123_R2_step6000 22 9 3 0.015362204983830452
seed123_R2_step6000 22 9 4 0.015494177991058677
seed123_R2_step6000 22 9 5 0.015482665970921516
seed123_R2_step6000 22 9 6 0.015466213983017951
seed123_R2_step6000 22 9 7 0.015417429967783391
seed123_R2_step6000 22 9 8 0.01611650100676343
seed123_R2_step6000 22 9 9 0.01927781297126785
seed123_R2_step6000 24 0 0 0.018066018004901707
seed123_R2_step6000 24 0 1 0.017657294985838234
seed123_R2_step6000 24 0 2 0.01723752001998946
seed123_R2_step6000 24 0 3 0.017297724960371852
seed123_R2_step6000 24 0 4 0.01722412498202175
seed123_R2_step6000 24 0 5 0.017249674012418836
seed123_R2_step6000 24 0 6 0.01733568898634985
seed123_R2_step6000 24 0 7 0.017243271984625608
seed123_R2_step6000 24 0 8 0.017283738998230547
seed123_R2_step6000 24 0 9 0.01658841600874439
seed123_R2_step6000 24 1 0 0.01662418496562168
seed123_R2_step6000 24 1 1 0.016559922019951046
seed123_R2_step6000 24 1 2 0.01709246198879555
seed123_R2_step6000 24 1 3 0.01673928601667285
seed123_R2_step6000 24 1 4 0.016649372992105782
seed123_R2_step6000 24 1 5 0.017481827992014587
seed123_R2_step6000 24 1 6 0.017412927001714706
seed123_R2_step6000 24 1 7 0.017144000972621143
seed123_R2_step6000 24 1 8 0.017219665984157473
seed123_R2_step6000 24 1 9 0.017585508001502603
seed123_R2_step6000 24 2 0 0.017301882966421545
seed123_R2_step6000 24 2 1 0.017193675972521305
seed123_R2_step6000 24 2 2 0.017119123018346727
seed123_R2_step6000 24 2 3 0.017111178021878004
seed123_R2_step6000 24 2 4 0.016912318009417504
seed123_R2_step6000 24 2 5 0.016963984991889447
seed123_R2_step6000 24 2 6 0.017360566009301692
seed123_R2_step6000 24 2 7 0.017127769999206066
seed123_R2_step6000 24 2 8 0.01680154399946332
seed123_R2_step6000 24 2 9 0.018784374988172203
seed123_R2_step6000 24 3 0 0.017394170979969203
seed123_R2_step6000 24 3 1 0.017647164990194142
seed123_R2_step6000 24 3 2 0.017479543981608003
seed123_R2_step6000 24 3 3 0.019615971017628908
seed123_R2_step6000 24 3 4 0.017666522995568812
seed123_R2_step6000 24 3 5 0.01703374000499025
seed123_R2_step6000 24 3 6 0.0170804180088453
seed123_R2_step6000 24 3 7 0.017245484981685877
seed123_R2_step6000 24 3 8 0.017060401034541428
seed123_R2_step6000 24 3 9 0.01706260396167636
seed123_R2_step6000 24 4 0 0.017143308999948204
seed123_R2_step6000 24 4 1 0.016980358050204813
seed123_R2_step6000 24 4 2 0.017056892975233495
seed123_R2_step6000 24 4 3 0.017129363026469946
seed123_R2_step6000 24 4 4 0.017040162987541407
seed123_R2_step6000 24 4 5 0.016994183999486268
seed123_R2_step6000 24 4 6 0.01713262900011614
seed123_R2_step6000 24 4 7 0.017039870959706604
seed123_R2_step6000 24 4 8 0.017002318985760212
seed123_R2_step6000 24 4 9 0.017039679980371147
seed123_R2_step6000 24 5 0 0.017011947988066822
seed123_R2_step6000 24 5 1 0.017986735969316214
seed123_R2_step6000 24 5 2 0.017646735010202974
seed123_R2_step6000 24 5 3 0.01716146501712501
seed123_R2_step6000 24 5 4 0.016596921952441335
seed123_R2_step6000 24 5 5 0.018928591976873577
seed123_R2_step6000 24 5 6 0.018233149021398276
seed123_R2_step6000 24 5 7 0.017981135984882712
seed123_R2_step6000 24 5 8 0.01749704801477492
seed123_R2_step6000 24 5 9 0.016981197986751795
seed123_R2_step6000 24 6 0 0.017085769039113075
seed123_R2_step6000 24 6 1 0.01723911298904568
seed123_R2_step6000 24 6 2 0.01720227295299992
seed123_R2_step6000 24 6 3 0.01712787995347753
seed123_R2_step6000 24 6 4 0.018769948044791818
seed123_R2_step6000 24 6 5 0.021451158972922713
seed123_R2_step6000 24 6 6 0.0174084979807958
seed123_R2_step6000 24 6 7 0.017198244982864708
seed123_R2_step6000 24 6 8 0.016993472003377974
seed123_R2_step6000 24 6 9 0.01701501401839778
seed123_R2_step6000 24 7 0 0.01731292501790449
seed123_R2_step6000 24 7 1 0.017092311987653375
seed123_R2_step6000 24 7 2 0.01704300701385364
seed123_R2_step6000 24 7 3 0.01689930201973766
seed123_R2_step6000 24 7 4 0.017155101988464594
seed123_R2_step6000 24 7 5 0.01688524498604238
seed123_R2_step6000 24 7 6 0.01706052100053057
seed123_R2_step6000 24 7 7 0.016997309983707964
seed123_R2_step6000 24 7 8 0.016525997023563832
seed123_R2_step6000 24 7 9 0.016793799004517496
seed123_R2_step6000 24 8 0 0.016691241995431483
seed123_R2_step6000 24 8 1 0.01659436704358086
seed123_R2_step6000 24 8 2 0.01637125900015235
seed123_R2_step6000 24 8 3 0.01920149603392929
seed123_R2_step6000 24 8 4 0.01832105702487752
seed123_R2_step6000 24 8 5 0.0171258159680292
seed123_R2_step6000 24 8 6 0.017089597007725388
seed123_R2_step6000 24 8 7 0.016999152954667807
seed123_R2_step6000 24 8 8 0.01670970901614055
seed123_R2_step6000 24 8 9 0.017068154993467033
seed123_R2_step6000 24 9 0 0.01694072101963684
seed123_R2_step6000 24 9 1 0.016384803981054574
seed123_R2_step6000 24 9 2 0.016392780002206564
seed123_R2_step6000 24 9 3 0.01705658301943913
seed123_R2_step6000 24 9 4 0.016881737974472344
seed123_R2_step6000 24 9 5 0.017024411994498223
seed123_R2_step6000 24 9 6 0.01648797298548743
seed123_R2_step6000 24 9 7 0.016423869994468987
seed123_R2_step6000 24 9 8 0.01651710900478065
seed123_R2_step6000 24 9 9 0.016779130965005606
seed123_R2_step6000 30 0 0 0.0270469369716011
seed123_R2_step6000 30 0 1 0.02632752904901281
seed123_R2_step6000 30 0 2 0.02592516696313396
seed123_R2_step6000 30 0 3 0.025820666982326657
seed123_R2_step6000 30 0 4 0.026081677002366632
seed123_R2_step6000 30 0 5 0.02566788299009204
seed123_R2_step6000 30 0 6 0.030191536992788315
seed123_R2_step6000 30 0 7 0.027718094002921134
seed123_R2_step6000 30 0 8 0.027557255991268903
seed123_R2_step6000 30 0 9 0.02760124998167157
seed123_R2_step6000 30 1 0 0.027302376984152943
seed123_R2_step6000 30 1 1 0.02675840398296714
seed123_R2_step6000 30 1 2 0.026249428978189826
seed123_R2_step6000 30 1 3 0.027036677987780422
seed123_R2_step6000 30 1 4 0.026454761973582208
seed123_R2_step6000 30 1 5 0.02706823800690472
seed123_R2_step6000 30 1 6 0.026549765025265515
seed123_R2_step6000 30 1 7 0.026649876963347197
seed123_R2_step6000 30 1 8 0.026127464952878654
seed123_R2_step6000 30 1 9 0.025443564052693546
seed123_R2_step6000 30 2 0 0.028086860955227166
seed123_R2_step6000 30 2 1 0.026809201983269304
seed123_R2_step6000 30 2 2 0.02648152399342507
seed123_R2_step6000 30 2 3 0.029732306022197008
seed123_R2_step6000 30 2 4 0.028361468052025884
seed123_R2_step6000 30 2 5 0.027337595005519688
seed123_R2_step6000 30 2 6 0.02677532599773258
seed123_R2_step6000 30 2 7 0.02644183801021427
seed123_R2_step6000 30 2 8 0.026618666015565395
seed123_R2_step6000 30 2 9 0.026671288011129946
seed123_R2_step6000 30 3 0 0.025531992956530303
seed123_R2_step6000 30 3 1 0.025481656950432807
seed123_R2_step6000 30 3 2 0.02569996501551941
seed123_R2_step6000 30 3 3 0.0283226229948923
seed123_R2_step6000 30 3 4 0.027155045012477785
seed123_R2_step6000 30 3 5 0.026263905980158597
seed123_R2_step6000 30 3 6 0.026134548999834806
seed123_R2_step6000 30 3 7 0.025806438992731273
seed123_R2_step6000 30 3 8 0.0263825940201059
seed123_R2_step6000 30 3 9 0.02654122799867764
seed123_R2_step6000 30 4 0 0.025646603025961667
seed123_R2_step6000 30 4 1 0.0263565739733167
seed123_R2_step6000 30 4 2 0.03331510501448065
seed123_R2_step6000 30 4 3 0.027889573015272617
seed123_R2_step6000 30 4 4 0.02704171696677804
seed123_R2_step6000 30 4 5 0.02593893400626257
seed123_R2_step6000 30 4 6 0.02614829398225993
seed123_R2_step6000 30 4 7 0.02601905702613294
seed123_R2_step6000 30 4 8 0.025864669994916767
seed123_R2_step6000 30 4 9 0.025903545960318297
seed123_R2_step6000 30 5 0 0.026731292949989438
seed123_R2_step6000 30 5 1 0.0251951270038262
seed123_R2_step6000 30 5 2 0.026295157033018768
seed123_R2_step6000 30 5 3 0.025250512990169227
seed123_R2_step6000 30 5 4 0.026021741970907897
seed123_R2_step6000 30 5 5 0.02648713398957625
seed123_R2_step6000 30 5 6 0.02655668801162392
seed123_R2_step6000 30 5 7 0.02626100101042539
seed123_R2_step6000 30 5 8 0.02801061497302726
seed123_R2_step6000 30 5 9 0.027090650983154774
seed123_R2_step6000 30 6 0 0.02578371501294896
seed123_R2_step6000 30 6 1 0.028701459988951683
seed123_R2_step6000 30 6 2 0.028250744973775
seed123_R2_step6000 30 6 3 0.028298927994910628
seed123_R2_step6000 30 6 4 0.02717265801038593
seed123_R2_step6000 30 6 5 0.027030726021621376
seed123_R2_step6000 30 6 6 0.02642098697833717
seed123_R2_step6000 30 6 7 0.026509496965445578
seed123_R2_step6000 30 6 8 0.026463337999302894
seed123_R2_step6000 30 6 9 0.025719100958667696
seed123_R2_step6000 30 7 0 0.026190064032562077
seed123_R2_step6000 30 7 1 0.026830482005607337
seed123_R2_step6000 30 7 2 0.02676329400856048
seed123_R2_step6000 30 7 3 0.027197305986192077
seed123_R2_step6000 30 7 4 0.026834880001842976
seed123_R2_step6000 30 7 5 0.026774034020490944
seed123_R2_step6000 30 7 6 0.029533084016293287
seed123_R2_step6000 30 7 7 0.028608501015696675
seed123_R2_step6000 30 7 8 0.028136555978562683
seed123_R2_step6000 30 7 9 0.02671528101200238
seed123_R2_step6000 30 8 0 0.026683641015551984
seed123_R2_step6000 30 8 1 0.026685894990805537
seed123_R2_step6000 30 8 2 0.026795765035785735
seed123_R2_step6000 30 8 3 0.026791066979058087
seed123_R2_step6000 30 8 4 0.026397140987683088
seed123_R2_step6000 30 8 5 0.027190332009922713
seed123_R2_step6000 30 8 6 0.02685747400391847
seed123_R2_step6000 30 8 7 0.02565380494343117
seed123_R2_step6000 30 8 8 0.02550684497691691
seed123_R2_step6000 30 8 9 0.026195754995569587
seed123_R2_step6000 30 9 0 0.025144278013613075
seed123_R2_step6000 30 9 1 0.025908053969033062
seed123_R2_step6000 30 9 2 0.026637762028258294
seed123_R2_step6000 30 9 3 0.026213639008346945
seed123_R2_step6000 30 9 4 0.026338468014728278
seed123_R2_step6000 30 9 5 0.026120329974219203
seed123_R2_step6000 30 9 6 0.028713522013276815
seed123_R2_step6000 30 9 7 0.027890825003851205
seed123_R2_step6000 30 9 8 0.027930881013162434
seed123_R2_step6000 30 9 9 0.026718827954027802
seed123_R2_step6000 33 0 0 0.006579043983947486
seed123_R2_step6000 33 0 1 0.006184247031342238
seed123_R2_step6000 33 0 2 0.006162055011373013
seed123_R2_step6000 33 0 3 0.006062643020413816
seed123_R2_step6000 33 0 4 0.006101349019445479
seed123_R2_step6000 33 0 5 0.005938535963650793
seed123_R2_step6000 33 0 6 0.0059747250052168965
seed123_R2_step6000 33 0 7 0.006062362983357161
seed123_R2_step6000 33 0 8 0.006035792001057416
seed123_R2_step6000 33 0 9 0.00590862799435854
seed123_R2_step6000 33 1 0 0.006183586025144905
seed123_R2_step6000 33 1 1 0.006067894049920142
seed123_R2_step6000 33 1 2 0.006216639012563974
seed123_R2_step6000 33 1 3 0.0058420010027475655
seed123_R2_step6000 33 1 4 0.006081491010263562
seed123_R2_step6000 33 1 5 0.006193584005814046
seed123_R2_step6000 33 1 6 0.0062512949807569385
seed123_R2_step6000 33 1 7 0.006229264021385461
seed123_R2_step6000 33 1 8 0.006257738044951111
seed123_R2_step6000 33 1 9 0.00631965696811676
seed123_R2_step6000 33 2 0 0.006053416000213474
seed123_R2_step6000 33 2 1 0.0060334280133247375
seed123_R2_step6000 33 2 2 0.006116787961218506
seed123_R2_step6000 33 2 3 0.0060769919655285776
seed123_R2_step6000 33 2 4 0.006151804002001882
seed123_R2_step6000 33 2 5 0.006077132013160735
seed123_R2_step6000 33 2 6 0.006076820951420814
seed123_R2_step6000 33 2 7 0.006050138967111707
seed123_R2_step6000 33 2 8 0.006083945045247674
seed123_R2_step6000 33 2 9 0.006054017983842641
seed123_R2_step6000 33 3 0 0.006180509983096272
seed123_R2_step6000 33 3 1 0.006147576030343771
seed123_R2_step6000 33 3 2 0.0060316649614833295
seed123_R2_step6000 33 3 3 0.006106978980824351
seed123_R2_step6000 33 3 4 0.005985975963994861
seed123_R2_step6000 33 3 5 0.005922915996052325
seed123_R2_step6000 33 3 6 0.006036733975633979
seed123_R2_step6000 33 3 7 0.005870495981071144
seed123_R2_step6000 33 3 8 0.005879000993445516
seed123_R2_step6000 33 3 9 0.006087401008699089
seed123_R2_step6000 33 4 0 0.006113732000812888
seed123_R2_step6000 33 4 1 0.006218171969521791
seed123_R2_step6000 33 4 2 0.006054968980606645
seed123_R2_step6000 33 4 3 0.005994172010105103
seed123_R2_step6000 33 4 4 0.006184738012962043
seed123_R2_step6000 33 4 5 0.005864554026629776
seed123_R2_step6000 33 4 6 0.006096649041865021
seed123_R2_step6000 33 4 7 0.006139682023786008
seed123_R2_step6000 33 4 8 0.008368894981686026
seed123_R2_step6000 33 4 9 0.008924962021410465
seed123_R2_step6000 33 5 0 0.006291122990660369
seed123_R2_step6000 33 5 1 0.006422803970053792
seed123_R2_step6000 33 5 2 0.006271152989938855
seed123_R2_step6000 33 5 3 0.00621394399786368
seed123_R2_step6000 33 5 4 0.006270892976317555
seed123_R2_step6000 33 5 5 0.006226237979717553
seed123_R2_step6000 33 5 6 0.006227139034308493
seed123_R2_step6000 33 5 7 0.006240966031327844
seed123_R2_step6000 33 5 8 0.006232951011043042
seed123_R2_step6000 33 5 9 0.006236717978026718
seed123_R2_step6000 33 6 0 0.006249903002753854
seed123_R2_step6000 33 6 1 0.006226829020306468
seed123_R2_step6000 33 6 2 0.006243742012884468
seed123_R2_step6000 33 6 3 0.006195057998411357
seed123_R2_step6000 33 6 4 0.006258679961320013
seed123_R2_step6000 33 6 5 0.006204756035003811
seed123_R2_step6000 33 6 6 0.006275432009715587
seed123_R2_step6000 33 6 7 0.006211088038980961
seed123_R2_step6000 33 6 8 0.006238701054826379
seed123_R2_step6000 33 6 9 0.006210007006302476
seed123_R2_step6000 33 7 0 0.006242548988666385
seed123_R2_step6000 33 7 1 0.006225435005035251
seed123_R2_step6000 33 7 2 0.006263699033297598
seed123_R2_step6000 33 7 3 0.006244652962777764
seed123_R2_step6000 33 7 4 0.006231296982150525
seed123_R2_step6000 33 7 5 0.006087691988795996
seed123_R2_step6000 33 7 6 0.00620595901273191
seed123_R2_step6000 33 7 7 0.006161101977340877
seed123_R2_step6000 33 7 8 0.006222640979103744
seed123_R2_step6000 33 7 9 0.006277695996686816
seed123_R2_step6000 33 8 0 0.0062534689786843956
seed123_R2_step6000 33 8 1 0.00623543601250276
seed123_R2_step6000 33 8 2 0.006205387006048113
seed123_R2_step6000 33 8 3 0.006140101992059499
seed123_R2_step6000 33 8 4 0.006362479005474597
seed123_R2_step6000 33 8 5 0.006202382035553455
seed123_R2_step6000 33 8 6 0.006172063003759831
seed123_R2_step6000 33 8 7 0.006247808982152492
seed123_R2_step6000 33 8 8 0.006282986956648529
seed123_R2_step6000 33 8 9 0.006289878976531327
seed123_R2_step6000 33 9 0 0.006327051029074937
seed123_R2_step6000 33 9 1 0.006284650007728487
seed123_R2_step6000 33 9 2 0.006277775974012911
seed123_R2_step6000 33 9 3 0.0061742879915982485
seed123_R2_step6000 33 9 4 0.006296452018432319
seed123_R2_step6000 33 9 5 0.00616539001930505
seed123_R2_step6000 33 9 6 0.006162626028526574
seed123_R2_step6000 33 9 7 0.006069366994779557
seed123_R2_step6000 33 9 8 0.006047835049685091
seed123_R2_step6000 33 9 9 0.006144691025838256
seed123_R2_step6000 36 0 0 0.006650500989053398
seed123_R2_step6000 36 0 1 0.006703342020045966
seed123_R2_step6000 36 0 2 0.006845314987003803
seed123_R2_step6000 36 0 3 0.006973139999900013
seed123_R2_step6000 36 0 4 0.00681842298945412
seed123_R2_step6000 36 0 5 0.006795469031203538
seed123_R2_step6000 36 0 6 0.006796139990910888
seed123_R2_step6000 36 0 7 0.1453620310057886
seed123_R2_step6000 36 0 8 0.0074379100115038455
seed123_R2_step6000 36 0 9 0.0068599419901147485
seed123_R2_step6000 36 1 0 0.0066996049717999995
seed123_R2_step6000 36 1 1 0.0066612010123208165
seed123_R2_step6000 36 1 2 0.006606927956454456
seed123_R2_step6000 36 1 3 0.006603560992516577
seed123_R2_step6000 36 1 4 0.006632666976656765
seed123_R2_step6000 36 1 5 0.006578273023478687
seed123_R2_step6000 36 1 6 0.006615273014176637
seed123_R2_step6000 36 1 7 0.006685578962787986
seed123_R2_step6000 36 1 8 0.006634140037931502
seed123_R2_step6000 36 1 9 0.0065919579938054085
seed123_R2_step6000 36 2 0 0.006967137975152582
seed123_R2_step6000 36 2 1 0.006828531972132623
seed123_R2_step6000 36 2 2 0.00680935598211363
seed123_R2_step6000 36 2 3 0.006842338014394045
seed123_R2_step6000 36 2 4 0.006892344972584397
seed123_R2_step6000 36 2 5 0.0068404859630391
seed123_R2_step6000 36 2 6 0.00681579700903967
seed123_R2_step6000 36 2 7 0.006826588010881096
seed123_R2_step6000 36 2 8 0.0068624080158770084
seed123_R2_step6000 36 2 9 0.006713522016070783
seed123_R2_step6000 36 3 0 0.00686784804565832
seed123_R2_step6000 36 3 1 0.0068628970184363425
seed123_R2_step6000 36 3 2 0.00696014502318576
seed123_R2_step6000 36 3 3 0.006812862993683666
seed123_R2_step6000 36 3 4 0.006904026959091425
seed123_R2_step6000 36 3 5 0.006800769013352692
seed123_R2_step6000 36 3 6 0.006837659981101751
seed123_R2_step6000 36 3 7 0.006680769030936062
seed123_R2_step6000 36 3 8 0.006782863987609744
seed123_R2_step6000 36 3 9 0.006600986002013087
seed123_R2_step6000 36 4 0 0.006685697997454554
seed123_R2_step6000 36 4 1 0.00670272100251168
seed123_R2_step6000 36 4 2 0.00685147603508085
seed123_R2_step6000 36 4 3 0.006741143995895982
seed123_R2_step6000 36 4 4 0.006454113987274468
seed123_R2_step6000 36 4 5 0.006584153976291418
seed123_R2_step6000 36 4 6 0.006866525043733418
seed123_R2_step6000 36 4 7 0.0068577080382965505
seed123_R2_step6000 36 4 8 0.0068504150258377194
seed123_R2_step6000 36 4 9 0.006827901001088321
seed123_R2_step6000 36 5 0 0.006822269991971552
seed123_R2_step6000 36 5 1 0.006504951976239681
seed123_R2_step6000 36 5 2 0.0065736930118873715
seed123_R2_step6000 36 5 3 0.006595344981178641
seed123_R2_step6000 36 5 4 0.006577922031283379
seed123_R2_step6000 36 5 5 0.0068394829868339
seed123_R2_step6000 36 5 6 0.006816019013058394
seed123_R2_step6000 36 5 7 0.006783205026295036
seed123_R2_step6000 36 5 8 0.0068058379692956805
seed123_R2_step6000 36 5 9 0.0067296819761395454
seed123_R2_step6000 36 6 0 0.006555769010446966
seed123_R2_step6000 36 6 1 0.006351187010295689
seed123_R2_step6000 36 6 2 0.006360984989441931
seed123_R2_step6000 36 6 3 0.006329937023110688
seed123_R2_step6000 36 6 4 0.006187773018609732
seed123_R2_step6000 36 6 5 0.006463753001298755
seed123_R2_step6000 36 6 6 0.006408888031728566
seed123_R2_step6000 36 6 7 0.00648033496690914
seed123_R2_step6000 36 6 8 0.006384439999237657
seed123_R2_step6000 36 6 9 0.006340856954921037
seed123_R2_step6000 36 7 0 0.006342491018585861
seed123_R2_step6000 36 7 1 0.0062679279944859445
seed123_R2_step6000 36 7 2 0.006320227985270321
seed123_R2_step6000 36 7 3 0.006291011988651007
seed123_R2_step6000 36 7 4 0.006213843997102231
seed123_R2_step6000 36 7 5 0.006380253005772829
seed123_R2_step6000 36 7 6 0.006642025022301823
seed123_R2_step6000 36 7 7 0.008583906979765743
seed123_R2_step6000 36 7 8 0.006574686034582555
seed123_R2_step6000 36 7 9 0.006615374004468322
seed123_R2_step6000 36 8 0 0.006793195032514632
seed123_R2_step6000 36 8 1 0.00679759297054261
seed123_R2_step6000 36 8 2 0.007050808984786272
seed123_R2_step6000 36 8 3 0.006670648988801986
seed123_R2_step6000 36 8 4 0.006629872019402683
seed123_R2_step6000 36 8 5 0.006676159973721951
seed123_R2_step6000 36 8 6 0.006597669969778508
seed123_R2_step6000 36 8 7 0.0066684449557214975
seed123_R2_step6000 36 8 8 0.00664934900123626
seed123_R2_step6000 36 8 9 0.006627577007748187
seed123_R2_step6000 36 9 0 0.006873459031339735
seed123_R2_step6000 36 9 1 0.006866303971037269
seed123_R2_step6000 36 9 2 0.006882206012960523
seed123_R2_step6000 36 9 3 0.006881492969114333
seed123_R2_step6000 36 9 4 0.006818512978497893
seed123_R2_step6000 36 9 5 0.006807892001233995
seed123_R2_step6000 36 9 6 0.006813073006924242
seed123_R2_step6000 36 9 7 0.006920437968801707
seed123_R2_step6000 36 9 8 0.006888206989970058
seed123_R2_step6000 36 9 9 0.006872255995403975
seed123_R2_step6000 40 0 0 0.004073360003530979
seed123_R2_step6000 40 0 1 0.004065563960466534
seed123_R2_step6000 40 0 2 0.0040473100380040705
seed123_R2_step6000 40 0 3 0.004025659000035375
seed123_R2_step6000 40 0 4 0.004011139972135425
seed123_R2_step6000 40 0 5 0.004045667010359466
seed123_R2_step6000 40 0 6 0.004052018979564309
seed123_R2_step6000 40 0 7 0.0040538019966334105
seed123_R2_step6000 40 0 8 0.004005128052085638
seed123_R2_step6000 40 0 9 0.004034665995277464
seed123_R2_step6000 40 1 0 0.004036049009300768
seed123_R2_step6000 40 1 1 0.004038873012177646
seed123_R2_step6000 40 1 2 0.004064392007421702
seed123_R2_step6000 40 1 3 0.004085373017005622
seed123_R2_step6000 40 1 4 0.004029223986435682
seed123_R2_step6000 40 1 5 0.004029946983791888
seed123_R2_step6000 40 1 6 0.004037932027131319
seed123_R2_step6000 40 1 7 0.004046607995405793
seed123_R2_step6000 40 1 8 0.004004768037702888
seed123_R2_step6000 40 1 9 0.004008556017652154
seed123_R2_step6000 40 2 0 0.0038910209550522268
seed123_R2_step6000 40 2 1 0.00383135600714013
seed123_R2_step6000 40 2 2 0.003818491008132696
seed123_R2_step6000 40 2 3 0.003789895970840007
seed123_R2_step6000 40 2 4 0.003872444969601929
seed123_R2_step6000 40 2 5 0.0039588200161233544
seed123_R2_step6000 40 2 6 0.003823651000857353
seed123_R2_step6000 40 2 7 0.0037704799906350672
seed123_R2_step6000 40 2 8 0.003810035006608814
seed123_R2_step6000 40 2 9 0.0038491300074383616
seed123_R2_step6000 40 3 0 0.003888354985974729
seed123_R2_step6000 40 3 1 0.004001571971457452
seed123_R2_step6000 40 3 2 0.003964399977121502
seed123_R2_step6000 40 3 3 0.003952578001189977
seed123_R2_step6000 40 3 4 0.003923983953427523
seed123_R2_step6000 40 3 5 0.003859690041281283
seed123_R2_step6000 40 3 6 0.0038495099870488048
seed123_R2_step6000 40 3 7 0.0038603220018558204
seed123_R2_step6000 40 3 8 0.00383174599846825
seed123_R2_step6000 40 3 9 0.0037830229848623276
seed123_R2_step6000 40 4 0 0.0038066490087658167
seed123_R2_step6000 40 4 1 0.003829383000265807
seed123_R2_step6000 40 4 2 0.0037740059779025614
seed123_R2_step6000 40 4 3 0.003852185036521405
seed123_R2_step6000 40 4 4 0.003803613013587892
seed123_R2_step6000 40 4 5 0.0037122780340723693
seed123_R2_step6000 40 4 6 0.003983246046118438
seed123_R2_step6000 40 4 7 0.005737690953537822
seed123_R2_step6000 40 4 8 0.005020515993237495
seed123_R2_step6000 40 4 9 0.004127001971937716
seed123_R2_step6000 40 5 0 0.0039005180005915463
seed123_R2_step6000 40 5 1 0.003918753995094448
seed123_R2_step6000 40 5 2 0.0038956779753789306
seed123_R2_step6000 40 5 3 0.003914926026482135
seed123_R2_step6000 40 5 4 0.0039002179983071983
seed123_R2_step6000 40 5 5 0.003922931966371834
seed123_R2_step6000 40 5 6 0.0039175699930638075
seed123_R2_step6000 40 5 7 0.003907170961610973
seed123_R2_step6000 40 5 8 0.0038919220096431673
seed123_R2_step6000 40 5 9 0.0039026120211929083
seed123_R2_step6000 40 6 0 0.004026760987471789
seed123_R2_step6000 40 6 1 0.00402148999273777
seed123_R2_step6000 40 6 2 0.0040033659897744656
seed123_R2_step6000 40 6 3 0.004017792991362512
seed123_R2_step6000 40 6 4 0.004006382019724697
seed123_R2_step6000 40 6 5 0.004016119986772537
seed123_R2_step6000 40 6 6 0.004029175033792853
seed123_R2_step6000 40 6 7 0.004009037045761943
seed123_R2_step6000 40 6 8 0.004001001012511551
seed123_R2_step6000 40 6 9 0.004054603981785476
seed123_R2_step6000 40 7 0 0.003924163989722729
seed123_R2_step6000 40 7 1 0.0039186140056699514
seed123_R2_step6000 40 7 2 0.003921839001122862
seed123_R2_step6000 40 7 3 0.003917570982594043
seed123_R2_step6000 40 7 4 0.0038257159758359194
seed123_R2_step6000 40 7 5 0.003864940023049712
seed123_R2_step6000 40 7 6 0.003798421996179968
seed123_R2_step6000 40 7 7 0.0038236609543673694
seed123_R2_step6000 40 7 8 0.0037850369699299335
seed123_R2_step6000 40 7 9 0.0038060469669289887
seed123_R2_step6000 40 8 0 0.0038378480239771307
seed123_R2_step6000 40 8 1 0.003784886037465185
seed123_R2_step6000 40 8 2 0.003823762002866715
seed123_R2_step6000 40 8 3 0.0038425670354627073
seed123_R2_step6000 40 8 4 0.0038109170272946358
seed123_R2_step6000 40 8 5 0.0038530679885298014
seed123_R2_step6000 40 8 6 0.003694935003295541
seed123_R2_step6000 40 8 7 0.003835442999843508
seed123_R2_step6000 40 8 8 0.0037698280066251755
seed123_R2_step6000 40 8 9 0.003832557995337993
seed123_R2_step6000 40 9 0 0.0039453739882446826
seed123_R2_step6000 40 9 1 0.003934262960683554
seed123_R2_step6000 40 9 2 0.004027551971375942
seed123_R2_step6000 40 9 3 0.004074962984304875
seed123_R2_step6000 40 9 4 0.00404836202505976
seed123_R2_step6000 40 9 5 0.004269847006071359
seed123_R2_step6000 40 9 6 0.004012393008451909
seed123_R2_step6000 40 9 7 0.0040281330002471805
seed123_R2_step6000 40 9 8 0.004056898993439972
seed123_R2_step6000 40 9 9 0.004043103021103889
seed123_R2_step6000 47 0 0 0.06768123304937035
seed123_R2_step6000 47 0 1 0.0661323830136098
seed123_R2_step6000 47 0 2 0.06712118902942166
seed123_R2_step6000 47 0 3 0.06385764200240374
seed123_R2_step6000 47 0 4 0.0613590509747155
seed123_R2_step6000 47 0 5 0.061824342992622405
seed123_R2_step6000 47 0 6 0.06159533397294581
seed123_R2_step6000 47 0 7 0.06125919002806768
seed123_R2_step6000 47 0 8 0.06026512401876971
seed123_R2_step6000 47 0 9 0.06083028804278001
seed123_R2_step6000 47 1 0 0.06133408396271989
seed123_R2_step6000 47 1 1 0.06640883203363046
seed123_R2_step6000 47 1 2 0.06659714400302619
seed123_R2_step6000 47 1 3 0.06137556297471747
seed123_R2_step6000 47 1 4 0.06242593697970733
seed123_R2_step6000 47 1 5 0.061023717978969216
seed123_R2_step6000 47 1 6 0.060346400015987456
seed123_R2_step6000 47 1 7 0.061221076000947505
seed123_R2_step6000 47 1 8 0.06278719898546115
seed123_R2_step6000 47 1 9 0.0626115120248869
seed123_R2_step6000 47 2 0 0.0608059799997136
seed123_R2_step6000 47 2 1 0.061051230994053185
seed123_R2_step6000 47 2 2 0.06120378302875906
seed123_R2_step6000 47 2 3 0.06198055204004049
seed123_R2_step6000 47 2 4 0.06105347495758906
seed123_R2_step6000 47 2 5 0.0619795800303109
seed123_R2_step6000 47 2 6 0.060116929991636425
seed123_R2_step6000 47 2 7 0.06003705499460921
seed123_R2_step6000 47 2 8 0.060897114977706224
seed123_R2_step6000 47 2 9 0.0605260239681229
seed123_R2_step6000 47 3 0 0.05993797502014786
seed123_R2_step6000 47 3 1 0.0606342310202308
seed123_R2_step6000 47 3 2 0.05979217600543052
seed123_R2_step6000 47 3 3 0.05986533599207178
seed123_R2_step6000 47 3 4 0.06082605803385377
seed123_R2_step6000 47 3 5 0.06257782696047798
seed123_R2_step6000 47 3 6 0.061385429988149554
seed123_R2_step6000 47 3 7 0.06124610302504152
seed123_R2_step6000 47 3 8 0.06092954601626843
seed123_R2_step6000 47 3 9 0.0606734849861823
seed123_R2_step6000 47 4 0 0.0637278719805181
seed123_R2_step6000 47 4 1 0.06376376998377964
seed123_R2_step6000 47 4 2 0.060031403962057084
seed123_R2_step6000 47 4 3 0.05994632199872285
seed123_R2_step6000 47 4 4 0.06011865194886923
seed123_R2_step6000 47 4 5 0.060803404019679874
seed123_R2_step6000 47 4 6 0.0607926330412738
seed123_R2_step6000 47 4 7 0.06068746198434383
seed123_R2_step6000 47 4 8 0.060981406015343964
seed123_R2_step6000 47 4 9 0.06044602894689888
seed123_R2_step6000 47 5 0 0.0665720030083321
seed123_R2_step6000 47 5 1 0.06295501801650971
seed123_R2_step6000 47 5 2 0.06304054299835116
seed123_R2_step6000 47 5 3 0.061801255971658975
seed123_R2_step6000 47 5 4 0.06186207302380353
seed123_R2_step6000 47 5 5 0.06131507398094982
seed123_R2_step6000 47 5 6 0.06348294002236798
seed123_R2_step6000 47 5 7 0.06482601497555152
seed123_R2_step6000 47 5 8 0.060733620019163936
seed123_R2_step6000 47 5 9 0.060610192944295704
seed123_R2_step6000 47 6 0 0.06063039199216291
seed123_R2_step6000 47 6 1 0.06055979698430747
seed123_R2_step6000 47 6 2 0.060880471020936966
seed123_R2_step6000 47 6 3 0.06042877596337348
seed123_R2_step6000 47 6 4 0.06027252599596977
seed123_R2_step6000 47 6 5 0.06168884102953598
seed123_R2_step6000 47 6 6 0.06182276702020317
seed123_R2_step6000 47 6 7 0.061568250006530434
seed123_R2_step6000 47 6 8 0.06350654398556799
seed123_R2_step6000 47 6 9 0.060677492001559585
seed123_R2_step6000 47 7 0 0.06094087701058015
seed123_R2_step6000 47 7 1 0.06087486003525555
seed123_R2_step6000 47 7 2 0.06097832799423486
seed123_R2_step6000 47 7 3 0.06165418401360512
seed123_R2_step6000 47 7 4 0.06237549701472744
seed123_R2_step6000 47 7 5 0.06121980200987309
seed123_R2_step6000 47 7 6 0.0620917429914698
seed123_R2_step6000 47 7 7 0.0625852489611134
seed123_R2_step6000 47 7 8 0.060799786006100476
seed123_R2_step6000 47 7 9 0.06647345400415361
seed123_R2_step6000 47 8 0 0.06292743503581733
seed123_R2_step6000 47 8 1 0.06043812201824039
seed123_R2_step6000 47 8 2 0.06312484299996868
seed123_R2_step6000 47 8 3 0.060954132000915706
seed123_R2_step6000 47 8 4 0.061100260994862765
seed123_R2_step6000 47 8 5 0.06058912101434544
seed123_R2_step6000 47 8 6 0.06158895796397701
seed123_R2_step6000 47 8 7 0.061301327019464225
seed123_R2_step6000 47 8 8 0.06246814300538972
seed123_R2_step6000 47 8 9 0.06383081595413387
seed123_R2_step6000 47 9 0 0.06235149997519329
seed123_R2_step6000 47 9 1 0.06237100902944803
seed123_R2_step6000 47 9 2 0.06120188598288223
seed123_R2_step6000 47 9 3 0.061090632050763816
seed123_R2_step6000 47 9 4 0.06086473900359124
seed123_R2_step6000 47 9 5 0.06042769202031195
seed123_R2_step6000 47 9 6 0.06428667000727728
seed123_R2_step6000 47 9 7 0.060904084995854646
seed123_R2_step6000 47 9 8 0.061111973016522825
seed123_R2_step6000 47 9 9 0.06171755399554968
seed123_R2_step6000 51 0 0 0.023841929039917886
seed123_R2_step6000 51 0 1 0.022631118015851825
seed123_R2_step6000 51 0 2 0.023389822978060693
seed123_R2_step6000 51 0 3 0.022961220995057374
seed123_R2_step6000 51 0 4 0.022493053984362632
seed123_R2_step6000 51 0 5 0.02231333899544552
seed123_R2_step6000 51 0 6 0.022677146014757454
seed123_R2_step6000 51 0 7 0.02257561101578176
seed123_R2_step6000 51 0 8 0.02560719399480149
seed123_R2_step6000 51 0 9 0.022541646962054074
seed123_R2_step6000 51 1 0 0.02286130900029093
seed123_R2_step6000 51 1 1 0.02270415797829628
seed123_R2_step6000 51 1 2 0.022576323011890054
seed123_R2_step6000 51 1 3 0.02259684295859188
seed123_R2_step6000 51 1 4 0.022549650981090963
seed123_R2_step6000 51 1 5 0.022579659009352326
seed123_R2_step6000 51 1 6 0.02255285799037665
seed123_R2_step6000 51 1 7 0.022634174034465104
seed123_R2_step6000 51 1 8 0.022522719984408468
seed123_R2_step6000 51 1 9 0.02257328701671213
seed123_R2_step6000 51 2 0 0.022435301973018795
seed123_R2_step6000 51 2 1 0.02265034499578178
seed123_R2_step6000 51 2 2 0.022704367991536856
seed123_R2_step6000 51 2 3 0.025816524983383715
seed123_R2_step6000 51 2 4 0.02355429797898978
seed123_R2_step6000 51 2 5 0.022637761023361236
seed123_R2_step6000 51 2 6 0.02259126101853326
seed123_R2_step6000 51 2 7 0.022580791963264346
seed123_R2_step6000 51 2 8 0.02260454703355208
seed123_R2_step6000 51 2 9 0.026911133027169853
seed123_R2_step6000 51 3 0 0.0232644320349209
seed123_R2_step6000 51 3 1 0.023543086019344628
seed123_R2_step6000 51 3 2 0.02407666901126504
seed123_R2_step6000 51 3 3 0.023467079969123006
seed123_R2_step6000 51 3 4 0.022715359984431416
seed123_R2_step6000 51 3 5 0.02255763701396063
seed123_R2_step6000 51 3 6 0.022655904991552234
seed123_R2_step6000 51 3 7 0.022712895006407052
seed123_R2_step6000 51 3 8 0.022574518981855363
seed123_R2_step6000 51 3 9 0.022934257984161377
seed123_R2_step6000 51 4 0 0.022809810005128384
seed123_R2_step6000 51 4 1 0.02280319802230224
seed123_R2_step6000 51 4 2 0.02341961895581335
seed123_R2_step6000 51 4 3 0.0228779410244897
seed123_R2_step6000 51 4 4 0.02350991195999086
seed123_R2_step6000 51 4 5 0.02312814095057547
seed123_R2_step6000 51 4 6 0.022677346016280353
seed123_R2_step6000 51 4 7 0.022674241045024246
seed123_R2_step6000 51 4 8 0.022767248970922083
seed123_R2_step6000 51 4 9 0.02269594103563577
seed123_R2_step6000 51 5 0 0.022569389024283737
seed123_R2_step6000 51 5 1 0.022648461046628654
seed123_R2_step6000 51 5 2 0.022579569020308554
seed123_R2_step6000 51 5 3 0.023896945000160486
seed123_R2_step6000 51 5 4 0.023239873989950866
seed123_R2_step6000 51 5 5 0.02349657699232921
seed123_R2_step6000 51 5 6 0.023207783000543714
seed123_R2_step6000 51 5 7 0.022415965038817376
seed123_R2_step6000 51 5 8 0.022306594997644424
seed123_R2_step6000 51 5 9 0.022388553014025092
seed123_R2_step6000 51 6 0 0.022353695996571332
seed123_R2_step6000 51 6 1 0.022345420031342655
seed123_R2_step6000 51 6 2 0.0224595190375112
seed123_R2_step6000 51 6 3 0.022357161971740425
seed123_R2_step6000 51 6 4 0.024982687027659267
seed123_R2_step6000 51 6 5 0.026375857007224113
seed123_R2_step6000 51 6 6 0.023908506031148136
seed123_R2_step6000 51 6 7 0.023339535982813686
seed123_R2_step6000 51 6 8 0.023795940971467644
seed123_R2_step6000 51 6 9 0.02243427000939846
seed123_R2_step6000 51 7 0 0.022760024992749095
seed123_R2_step6000 51 7 1 0.02296915603801608
seed123_R2_step6000 51 7 2 0.022533400973770767
seed123_R2_step6000 51 7 3 0.022427977994084358
seed123_R2_step6000 51 7 4 0.022590709035284817
seed123_R2_step6000 51 7 5 0.026618181029334664
seed123_R2_step6000 51 7 6 0.023981346981599927
seed123_R2_step6000 51 7 7 0.02340252697467804
seed123_R2_step6000 51 7 8 0.02301330998307094
seed123_R2_step6000 51 7 9 0.022308779996819794
seed123_R2_step6000 51 8 0 0.02882296801544726
seed123_R2_step6000 51 8 1 0.023416623007506132
seed123_R2_step6000 51 8 2 0.023889109026640654
seed123_R2_step6000 51 8 3 0.02332830399973318
seed123_R2_step6000 51 8 4 0.022297306975815445
seed123_R2_step6000 51 8 5 0.021420877950731665
seed123_R2_step6000 51 8 6 0.02143112599151209
seed123_R2_step6000 51 8 7 0.022316104033961892
seed123_R2_step6000 51 8 8 0.02225769095821306
seed123_R2_step6000 51 8 9 0.022639163013081998
seed123_R2_step6000 51 9 0 0.022596452035941184
seed123_R2_step6000 51 9 1 0.022530213987920433
seed123_R2_step6000 51 9 2 0.022517269011586905
seed123_R2_step6000 51 9 3 0.02183884900296107
seed123_R2_step6000 51 9 4 0.02542239800095558
seed123_R2_step6000 51 9 5 0.022928728023543954
seed123_R2_step6000 51 9 6 0.02258070994867012
seed123_R2_step6000 51 9 7 0.022994244005531073
seed123_R2_step6000 51 9 8 0.02264664799440652
seed123_R2_step6000 51 9 9 0.022586692008189857
seed123_R2_step6000 52 0 0 0.8202539129997604
seed123_R2_step6000 52 0 1 0.8112462970311753
seed123_R2_step6000 52 0 2 0.8635295130079612
seed123_R2_step6000 52 0 3 0.8365690059727058
seed123_R2_step6000 52 0 4 0.8288035389850847
seed123_R2_step6000 52 0 5 0.8439113939530216
seed123_R2_step6000 52 0 6 0.8371293040108867
seed123_R2_step6000 52 0 7 0.8317932159989141
seed123_R2_step6000 52 0 8 0.8442090500029735
seed123_R2_step6000 52 0 9 0.8360320149804465
seed123_R2_step6000 52 1 0 0.820667109976057
seed123_R2_step6000 52 1 1 0.8364951750263572
seed123_R2_step6000 52 1 2 0.8187366219935939
seed123_R2_step6000 52 1 3 0.8395326110185124
seed123_R2_step6000 52 1 4 0.8421036509680562
seed123_R2_step6000 52 1 5 0.8305482510477304
seed123_R2_step6000 52 1 6 0.8339111980167218
seed123_R2_step6000 52 1 7 0.8379200550261885
seed123_R2_step6000 52 1 8 0.846943704993464
seed123_R2_step6000 52 1 9 0.8221786130452529
seed123_R2_step6000 52 2 0 0.8386321250000037
seed123_R2_step6000 52 2 1 0.8501588920480572
seed123_R2_step6000 52 2 2 0.8509121669922024
seed123_R2_step6000 52 2 3 0.8590022060088813
seed123_R2_step6000 52 2 4 0.8347071159514599
seed123_R2_step6000 52 2 5 0.8467822860111482
seed123_R2_step6000 52 2 6 0.8422660200158134
seed123_R2_step6000 52 2 7 0.8280387200065888
seed123_R2_step6000 52 2 8 0.8306502049672417
seed123_R2_step6000 52 2 9 0.8454933990142308
seed123_R2_step6000 52 3 0 0.8417611879995093
seed123_R2_step6000 52 3 1 0.8286046100547537
seed123_R2_step6000 52 3 2 0.8516340559581295
seed123_R2_step6000 52 3 3 0.8504168539657257
seed123_R2_step6000 52 3 4 0.8175468390109017
seed123_R2_step6000 52 3 5 0.8071599699906074
seed123_R2_step6000 52 3 6 0.8282240200205706
seed123_R2_step6000 52 3 7 0.8360952489892952
seed123_R2_step6000 52 3 8 0.8334980430081487
seed123_R2_step6000 52 3 9 0.8474654569872655
seed123_R2_step6000 52 4 0 0.8244873830117285
seed123_R2_step6000 52 4 1 0.8271048640017398
seed123_R2_step6000 52 4 2 0.8568256319849752
seed123_R2_step6000 52 4 3 0.8330590699915774
seed123_R2_step6000 52 4 4 0.8377657440141775
seed123_R2_step6000 52 4 5 0.8626008779974654
seed123_R2_step6000 52 4 6 0.8680894470307976
seed123_R2_step6000 52 4 7 0.8514126550289802
seed123_R2_step6000 52 4 8 0.8439211780205369
seed123_R2_step6000 52 4 9 0.8374452669522725
seed123_R2_step6000 52 5 0 0.8293631189735606
seed123_R2_step6000 52 5 1 0.8378470219904557
seed123_R2_step6000 52 5 2 0.8487952679861337
seed123_R2_step6000 52 5 3 0.8355518750031479
seed123_R2_step6000 52 5 4 0.8315260920207947
seed123_R2_step6000 52 5 5 0.8492334730108269
seed123_R2_step6000 52 5 6 0.8714026830275543
seed123_R2_step6000 52 5 7 0.836319324967917
seed123_R2_step6000 52 5 8 0.8455917090177536
seed123_R2_step6000 52 5 9 0.8735038949525915
seed123_R2_step6000 52 6 0 0.8431321670068428
seed123_R2_step6000 52 6 1 0.8321392809739336
seed123_R2_step6000 52 6 2 0.8487136189942248
seed123_R2_step6000 52 6 3 0.827222001971677
seed123_R2_step6000 52 6 4 0.8265675400034525
seed123_R2_step6000 52 6 5 0.8303121980279684
seed123_R2_step6000 52 6 6 0.8374087699921802
seed123_R2_step6000 52 6 7 0.8463709279894829
seed123_R2_step6000 52 6 8 0.8316083390382119
seed123_R2_step6000 52 6 9 0.8474758610245772
seed123_R2_step6000 52 7 0 0.862474738038145
seed123_R2_step6000 52 7 1 0.8554264809936285
seed123_R2_step6000 52 7 2 0.8504705149680376
seed123_R2_step6000 52 7 3 0.8401773400255479
seed123_R2_step6000 52 7 4 0.83545397099806
seed123_R2_step6000 52 7 5 0.8387172379880212
seed123_R2_step6000 52 7 6 0.8340528809931129
seed123_R2_step6000 52 7 7 0.836225236998871
seed123_R2_step6000 52 7 8 0.8240884890547022
seed123_R2_step6000 52 7 9 0.8518993980251253
seed123_R2_step6000 52 8 0 0.8394503629533574
seed123_R2_step6000 52 8 1 0.8417441319907084
seed123_R2_step6000 52 8 2 0.8399120339890942
seed123_R2_step6000 52 8 3 0.8219600440352224
seed123_R2_step6000 52 8 4 0.843811059021391
seed123_R2_step6000 52 8 5 0.8372976389946416
seed123_R2_step6000 52 8 6 0.8359971499885432
seed123_R2_step6000 52 8 7 0.8576717270188965
seed123_R2_step6000 52 8 8 0.848221029038541
seed123_R2_step6000 52 8 9 0.8397787139983848
seed123_R2_step6000 52 9 0 0.8353134390199557
seed123_R2_step6000 52 9 1 0.8416177509934641
seed123_R2_step6000 52 9 2 0.835180449008476
seed123_R2_step6000 52 9 3 0.8476567399920896
seed123_R2_step6000 52 9 4 0.8342550310189836
seed123_R2_step6000 52 9 5 0.8418672700063325
seed123_R2_step6000 52 9 6 0.8160506620188244
seed123_R2_step6000 52 9 7 0.8343061460182071
seed123_R2_step6000 52 9 8 0.8399081029929221
seed123_R2_step6000 52 9 9 0.8468628219561651
seed123_R2_step6000 56 0 0 0.018778373952955008
seed123_R2_step6000 56 0 1 0.017185410019010305
seed123_R2_step6000 56 0 2 0.017243090027477592
seed123_R2_step6000 56 0 3 0.01715016202069819
seed123_R2_step6000 56 0 4 0.0172340739518404
seed123_R2_step6000 56 0 5 0.017197833978570998
seed123_R2_step6000 56 0 6 0.017214116000104696
seed123_R2_step6000 56 0 7 0.017186842975206673
seed123_R2_step6000 56 0 8 0.017306872992776334
seed123_R2_step6000 56 0 9 0.02039262600010261
seed123_R2_step6000 56 1 0 0.017548495961818844
seed123_R2_step6000 56 1 1 0.016985257039777935
seed123_R2_step6000 56 1 2 0.01701677800156176
seed123_R2_step6000 56 1 3 0.016998972976580262
seed123_R2_step6000 56 1 4 0.017076332005672157
seed123_R2_step6000 56 1 5 0.01705953903729096
seed123_R2_step6000 56 1 6 0.017055190983228385
seed123_R2_step6000 56 1 7 0.018122426001355052
seed123_R2_step6000 56 1 8 0.017832481011282653
seed123_R2_step6000 56 1 9 0.01723751099780202
seed123_R2_step6000 56 2 0 0.01728805695893243
seed123_R2_step6000 56 2 1 0.017234435013961047
seed123_R2_step6000 56 2 2 0.017325439024716616
seed123_R2_step6000 56 2 3 0.019983751990366727
seed123_R2_step6000 56 2 4 0.020119804015848786
seed123_R2_step6000 56 2 5 0.01766084198607132
seed123_R2_step6000 56 2 6 0.01760040601948276
seed123_R2_step6000 56 2 7 0.017463663010858
seed123_R2_step6000 56 2 8 0.017249273019842803
seed123_R2_step6000 56 2 9 0.017200670030433685
seed123_R2_step6000 56 3 0 0.017154861008748412
seed123_R2_step6000 56 3 1 0.017099306045565754
seed123_R2_step6000 56 3 2 0.016927635995671153
seed123_R2_step6000 56 3 3 0.016428318980615586
seed123_R2_step6000 56 3 4 0.017465727985836565
seed123_R2_step6000 56 3 5 0.017180441005621105
seed123_R2_step6000 56 3 6 0.01720893499441445
seed123_R2_step6000 56 3 7 0.01703883003210649
seed123_R2_step6000 56 3 8 0.016764001979026943
seed123_R2_step6000 56 3 9 0.016641519032418728
seed123_R2_step6000 56 4 0 0.017263590008951724
seed123_R2_step6000 56 4 1 0.017254773003514856
seed123_R2_step6000 56 4 2 0.01691744598792866
seed123_R2_step6000 56 4 3 0.017407276027370244
seed123_R2_step6000 56 4 4 0.017553875979501754
seed123_R2_step6000 56 4 5 0.017178207053802907
seed123_R2_step6000 56 4 6 0.0173758749733679
seed123_R2_step6000 56 4 7 0.016729897004552186
seed123_R2_step6000 56 4 8 0.016507662017829716
seed123_R2_step6000 56 4 9 0.01860779500566423
seed123_R2_step6000 56 5 0 0.02134377899346873
seed123_R2_step6000 56 5 1 0.01852212200174108
seed123_R2_step6000 56 5 2 0.01819285098463297
seed123_R2_step6000 56 5 3 0.01724979403661564
seed123_R2_step6000 56 5 4 0.01759880199097097
seed123_R2_step6000 56 5 5 0.017241768015082926
seed123_R2_step6000 56 5 6 0.017259292013477534
seed123_R2_step6000 56 5 7 0.01733808300923556
seed123_R2_step6000 56 5 8 0.017215898958966136
seed123_R2_step6000 56 5 9 0.017370394023600966
seed123_R2_step6000 56 6 0 0.017223162984009832
seed123_R2_step6000 56 6 1 0.017189759004395455
seed123_R2_step6000 56 6 2 0.01720732299145311
seed123_R2_step6000 56 6 3 0.01702014298643917
seed123_R2_step6000 56 6 4 0.016984966001473367
seed123_R2_step6000 56 6 5 0.017086842039134353
seed123_R2_step6000 56 6 6 0.017123521014582366
seed123_R2_step6000 56 6 7 0.0171396320220083
seed123_R2_step6000 56 6 8 0.01712202897761017
seed123_R2_step6000 56 6 9 0.01722789095947519
seed123_R2_step6000 56 7 0 0.017239503969904035
seed123_R2_step6000 56 7 1 0.017253911995794624
seed123_R2_step6000 56 7 2 0.017250774952117354
seed123_R2_step6000 56 7 3 0.01689717802219093
seed123_R2_step6000 56 7 4 0.017237789987120777
seed123_R2_step6000 56 7 5 0.01680720498552546
seed123_R2_step6000 56 7 6 0.01691358000971377
seed123_R2_step6000 56 7 7 0.01927223801612854
seed123_R2_step6000 56 7 8 0.019883189990650862
seed123_R2_step6000 56 7 9 0.017667704029008746
seed123_R2_step6000 56 8 0 0.017643087019678205
seed123_R2_step6000 56 8 1 0.017239604028873146
seed123_R2_step6000 56 8 2 0.017241337045561522
seed123_R2_step6000 56 8 3 0.017267106974031776
seed123_R2_step6000 56 8 4 0.016767658991739154
seed123_R2_step6000 56 8 5 0.017082842998206615
seed123_R2_step6000 56 8 6 0.017233382968697697
seed123_R2_step6000 56 8 7 0.016887498961295933
seed123_R2_step6000 56 8 8 0.016992449993267655
seed123_R2_step6000 56 8 9 0.01722105802036822
seed123_R2_step6000 56 9 0 0.017083925020415336
seed123_R2_step6000 56 9 1 0.016887809964828193
seed123_R2_step6000 56 9 2 0.017000976018607616
seed123_R2_step6000 56 9 3 0.017227851029019803
seed123_R2_step6000 56 9 4 0.017131327011156827
seed123_R2_step6000 56 9 5 0.017291341966483742
seed123_R2_step6000 56 9 6 0.017249332973733544
seed123_R2_step6000 56 9 7 0.017320870014373213
seed123_R2_step6000 56 9 8 0.017441349977161735
seed123_R2_step6000 56 9 9 0.017235716979485005
seed123_R2_step6000 62 0 0 0.28973609197419137
seed123_R2_step6000 62 0 1 0.2832092859898694
seed123_R2_step6000 62 0 2 0.2735601660097018
seed123_R2_step6000 62 0 3 0.27802623104071245
seed123_R2_step6000 62 0 4 0.27786408201791346
seed123_R2_step6000 62 0 5 0.27521109802182764
seed123_R2_step6000 62 0 6 0.2760140229947865
seed123_R2_step6000 62 0 7 0.283279875991866
seed123_R2_step6000 62 0 8 0.28588989697163925
seed123_R2_step6000 62 0 9 0.2782606770051643
seed123_R2_step6000 62 1 0 0.28078694600844756
seed123_R2_step6000 62 1 1 0.27802053501363844
seed123_R2_step6000 62 1 2 0.28299355402123183
seed123_R2_step6000 62 1 3 0.2897752459975891
seed123_R2_step6000 62 1 4 0.28524722903966904
seed123_R2_step6000 62 1 5 0.283999788982328
seed123_R2_step6000 62 1 6 0.27698916499502957
seed123_R2_step6000 62 1 7 0.2824094889801927
seed123_R2_step6000 62 1 8 0.2991877690074034
seed123_R2_step6000 62 1 9 0.2762691130046733
seed123_R2_step6000 62 2 0 0.2774556149961427
seed123_R2_step6000 62 2 1 0.2791017270064913
seed123_R2_step6000 62 2 2 0.2802992219803855
seed123_R2_step6000 62 2 3 0.27914215298369527
seed123_R2_step6000 62 2 4 0.28227947402046993
seed123_R2_step6000 62 2 5 0.28031819500029087
seed123_R2_step6000 62 2 6 0.2812223880318925
seed123_R2_step6000 62 2 7 0.27787778800120577
seed123_R2_step6000 62 2 8 0.28183816402452067
seed123_R2_step6000 62 2 9 0.27884528099093586
seed123_R2_step6000 62 3 0 0.2779014519765042
seed123_R2_step6000 62 3 1 0.27984296897193417
seed123_R2_step6000 62 3 2 0.28248502197675407
seed123_R2_step6000 62 3 3 0.28694293199805543
seed123_R2_step6000 62 3 4 0.2835779049783014
seed123_R2_step6000 62 3 5 0.2827923279837705
seed123_R2_step6000 62 3 6 0.28008923697052523
seed123_R2_step6000 62 3 7 0.2820818060426973
seed123_R2_step6000 62 3 8 0.2698940509581007
seed123_R2_step6000 62 3 9 0.28630087699275464
seed123_R2_step6000 62 4 0 0.27008139999816194
seed123_R2_step6000 62 4 1 0.2775062149739824
seed123_R2_step6000 62 4 2 0.27752459899056703
seed123_R2_step6000 62 4 3 0.283066586998757
seed123_R2_step6000 62 4 4 0.2830098880222067
seed123_R2_step6000 62 4 5 0.27817760698962957
seed123_R2_step6000 62 4 6 0.28153720404952765
seed123_R2_step6000 62 4 7 0.27936249697813764
seed123_R2_step6000 62 4 8 0.281337941007223
seed123_R2_step6000 62 4 9 0.27771804499207065
seed123_R2_step6000 62 5 0 0.2779837120324373
seed123_R2_step6000 62 5 1 0.2783061799709685
seed123_R2_step6000 62 5 2 0.27876643097260967
seed123_R2_step6000 62 5 3 0.2783246530452743
seed123_R2_step6000 62 5 4 0.2783178399549797
seed123_R2_step6000 62 5 5 0.28026862803380936
seed123_R2_step6000 62 5 6 0.2823203449952416
seed123_R2_step6000 62 5 7 0.28356735495617613
seed123_R2_step6000 62 5 8 0.27632257400546223
seed123_R2_step6000 62 5 9 0.2833507690229453
seed123_R2_step6000 62 6 0 0.28256521199364215
seed123_R2_step6000 62 6 1 0.27599528402788565
seed123_R2_step6000 62 6 2 0.28076527401572093
seed123_R2_step6000 62 6 3 0.2754077159916051
seed123_R2_step6000 62 6 4 0.2831974910222925
seed123_R2_step6000 62 6 5 0.2707902989932336
seed123_R2_step6000 62 6 6 0.28439470299053937
seed123_R2_step6000 62 6 7 0.27842922101262957
seed123_R2_step6000 62 6 8 0.27855923102470115
seed123_R2_step6000 62 6 9 0.2741277400054969
seed123_R2_step6000 62 7 0 0.2923556229798123
seed123_R2_step6000 62 7 1 0.2808909449959174
seed123_R2_step6000 62 7 2 0.2787857729708776
seed123_R2_step6000 62 7 3 0.28694752900628373
seed123_R2_step6000 62 7 4 0.2796950109768659
seed123_R2_step6000 62 7 5 0.28269566100789234
seed123_R2_step6000 62 7 6 0.28408617398235947
seed123_R2_step6000 62 7 7 0.27612064097775146
seed123_R2_step6000 62 7 8 0.27462150901556015
seed123_R2_step6000 62 7 9 0.27320163702825084
seed123_R2_step6000 62 8 0 0.29783886997029185
seed123_R2_step6000 62 8 1 0.2771824320079759
seed123_R2_step6000 62 8 2 0.28098637994844466
seed123_R2_step6000 62 8 3 0.28654420794919133
seed123_R2_step6000 62 8 4 0.276050440967083
seed123_R2_step6000 62 8 5 0.2792329880176112
seed123_R2_step6000 62 8 6 0.2777083059772849
seed123_R2_step6000 62 8 7 0.2832783680059947
seed123_R2_step6000 62 8 8 0.28417174698552117
seed123_R2_step6000 62 8 9 0.2820346320513636
seed123_R2_step6000 62 9 0 0.28097682597581297
seed123_R2_step6000 62 9 1 0.2801302729640156
seed123_R2_step6000 62 9 2 0.2797962710028514
seed123_R2_step6000 62 9 3 0.2797475880361162
seed123_R2_step6000 62 9 4 0.27676629699999467
seed123_R2_step6000 62 9 5 0.27510624297428876
seed123_R2_step6000 62 9 6 0.27771961997495964
seed123_R2_step6000 62 9 7 0.27944483497412875
seed123_R2_step6000 62 9 8 0.278876454976853
seed123_R2_step6000 62 9 9 0.27462954801740125
seed123_R2_step6000 64 0 0 0.1731867750058882
seed123_R2_step6000 64 0 1 0.16777781100245193
seed123_R2_step6000 64 0 2 0.17536427703453228
seed123_R2_step6000 64 0 3 0.16772606200538576
seed123_R2_step6000 64 0 4 0.16253286198480055
seed123_R2_step6000 64 0 5 0.16255245899083093
seed123_R2_step6000 64 0 6 0.17209086299408227
seed123_R2_step6000 64 0 7 0.16230655799154192
seed123_R2_step6000 64 0 8 0.16612146701663733
seed123_R2_step6000 64 0 9 0.17006151500390843
seed123_R2_step6000 64 1 0 0.16593921603634953
seed123_R2_step6000 64 1 1 0.17268871702253819
seed123_R2_step6000 64 1 2 0.16788803902454674
seed123_R2_step6000 64 1 3 0.17280875699361786
seed123_R2_step6000 64 1 4 0.17501808004453778
seed123_R2_step6000 64 1 5 0.1682518559973687
seed123_R2_step6000 64 1 6 0.16761447401950136
seed123_R2_step6000 64 1 7 0.1687049639876932
seed123_R2_step6000 64 1 8 0.1708597220131196
seed123_R2_step6000 64 1 9 0.16724693001015112
seed123_R2_step6000 64 2 0 0.17064429901074618
seed123_R2_step6000 64 2 1 0.16877798194764182
seed123_R2_step6000 64 2 2 0.16613642103038728
seed123_R2_step6000 64 2 3 0.1756990909925662
seed123_R2_step6000 64 2 4 0.17045688797952607
seed123_R2_step6000 64 2 5 0.17029774299589917
seed123_R2_step6000 64 2 6 0.16899267199914902
seed123_R2_step6000 64 2 7 0.16963384998962283
seed123_R2_step6000 64 2 8 0.17269777896581218
seed123_R2_step6000 64 2 9 0.16941296600271016
seed123_R2_step6000 64 3 0 0.1688432150403969
seed123_R2_step6000 64 3 1 0.17360742099117488
seed123_R2_step6000 64 3 2 0.16711047501303256
seed123_R2_step6000 64 3 3 0.16974171495530754
seed123_R2_step6000 64 3 4 0.16769596497761086
seed123_R2_step6000 64 3 5 0.1708621010184288
seed123_R2_step6000 64 3 6 0.1658384960028343
seed123_R2_step6000 64 3 7 0.17322240298381075
seed123_R2_step6000 64 3 8 0.16608112101675943
seed123_R2_step6000 64 3 9 0.1739596329862252
seed123_R2_step6000 64 4 0 0.16767772799357772
seed123_R2_step6000 64 4 1 0.16674994101049379
seed123_R2_step6000 64 4 2 0.17371915199328214
seed123_R2_step6000 64 4 3 0.1651737810461782
seed123_R2_step6000 64 4 4 0.16730303002987057
seed123_R2_step6000 64 4 5 0.1676630880101584
seed123_R2_step6000 64 4 6 0.1659415009780787
seed123_R2_step6000 64 4 7 0.17544206196907908
seed123_R2_step6000 64 4 8 0.17620527400868014
seed123_R2_step6000 64 4 9 0.16767309699207544
seed123_R2_step6000 64 5 0 0.16925751202506945
seed123_R2_step6000 64 5 1 0.17206897801952437
seed123_R2_step6000 64 5 2 0.16938870202284306
seed123_R2_step6000 64 5 3 0.17494362499564886
seed123_R2_step6000 64 5 4 0.16854327399050817
seed123_R2_step6000 64 5 5 0.170200388005469
seed123_R2_step6000 64 5 6 0.17009447398595512
seed123_R2_step6000 64 5 7 0.17228293599328026
seed123_R2_step6000 64 5 8 0.16643210698384792
seed123_R2_step6000 64 5 9 0.17594057298265398
seed123_R2_step6000 64 6 0 0.16804829303873703
seed123_R2_step6000 64 6 1 0.16678718803450465
seed123_R2_step6000 64 6 2 0.1728138430044055
seed123_R2_step6000 64 6 3 0.1669476529932581
seed123_R2_step6000 64 6 4 0.17001868702936918
seed123_R2_step6000 64 6 5 0.17163514299318194
seed123_R2_step6000 64 6 6 0.17410886200377718
seed123_R2_step6000 64 6 7 0.1699759240145795
seed123_R2_step6000 64 6 8 0.174669585947413
seed123_R2_step6000 64 6 9 0.16710529301781207
seed123_R2_step6000 64 7 0 0.1680079129873775
seed123_R2_step6000 64 7 1 0.17201522999675944
seed123_R2_step6000 64 7 2 0.16971789801027626
seed123_R2_step6000 64 7 3 0.17042837000917643
seed123_R2_step6000 64 7 4 0.18118830100866035
seed123_R2_step6000 64 7 5 0.16593917802674696
seed123_R2_step6000 64 7 6 0.17271023895591497
seed123_R2_step6000 64 7 7 0.1723675939720124
seed123_R2_step6000 64 7 8 0.16907969396561384
seed123_R2_step6000 64 7 9 0.1670285449945368
seed123_R2_step6000 64 8 0 0.1754646539920941
seed123_R2_step6000 64 8 1 0.1679466919740662
seed123_R2_step6000 64 8 2 0.1704569809953682
seed123_R2_step6000 64 8 3 0.1657573269912973
seed123_R2_step6000 64 8 4 0.16963158996077254
seed123_R2_step6000 64 8 5 0.1736065350123681
seed123_R2_step6000 64 8 6 0.16845942300278693
seed123_R2_step6000 64 8 7 0.1729947609710507
seed123_R2_step6000 64 8 8 0.1682109769899398
seed123_R2_step6000 64 8 9 0.17633511102758348
seed123_R2_step6000 64 9 0 0.17715940903872252
seed123_R2_step6000 64 9 1 0.16841349401511252
seed123_R2_step6000 64 9 2 0.16979874699609354
seed123_R2_step6000 64 9 3 0.17040284298127517
seed123_R2_step6000 64 9 4 0.1702060870011337
seed123_R2_step6000 64 9 5 0.17196106002666056
seed123_R2_step6000 64 9 6 0.16606155695626512
seed123_R2_step6000 64 9 7 0.16699081799015403
seed123_R2_step6000 64 9 8 0.17400149599416181
seed123_R2_step6000 64 9 9 0.1691374889924191
seed123_R2_step6000 69 0 0 0.5122781270183623
seed123_R2_step6000 69 0 1 0.5102649759501219
seed123_R2_step6000 69 0 2 0.5091007339651696
seed123_R2_step6000 69 0 3 0.5118735209689476
seed123_R2_step6000 69 0 4 0.5212161790113896
seed123_R2_step6000 69 0 5 0.5192023660056293
seed123_R2_step6000 69 0 6 0.5160695540253073
seed123_R2_step6000 69 0 7 0.5189127270132303
seed123_R2_step6000 69 0 8 0.5098706639837474
seed123_R2_step6000 69 0 9 0.5069201369769871
seed123_R2_step6000 69 1 0 0.5251169860130176
seed123_R2_step6000 69 1 1 0.5175009320373647
seed123_R2_step6000 69 1 2 0.5205999370082282
seed123_R2_step6000 69 1 3 0.5248523899936117
seed123_R2_step6000 69 1 4 0.5144491699757054
seed123_R2_step6000 69 1 5 0.5155393140157685
seed123_R2_step6000 69 1 6 0.5146749969571829
seed123_R2_step6000 69 1 7 0.5093222199939191
seed123_R2_step6000 69 1 8 0.5175285179866478
seed123_R2_step6000 69 1 9 0.5131070159841329
seed123_R2_step6000 69 2 0 0.5099773369729519
seed123_R2_step6000 69 2 1 0.5162431579665281
seed123_R2_step6000 69 2 2 0.5129609979921952
seed123_R2_step6000 69 2 3 0.516646675998345
seed123_R2_step6000 69 2 4 0.5266306480043568
seed123_R2_step6000 69 2 5 0.5378526419517584
seed123_R2_step6000 69 2 6 0.5367103810422122
seed123_R2_step6000 69 2 7 0.5463291750056669
seed123_R2_step6000 69 2 8 0.5262813169974834
seed123_R2_step6000 69 2 9 0.515437254041899
seed123_R2_step6000 69 3 0 0.51627596601611
seed123_R2_step6000 69 3 1 0.5089641999802552
seed123_R2_step6000 69 3 2 0.5141424749745056
seed123_R2_step6000 69 3 3 0.5184033569530584
seed123_R2_step6000 69 3 4 0.5159778959932737
seed123_R2_step6000 69 3 5 0.5179566150181927
seed123_R2_step6000 69 3 6 0.5360667019849643
seed123_R2_step6000 69 3 7 0.527208422019612
seed123_R2_step6000 69 3 8 0.5307792670209892
seed123_R2_step6000 69 3 9 0.5173658530111425
seed123_R2_step6000 69 4 0 0.5398120460449718
seed123_R2_step6000 69 4 1 0.5214433479704894
seed123_R2_step6000 69 4 2 0.5149571009678766
seed123_R2_step6000 69 4 3 0.5108659829711542
seed123_R2_step6000 69 4 4 0.5191063639940694
seed123_R2_step6000 69 4 5 0.5226763190003112
seed123_R2_step6000 69 4 6 0.5158758310135454
seed123_R2_step6000 69 4 7 0.5091305479872972
seed123_R2_step6000 69 4 8 0.5086877570138313
seed123_R2_step6000 69 4 9 0.5152285330113955
seed123_R2_step6000 69 5 0 0.5117374339606613
seed123_R2_step6000 69 5 1 0.520503722014837
seed123_R2_step6000 69 5 2 0.5199921310413629
seed123_R2_step6000 69 5 3 0.5021829350152984
seed123_R2_step6000 69 5 4 0.5143469540053047
seed123_R2_step6000 69 5 5 0.521606003982015
seed123_R2_step6000 69 5 6 0.5289751579985023
seed123_R2_step6000 69 5 7 0.535265883023385
seed123_R2_step6000 69 5 8 0.5227288790047169
seed123_R2_step6000 69 5 9 0.514728180016391
seed123_R2_step6000 69 6 0 0.5094205029890873
seed123_R2_step6000 69 6 1 0.5079263470252044
seed123_R2_step6000 69 6 2 0.5225483730318956
seed123_R2_step6000 69 6 3 0.5096823849598877
seed123_R2_step6000 69 6 4 0.5100781919900328
seed123_R2_step6000 69 6 5 0.5201858090003952
seed123_R2_step6000 69 6 6 0.5234346609795466
seed123_R2_step6000 69 6 7 0.5079045309685171
seed123_R2_step6000 69 6 8 0.5125640339683741
seed123_R2_step6000 69 6 9 0.5066970339976251
seed123_R2_step6000 69 7 0 0.513576817989815
seed123_R2_step6000 69 7 1 0.5050596329965629
seed123_R2_step6000 69 7 2 0.5185724819893949
seed123_R2_step6000 69 7 3 0.5071317569818348
seed123_R2_step6000 69 7 4 0.5085458130342886
seed123_R2_step6000 69 7 5 0.5061256359913386
seed123_R2_step6000 69 7 6 0.5133905980037525
seed123_R2_step6000 69 7 7 0.5137592109967954
seed123_R2_step6000 69 7 8 0.512521127006039
seed123_R2_step6000 69 7 9 0.5176650789799169
seed123_R2_step6000 69 8 0 0.5085029170149937
seed123_R2_step6000 69 8 1 0.49770589597756043
seed123_R2_step6000 69 8 2 0.5045270369737409
seed123_R2_step6000 69 8 3 0.5184900590102188
seed123_R2_step6000 69 8 4 0.5155754029983655
seed123_R2_step6000 69 8 5 0.5200927939731628
seed123_R2_step6000 69 8 6 0.5144213779713027
seed123_R2_step6000 69 8 7 0.5073462960426696
seed123_R2_step6000 69 8 8 0.5173369770054705
seed123_R2_step6000 69 8 9 0.5243370039970614
seed123_R2_step6000 69 9 0 0.5244694230495952
seed123_R2_step6000 69 9 1 0.5355290249572136
seed123_R2_step6000 69 9 2 0.5343904689652845
seed123_R2_step6000 69 9 3 0.5260104200569913
seed123_R2_step6000 69 9 4 0.5090754900011234
seed123_R2_step6000 69 9 5 0.5099878670298494
seed123_R2_step6000 69 9 6 0.5095741910045035
seed123_R2_step6000 69 9 7 0.4917036039987579
seed123_R2_step6000 69 9 8 0.5166763089946471
seed123_R2_step6000 69 9 9 0.5185239660204388
seed123_R2_step6000 74 0 0 0.7092050010105595
seed123_R2_step6000 74 0 1 0.7142416519927792
seed123_R2_step6000 74 0 2 0.6993002530070953
seed123_R2_step6000 74 0 3 0.7181496489793062
seed123_R2_step6000 74 0 4 0.7202631510444917
seed123_R2_step6000 74 0 5 0.7160870190127753
seed123_R2_step6000 74 0 6 0.7226048579905182
seed123_R2_step6000 74 0 7 0.7184823480201885
seed123_R2_step6000 74 0 8 0.7358065109583549
seed123_R2_step6000 74 0 9 0.7061606000061147
seed123_R2_step6000 74 1 0 0.7148518520407379
seed123_R2_step6000 74 1 1 0.7035610229941085
seed123_R2_step6000 74 1 2 0.7080206780228764
seed123_R2_step6000 74 1 3 0.7225717129767872
seed123_R2_step6000 74 1 4 0.7291140569723211
seed123_R2_step6000 74 1 5 0.7164856480085291
seed123_R2_step6000 74 1 6 0.7071288750157692
seed123_R2_step6000 74 1 7 0.7151645499980077
seed123_R2_step6000 74 1 8 0.7103503349935636
seed123_R2_step6000 74 1 9 0.7233835309743881
seed123_R2_step6000 74 2 0 0.7167526470148005
seed123_R2_step6000 74 2 1 0.7196324679534882
seed123_R2_step6000 74 2 2 0.7166401330032386
seed123_R2_step6000 74 2 3 0.7252124060178176
seed123_R2_step6000 74 2 4 0.7144590989919379
seed123_R2_step6000 74 2 5 0.7252854260150343
seed123_R2_step6000 74 2 6 0.7079857519711368
seed123_R2_step6000 74 2 7 0.7153867720044218
seed123_R2_step6000 74 2 8 0.7228344489703886
seed123_R2_step6000 74 2 9 0.7099067679955624
seed123_R2_step6000 74 3 0 0.716929682996124
seed123_R2_step6000 74 3 1 0.7398121089790948
seed123_R2_step6000 74 3 2 0.7335134120075963
seed123_R2_step6000 74 3 3 0.7208145190379582
seed123_R2_step6000 74 3 4 0.71683974302141
seed123_R2_step6000 74 3 5 0.7305551450117491
seed123_R2_step6000 74 3 6 0.7442224320257083
seed123_R2_step6000 74 3 7 0.7193728510173969
seed123_R2_step6000 74 3 8 0.7253558849915862
seed123_R2_step6000 74 3 9 0.7346333269961178
seed123_R2_step6000 74 4 0 0.7261679099756293
seed123_R2_step6000 74 4 1 0.7159340779762715
seed123_R2_step6000 74 4 2 0.7056119380285963
seed123_R2_step6000 74 4 3 0.704694546002429
seed123_R2_step6000 74 4 4 0.7078508760314435
seed123_R2_step6000 74 4 5 0.7006077419500798
seed123_R2_step6000 74 4 6 0.702258659992367
seed123_R2_step6000 74 4 7 0.7115871789865196
seed123_R2_step6000 74 4 8 0.7285283670062199
seed123_R2_step6000 74 4 9 0.7113824390107766
seed123_R2_step6000 74 5 0 0.7246400009607896
seed123_R2_step6000 74 5 1 0.7266713369754143
seed123_R2_step6000 74 5 2 0.7255386639735661
seed123_R2_step6000 74 5 3 0.7223262090119533
seed123_R2_step6000 74 5 4 0.7292586279800162
seed123_R2_step6000 74 5 5 0.7080305549898185
seed123_R2_step6000 74 5 6 0.7260371320298873
