seed123_R1_step2000 0 0 0 0.8503684780444019
seed123_R1_step2000 0 0 1 0.11286894598742947
seed123_R1_step2000 0 0 2 0.09523318201536313
seed123_R1_step2000 0 0 3 0.1064157159999013
seed123_R1_step2000 0 0 4 0.10351487103616819
seed123_R1_step2000 0 0 5 0.09451086004264653
seed123_R1_step2000 0 0 6 0.09265959198819473
seed123_R1_step2000 0 0 7 0.1009660440031439
seed123_R1_step2000 0 0 8 0.10119618702447042
seed123_R1_step2000 0 0 9 0.09314434300176799
seed123_R1_step2000 0 1 0 0.09954102797200903
seed123_R1_step2000 0 1 1 0.08974128100089729
seed123_R1_step2000 0 1 2 0.09481245599454269
seed123_R1_step2000 0 1 3 0.09279240301111713
seed123_R1_step2000 0 1 4 0.0929851770051755
seed123_R1_step2000 0 1 5 0.09105551399989054
seed123_R1_step2000 0 1 6 0.09264658199390396
seed123_R1_step2000 0 1 7 0.09031336003681645
seed123_R1_step2000 0 1 8 0.10245212103473023
seed123_R1_step2000 0 1 9 0.09499498404329643
seed123_R1_step2000 0 2 0 0.09068402601405978
seed123_R1_step2000 0 2 1 0.09051577001810074
seed123_R1_step2000 0 2 2 0.09024741599569097
seed123_R1_step2000 0 2 3 0.09311805898323655
seed123_R1_step2000 0 2 4 0.08825760899344459
seed123_R1_step2000 0 2 5 0.08642522100126371
seed123_R1_step2000 0 2 6 0.0885215990128927
seed123_R1_step2000 0 2 7 0.1004221030161716
seed123_R1_step2000 0 2 8 0.09644628397654742
seed123_R1_step2000 0 2 9 0.09949029301060364
seed123_R1_step2000 0 3 0 0.09125176700763404
seed123_R1_step2000 0 3 1 0.09056736098136753
seed123_R1_step2000 0 3 2 0.09825128497323021
seed123_R1_step2000 0 3 3 0.09554275701520965
seed123_R1_step2000 0 3 4 0.09327572904294357
seed123_R1_step2000 0 3 5 0.09726122801657766
seed123_R1_step2000 0 3 6 0.08873528498224914
seed123_R1_step2000 0 3 7 0.08760625397553667
seed123_R1_step2000 0 3 8 0.09063701698323712
seed123_R1_step2000 0 3 9 0.09172942797886208
seed123_R1_step2000 0 4 0 0.09484988998156041
seed123_R1_step2000 0 4 1 0.10192628297954798
seed123_R1_step2000 0 4 2 0.09154056402621791
seed123_R1_step2000 0 4 3 0.08913764101453125
seed123_R1_step2000 0 4 4 0.09194210905116051
seed123_R1_step2000 0 4 5 0.09230507101165131
seed123_R1_step2000 0 4 6 0.09025049302726984
seed123_R1_step2000 0 4 7 0.09144361695507541
seed123_R1_step2000 0 4 8 0.09325470798648894
seed123_R1_step2000 0 4 9 0.08817986596841365
seed123_R1_step2000 0 5 0 0.0883981459774077
seed123_R1_step2000 0 5 1 0.08849155198549852
seed123_R1_step2000 0 5 2 0.09271186799742281
seed123_R1_step2000 0 5 3 0.08827912202104926
seed123_R1_step2000 0 5 4 0.08925826102495193
seed123_R1_step2000 0 5 5 0.0874509770073928
seed123_R1_step2000 0 5 6 0.08543743402697146
seed123_R1_step2000 0 5 7 0.0847999380202964
seed123_R1_step2000 0 5 8 0.09038561303168535
seed123_R1_step2000 0 5 9 0.0997801519697532
seed123_R1_step2000 0 6 0 0.09365631797118112
seed123_R1_step2000 0 6 1 0.09602439595619217
seed123_R1_step2000 0 6 2 0.09336517995689064
seed123_R1_step2000 0 6 3 0.09145565400831401
seed123_R1_step2000 0 6 4 0.09546539600705728
seed123_R1_step2000 0 6 5 0.10408198303775862
seed123_R1_step2000 0 6 6 0.09998141997493804
seed123_R1_step2000 0 6 7 0.09899988700635731
seed123_R1_step2000 0 6 8 0.09939912002300844
seed123_R1_step2000 0 6 9 0.09882639400893822
seed123_R1_step2000 0 7 0 0.09621480904752389
seed123_R1_step2000 0 7 1 0.09624317195266485
seed123_R1_step2000 0 7 2 0.08850255102152005
seed123_R1_step2000 0 7 3 0.09348316601244733
seed123_R1_step2000 0 7 4 0.08780423796270043
seed123_R1_step2000 0 7 5 0.1024551410228014
seed123_R1_step2000 0 7 6 0.0961890600156039
seed123_R1_step2000 0 7 7 0.09533196000847965
seed123_R1_step2000 0 7 8 0.0932192140026018
seed123_R1_step2000 0 7 9 0.09564202802721411
seed123_R1_step2000 0 8 0 0.09216508595272899
seed123_R1_step2000 0 8 1 0.0931657450273633
seed123_R1_step2000 0 8 2 0.10963993397308514
seed123_R1_step2000 0 8 3 0.10342247399967164
seed123_R1_step2000 0 8 4 0.11142137099523097
seed123_R1_step2000 0 8 5 0.11322412698064
seed123_R1_step2000 0 8 6 0.10162463702727109
seed123_R1_step2000 0 8 7 0.1055454519810155
seed123_R1_step2000 0 8 8 0.10422403400298208
seed123_R1_step2000 0 8 9 0.09955868998076767
seed123_R1_step2000 0 9 0 0.09440628002630547
seed123_R1_step2000 0 9 1 0.09343218104913831
seed123_R1_step2000 0 9 2 0.09562339697731659
seed123_R1_step2000 0 9 3 0.09377346199471503
seed123_R1_step2000 0 9 4 0.09539351495914161
seed123_R1_step2000 0 9 5 0.09327504498651251
seed123_R1_step2000 0 9 6 0.09434665704611689
seed123_R1_step2000 0 9 7 0.09430009097559378
seed123_R1_step2000 0 9 8 0.09809351898729801
seed123_R1_step2000 0 9 9 0.1005571000277996
seed123_R1_step2000 6 0 0 0.1514715559897013
seed123_R1_step2000 6 0 1 0.14815676800208166
seed123_R1_step2000 6 0 2 0.14917089400114492
seed123_R1_step2000 6 0 3 0.1530223690206185
seed123_R1_step2000 6 0 4 0.1517643650295213
seed123_R1_step2000 6 0 5 0.15025295002851635
seed123_R1_step2000 6 0 6 0.14611124200746417
seed123_R1_step2000 6 0 7 0.14712330396287143
seed123_R1_step2000 6 0 8 0.1402104059816338
seed123_R1_step2000 6 0 9 0.14806208602385595
seed123_R1_step2000 6 1 0 0.15238996903644875
seed123_R1_step2000 6 1 1 0.15636283298954368
seed123_R1_step2000 6 1 2 0.15799447399331257
seed123_R1_step2000 6 1 3 0.14164704200811684
seed123_R1_step2000 6 1 4 0.149510464980267
seed123_R1_step2000 6 1 5 0.15304115798790008
seed123_R1_step2000 6 1 6 0.14855785499094054
seed123_R1_step2000 6 1 7 0.1446917820139788
seed123_R1_step2000 6 1 8 0.14391548302955925
seed123_R1_step2000 6 1 9 0.15365430898964405
seed123_R1_step2000 6 2 0 0.14694253797642887
seed123_R1_step2000 6 2 1 0.15327434404753149
seed123_R1_step2000 6 2 2 0.1470565419876948
seed123_R1_step2000 6 2 3 0.14239867101423442
seed123_R1_step2000 6 2 4 0.1514797920244746
seed123_R1_step2000 6 2 5 0.15186142199672759
seed123_R1_step2000 6 2 6 0.14874527201754972
seed123_R1_step2000 6 2 7 0.14630016701994464
seed123_R1_step2000 6 2 8 0.1498983390047215
seed123_R1_step2000 6 2 9 0.1544950760435313
seed123_R1_step2000 6 3 0 0.14740911102853715
seed123_R1_step2000 6 3 1 0.14996911096386611
seed123_R1_step2000 6 3 2 0.14778989099431783
seed123_R1_step2000 6 3 3 0.1424539680010639
seed123_R1_step2000 6 3 4 0.1479530109791085
seed123_R1_step2000 6 3 5 0.14324674801900983
seed123_R1_step2000 6 3 6 0.14447594701778144
seed123_R1_step2000 6 3 7 0.14275730698136613
seed123_R1_step2000 6 3 8 0.14783712197095156
seed123_R1_step2000 6 3 9 0.14517884299857542
seed123_R1_step2000 6 4 0 0.1496442449861206
seed123_R1_step2000 6 4 1 0.15705031203106046
seed123_R1_step2000 6 4 2 0.1475100049865432
seed123_R1_step2000 6 4 3 0.14277270302409306
seed123_R1_step2000 6 4 4 0.14435102901188657
seed123_R1_step2000 6 4 5 0.1497401560191065
seed123_R1_step2000 6 4 6 0.1500220819725655
seed123_R1_step2000 6 4 7 0.14958679402479902
seed123_R1_step2000 6 4 8 0.14984370704041794
seed123_R1_step2000 6 4 9 0.14510333898942918
seed123_R1_step2000 6 5 0 0.14711346698459238
seed123_R1_step2000 6 5 1 0.15247190603986382
seed123_R1_step2000 6 5 2 0.15822148299776018
seed123_R1_step2000 6 5 3 0.14827972499188036
seed123_R1_step2000 6 5 4 0.14644663099898025
seed123_R1_step2000 6 5 5 0.14686174097005278
seed123_R1_step2000 6 5 6 0.14899964799406007
seed123_R1_step2000 6 5 7 0.14525865798350424
seed123_R1_step2000 6 5 8 0.14555173000553623
seed123_R1_step2000 6 5 9 0.14232113404432312
seed123_R1_step2000 6 6 0 0.15218757704133168
seed123_R1_step2000 6 6 1 0.14445449400227517
seed123_R1_step2000 6 6 2 0.160152854048647
seed123_R1_step2000 6 6 3 0.1478079060325399
seed123_R1_step2000 6 6 4 0.1492968929815106
seed123_R1_step2000 6 6 5 0.15071317501133308
seed123_R1_step2000 6 6 6 0.15050666499882936
seed123_R1_step2000 6 6 7 0.155735120002646
seed123_R1_step2000 6 6 8 0.17464680899865925
seed123_R1_step2000 6 6 9 0.15301207301672548
seed123_R1_step2000 6 7 0 0.14842943102121353
seed123_R1_step2000 6 7 1 0.14937942702090368
seed123_R1_step2000 6 7 2 0.1652917229803279
seed123_R1_step2000 6 7 3 0.15157761401496828
seed123_R1_step2000 6 7 4 0.1486088150413707
seed123_R1_step2000 6 7 5 0.14833414799068123
seed123_R1_step2000 6 7 6 0.14881842798786238
seed123_R1_step2000 6 7 7 0.14773159596370533
seed123_R1_step2000 6 7 8 0.14606361201731488
seed123_R1_step2000 6 7 9 0.14123466302407905
seed123_R1_step2000 6 8 0 0.14629267901182175
seed123_R1_step2000 6 8 1 0.15293211699463427
seed123_R1_step2000 6 8 2 0.15368777699768543
seed123_R1_step2000 6 8 3 0.15548850101185963
seed123_R1_step2000 6 8 4 0.1467278469935991
seed123_R1_step2000 6 8 5 0.153052045032382
seed123_R1_step2000 6 8 6 0.14726251899264753
seed123_R1_step2000 6 8 7 0.1434858709690161
seed123_R1_step2000 6 8 8 0.16149226104607806
seed123_R1_step2000 6 8 9 0.15178581897635013
seed123_R1_step2000 6 9 0 0.14380350802093744
seed123_R1_step2000 6 9 1 0.16710708301980048
seed123_R1_step2000 6 9 2 0.14545876398915425
seed123_R1_step2000 6 9 3 0.14814939099596813
seed123_R1_step2000 6 9 4 0.1489214730099775
seed123_R1_step2000 6 9 5 0.1552276749862358
seed123_R1_step2000 6 9 6 0.1673773389775306
seed123_R1_step2000 6 9 7 0.15551453502848744
seed123_R1_step2000 6 9 8 0.1475201419671066
seed123_R1_step2000 6 9 9 0.14535396598512307
seed123_R1_step2000 9 0 0 0.04994862602325156
seed123_R1_step2000 9 0 1 0.044690133014228195
seed123_R1_step2000 9 0 2 0.046567621990107
seed123_R1_step2000 9 0 3 0.05642458703368902
seed123_R1_step2000 9 0 4 0.04723664897028357
seed123_R1_step2000 9 0 5 0.044163152982946485
seed123_R1_step2000 9 0 6 0.04382704000454396
seed123_R1_step2000 9 0 7 0.0437765060341917
seed123_R1_step2000 9 0 8 0.04355109197786078
seed123_R1_step2000 9 0 9 0.04345592396566644
seed123_R1_step2000 9 1 0 0.04342389403609559
seed123_R1_step2000 9 1 1 0.04380405700067058
seed123_R1_step2000 9 1 2 0.045615543029271066
seed123_R1_step2000 9 1 3 0.04379003099165857
seed123_R1_step2000 9 1 4 0.043796243029646575
seed123_R1_step2000 9 1 5 0.04441608802881092
seed123_R1_step2000 9 1 6 0.043343382014427334
seed123_R1_step2000 9 1 7 0.044739096018020064
seed123_R1_step2000 9 1 8 0.04423223499907181
seed123_R1_step2000 9 1 9 0.044048508047126234
seed123_R1_step2000 9 2 0 0.04478520405245945
seed123_R1_step2000 9 2 1 0.04453944100532681
seed123_R1_step2000 9 2 2 0.046843242016620934
seed123_R1_step2000 9 2 3 0.04961364803602919
seed123_R1_step2000 9 2 4 0.044580319023225456
seed123_R1_step2000 9 2 5 0.043024874990805984
seed123_R1_step2000 9 2 6 0.045137496024835855
seed123_R1_step2000 9 2 7 0.043336178991012275
seed123_R1_step2000 9 2 8 0.04497077199630439
seed123_R1_step2000 9 2 9 0.04504428000655025
seed123_R1_step2000 9 3 0 0.04496338899480179
seed123_R1_step2000 9 3 1 0.044511799002066255
seed123_R1_step2000 9 3 2 0.0434633000404574
seed123_R1_step2000 9 3 3 0.04266748297959566
seed123_R1_step2000 9 3 4 0.043854786024894565
seed123_R1_step2000 9 3 5 0.04487006302224472
seed123_R1_step2000 9 3 6 0.04558158101281151
seed123_R1_step2000 9 3 7 0.04622286604717374
seed123_R1_step2000 9 3 8 0.04457289504352957
seed123_R1_step2000 9 3 9 0.04355950001627207
seed123_R1_step2000 9 4 0 0.04286763095296919
seed123_R1_step2000 9 4 1 0.044348936004098505
seed123_R1_step2000 9 4 2 0.04416690400103107
seed123_R1_step2000 9 4 3 0.04425909696146846
seed123_R1_step2000 9 4 4 0.04293993703322485
seed123_R1_step2000 9 4 5 0.04304855200462043
seed123_R1_step2000 9 4 6 0.044429146975744516
seed123_R1_step2000 9 4 7 0.045086792029906064
seed123_R1_step2000 9 4 8 0.04439330898458138
seed123_R1_step2000 9 4 9 0.04417441802797839
seed123_R1_step2000 9 5 0 0.04349017096683383
seed123_R1_step2000 9 5 1 0.0428268649848178
seed123_R1_step2000 9 5 2 0.04414205701323226
seed123_R1_step2000 9 5 3 0.04489536304026842
seed123_R1_step2000 9 5 4 0.04324943997198716
seed123_R1_step2000 9 5 5 0.043423716037068516
seed123_R1_step2000 9 5 6 0.04293672204948962
seed123_R1_step2000 9 5 7 0.042905843001790345
seed123_R1_step2000 9 5 8 0.042499208997469395
seed123_R1_step2000 9 5 9 0.047075179987587035
seed123_R1_step2000 9 6 0 0.042208251950796694
seed123_R1_step2000 9 6 1 0.041480585001409054
seed123_R1_step2000 9 6 2 0.04077183402841911
seed123_R1_step2000 9 6 3 0.04018480097874999
seed123_R1_step2000 9 6 4 0.040528347017243505
seed123_R1_step2000 9 6 5 0.041195139987394214
seed123_R1_step2000 9 6 6 0.04113748099189252
seed123_R1_step2000 9 6 7 0.04475117404945195
seed123_R1_step2000 9 6 8 0.04339386202627793
seed123_R1_step2000 9 6 9 0.04489598597865552
seed123_R1_step2000 9 7 0 0.0489478119998239
seed123_R1_step2000 9 7 1 0.044604968978092074
seed123_R1_step2000 9 7 2 0.04273751896107569
seed123_R1_step2000 9 7 3 0.04210713499924168
seed123_R1_step2000 9 7 4 0.04349199600983411
seed123_R1_step2000 9 7 5 0.04260746401268989
seed123_R1_step2000 9 7 6 0.04177250503562391
seed123_R1_step2000 9 7 7 0.04132615600246936
seed123_R1_step2000 9 7 8 0.041353035951033235
seed123_R1_step2000 9 7 9 0.04210431897081435
seed123_R1_step2000 9 8 0 0.04309479001676664
seed123_R1_step2000 9 8 1 0.04203078104183078
seed123_R1_step2000 9 8 2 0.04160344699630514
seed123_R1_step2000 9 8 3 0.041602777026128024
seed123_R1_step2000 9 8 4 0.041491987998597324
seed123_R1_step2000 9 8 5 0.04197654902236536
seed123_R1_step2000 9 8 6 0.043524789973162115
seed123_R1_step2000 9 8 7 0.043423429946415126
seed123_R1_step2000 9 8 8 0.043506485992111266
seed123_R1_step2000 9 8 9 0.04351081501226872
seed123_R1_step2000 9 9 0 0.044715779018588364
seed123_R1_step2000 9 9 1 0.042925735004246235
seed123_R1_step2000 9 9 2 0.0432024349574931
seed123_R1_step2000 9 9 3 0.042795608984306455
seed123_R1_step2000 9 9 4 0.04931773996213451
seed123_R1_step2000 9 9 5 0.04213942703790963
seed123_R1_step2000 9 9 6 0.041103479044977576
seed123_R1_step2000 9 9 7 0.04696145100751892
seed123_R1_step2000 9 9 8 0.04280922602629289
seed123_R1_step2000 9 9 9 0.0433078040368855
seed123_R1_step2000 12 0 0 0.45713647396769375
seed123_R1_step2000 12 0 1 0.4241762069868855
seed123_R1_step2000 12 0 2 0.4316802520188503
seed123_R1_step2000 12 0 3 0.4512587809585966
seed123_R1_step2000 12 0 4 0.4255085400072858
seed123_R1_step2000 12 0 5 0.4375931979739107
seed123_R1_step2000 12 0 6 0.45995584299089387
seed123_R1_step2000 12 0 7 0.43098091398132965
seed123_R1_step2000 12 0 8 0.42694078100612387
seed123_R1_step2000 12 0 9 0.46610800200141966
seed123_R1_step2000 12 1 0 0.4836411809665151
seed123_R1_step2000 12 1 1 0.4543420120025985
seed123_R1_step2000 12 1 2 0.44610736198956147
seed123_R1_step2000 12 1 3 0.44822265894617885
seed123_R1_step2000 12 1 4 0.4784728829981759
seed123_R1_step2000 12 1 5 0.4312039449578151
seed123_R1_step2000 12 1 6 0.44370600901311263
seed123_R1_step2000 12 1 7 0.4334038910456002
seed123_R1_step2000 12 1 8 0.45836618600878865
seed123_R1_step2000 12 1 9 0.4754973980016075
seed123_R1_step2000 12 2 0 0.4979298480320722
seed123_R1_step2000 12 2 1 0.4503746580448933
seed123_R1_step2000 12 2 2 0.4374351089936681
seed123_R1_step2000 12 2 3 0.4442630459670909
seed123_R1_step2000 12 2 4 0.48360734898597
seed123_R1_step2000 12 2 5 0.4514412200078368
seed123_R1_step2000 12 2 6 0.4516779590048827
seed123_R1_step2000 12 2 7 0.4614601240027696
seed123_R1_step2000 12 2 8 0.44463999499566853
seed123_R1_step2000 12 2 9 0.4481796600157395
seed123_R1_step2000 12 3 0 0.46595970302587375
seed123_R1_step2000 12 3 1 0.4548618200351484
seed123_R1_step2000 12 3 2 0.4784126399899833
seed123_R1_step2000 12 3 3 0.48858213500352576
seed123_R1_step2000 12 3 4 0.47079289302928373
seed123_R1_step2000 12 3 5 0.45393008599057794
seed123_R1_step2000 12 3 6 0.44640795001760125
seed123_R1_step2000 12 3 7 0.49139162799110636
seed123_R1_step2000 12 3 8 0.45956463797483593
seed123_R1_step2000 12 3 9 0.4571650489815511
seed123_R1_step2000 12 4 0 0.4499206900363788
seed123_R1_step2000 12 4 1 0.4431329619837925
seed123_R1_step2000 12 4 2 0.4550828729989007
seed123_R1_step2000 12 4 3 0.45001372101251036
seed123_R1_step2000 12 4 4 0.4423618550063111
seed123_R1_step2000 12 4 5 0.44099015195388347
seed123_R1_step2000 12 4 6 0.4771618170198053
seed123_R1_step2000 12 4 7 0.45448803500039503
seed123_R1_step2000 12 4 8 0.4366745250299573
seed123_R1_step2000 12 4 9 0.4433132149861194
seed123_R1_step2000 12 5 0 0.4378044700133614
seed123_R1_step2000 12 5 1 0.4613544099847786
seed123_R1_step2000 12 5 2 0.4440168019500561
seed123_R1_step2000 12 5 3 0.4687862650025636
seed123_R1_step2000 12 5 4 0.44580421305727214
seed123_R1_step2000 12 5 5 0.46409627998946235
seed123_R1_step2000 12 5 6 0.46373568900162354
seed123_R1_step2000 12 5 7 0.4446442120242864
seed123_R1_step2000 12 5 8 0.46424984600162134
seed123_R1_step2000 12 5 9 0.47203420801088214
seed123_R1_step2000 12 6 0 0.501006519945804
seed123_R1_step2000 12 6 1 0.44720039900857955
seed123_R1_step2000 12 6 2 0.4362238370231353
seed123_R1_step2000 12 6 3 0.4917462259763852
seed123_R1_step2000 12 6 4 0.472977425029967
seed123_R1_step2000 12 6 5 0.44250945502426475
seed123_R1_step2000 12 6 6 0.45317079598316923
seed123_R1_step2000 12 6 7 0.4722329250071198
seed123_R1_step2000 12 6 8 0.4557781880139373
seed123_R1_step2000 12 6 9 0.4219805260072462
seed123_R1_step2000 12 7 0 0.4269143869751133
seed123_R1_step2000 12 7 1 0.4441997099784203
seed123_R1_step2000 12 7 2 0.44449692097259685
seed123_R1_step2000 12 7 3 0.44028196297585964
seed123_R1_step2000 12 7 4 0.4483345099724829
seed123_R1_step2000 12 7 5 0.4507843659957871
seed123_R1_step2000 12 7 6 0.42205210600513965
seed123_R1_step2000 12 7 7 0.42217311600688845
seed123_R1_step2000 12 7 8 0.4275229559862055
seed123_R1_step2000 12 7 9 0.4747237129486166
seed123_R1_step2000 12 8 0 0.4508149510365911
seed123_R1_step2000 12 8 1 0.4344351179897785
seed123_R1_step2000 12 8 2 0.4403315119561739
seed123_R1_step2000 12 8 3 0.4439004249870777
seed123_R1_step2000 12 8 4 0.42877285997383296
seed123_R1_step2000 12 8 5 0.4288062459672801
seed123_R1_step2000 12 8 6 0.44734995398903266
seed123_R1_step2000 12 8 7 0.444369605043903
seed123_R1_step2000 12 8 8 0.4379613089840859
seed123_R1_step2000 12 8 9 0.4381781800184399
seed123_R1_step2000 12 9 0 0.42769683501683176
seed123_R1_step2000 12 9 1 0.46298170200316235
seed123_R1_step2000 12 9 2 0.47345021896762773
seed123_R1_step2000 12 9 3 0.4236248270026408
seed123_R1_step2000 12 9 4 0.4351992179872468
seed123_R1_step2000 12 9 5 0.46851710899500176
seed123_R1_step2000 12 9 6 0.48490039398893714
seed123_R1_step2000 12 9 7 0.44782255799509585
seed123_R1_step2000 12 9 8 0.4542124700383283
seed123_R1_step2000 12 9 9 0.4588990799966268
seed123_R1_step2000 18 0 0 0.10491358902072534
seed123_R1_step2000 18 0 1 0.10213408299023286
seed123_R1_step2000 18 0 2 0.10299825901165605
seed123_R1_step2000 18 0 3 0.10572488995967433
seed123_R1_step2000 18 0 4 0.10585653799353167
seed123_R1_step2000 18 0 5 0.1012347309733741
seed123_R1_step2000 18 0 6 0.10752980597317219
seed123_R1_step2000 18 0 7 0.10630146495532244
seed123_R1_step2000 18 0 8 0.11297580396058038
seed123_R1_step2000 18 0 9 0.10820055904332548
seed123_R1_step2000 18 1 0 0.10284050501650199
seed123_R1_step2000 18 1 1 0.1024647899903357
seed123_R1_step2000 18 1 2 0.10746115195797756
seed123_R1_step2000 18 1 3 0.11358591599855572
seed123_R1_step2000 18 1 4 0.11378003301797435
seed123_R1_step2000 18 1 5 0.09895834198687226
seed123_R1_step2000 18 1 6 0.09795591497095302
seed123_R1_step2000 18 1 7 0.0975061790086329
seed123_R1_step2000 18 1 8 0.09912655898369849
seed123_R1_step2000 18 1 9 0.10494366497732699
seed123_R1_step2000 18 2 0 0.10549523599911481
seed123_R1_step2000 18 2 1 0.10536284802947193
seed123_R1_step2000 18 2 2 0.10830925201298669
seed123_R1_step2000 18 2 3 0.1055012879660353
seed123_R1_step2000 18 2 4 0.1119843180058524
seed123_R1_step2000 18 2 5 0.1099778109928593
seed123_R1_step2000 18 2 6 0.10548064002068713
seed123_R1_step2000 18 2 7 0.10304907301906496
seed123_R1_step2000 18 2 8 0.10229403298581019
seed123_R1_step2000 18 2 9 0.1061982829705812
seed123_R1_step2000 18 3 0 0.10389723401749507
seed123_R1_step2000 18 3 1 0.10121378401527181
seed123_R1_step2000 18 3 2 0.1059129080385901
seed123_R1_step2000 18 3 3 0.10120042902417481
seed123_R1_step2000 18 3 4 0.1017130950349383
seed123_R1_step2000 18 3 5 0.10723309102468193
seed123_R1_step2000 18 3 6 0.108770293998532
seed123_R1_step2000 18 3 7 0.10654330300167203
seed123_R1_step2000 18 3 8 0.10723540495382622
seed123_R1_step2000 18 3 9 0.10930943302810192
seed123_R1_step2000 18 4 0 0.10861560696503147
seed123_R1_step2000 18 4 1 0.10996829404029995
seed123_R1_step2000 18 4 2 0.10913033602992073
seed123_R1_step2000 18 4 3 0.11117637704592198
seed123_R1_step2000 18 4 4 0.12087307398905978
seed123_R1_step2000 18 4 5 0.11279292800463736
seed123_R1_step2000 18 4 6 0.10645078402012587
seed123_R1_step2000 18 4 7 0.1010585370240733
seed123_R1_step2000 18 4 8 0.10205421404680237
seed123_R1_step2000 18 4 9 0.10190255899215117
seed123_R1_step2000 18 5 0 0.10475762200076133
seed123_R1_step2000 18 5 1 0.1021278320113197
seed123_R1_step2000 18 5 2 0.10285210597794503
seed123_R1_step2000 18 5 3 0.10672040598001331
seed123_R1_step2000 18 5 4 0.10354113299399614
seed123_R1_step2000 18 5 5 0.1062396410270594
seed123_R1_step2000 18 5 6 0.09947720495983958
seed123_R1_step2000 18 5 7 0.10063059598905966
seed123_R1_step2000 18 5 8 0.10445520700886846
seed123_R1_step2000 18 5 9 0.11296830797800794
seed123_R1_step2000 18 6 0 0.10505109798396006
seed123_R1_step2000 18 6 1 0.10819251002976671
seed123_R1_step2000 18 6 2 0.10671792598441243
seed123_R1_step2000 18 6 3 0.1061835209839046
seed123_R1_step2000 18 6 4 0.10893724201014265
seed123_R1_step2000 18 6 5 0.10052007099147886
seed123_R1_step2000 18 6 6 0.1003886140533723
seed123_R1_step2000 18 6 7 0.10503010399406776
seed123_R1_step2000 18 6 8 0.10533634899184108
seed123_R1_step2000 18 6 9 0.10187853302340955
seed123_R1_step2000 18 7 0 0.10289137903600931
seed123_R1_step2000 18 7 1 0.10936141503043473
seed123_R1_step2000 18 7 2 0.11203997500706464
seed123_R1_step2000 18 7 3 0.11391847097547725
seed123_R1_step2000 18 7 4 0.10826232697581872
seed123_R1_step2000 18 7 5 0.11093012802302837
seed123_R1_step2000 18 7 6 0.1093605559435673
seed123_R1_step2000 18 7 7 0.10834135999903083
seed123_R1_step2000 18 7 8 0.10991258698049933
seed123_R1_step2000 18 7 9 0.10923770599765703
seed123_R1_step2000 18 8 0 0.10837561398511752
seed123_R1_step2000 18 8 1 0.10422155703417957
seed123_R1_step2000 18 8 2 0.10398133401758969
seed123_R1_step2000 18 8 3 0.1046046870178543
seed123_R1_step2000 18 8 4 0.10397767700487748
seed123_R1_step2000 18 8 5 0.10230354801751673
seed123_R1_step2000 18 8 6 0.10064676299225539
seed123_R1_step2000 18 8 7 0.10437565995380282
seed123_R1_step2000 18 8 8 0.10512683395063505
seed123_R1_step2000 18 8 9 0.10338006698293611
seed123_R1_step2000 18 9 0 0.10675035999156535
seed123_R1_step2000 18 9 1 0.10710799199296162
seed123_R1_step2000 18 9 2 0.10678051703143865
seed123_R1_step2000 18 9 3 0.10936303698690608
seed123_R1_step2000 18 9 4 0.10325669503072277
seed123_R1_step2000 18 9 5 0.10010592802427709
seed123_R1_step2000 18 9 6 0.10029109701281413
seed123_R1_step2000 18 9 7 0.09972987102810293
seed123_R1_step2000 18 9 8 0.09911909198854119
seed123_R1_step2000 18 9 9 0.09954329900210723
seed123_R1_step2000 22 0 0 0.016624219017103314
seed123_R1_step2000 22 0 1 0.015505241986829787
seed123_R1_step2000 22 0 2 0.01669785799458623
seed123_R1_step2000 22 0 3 0.015267835988197476
seed123_R1_step2000 22 0 4 0.016096044972073287
seed123_R1_step2000 22 0 5 0.015566396992653608
seed123_R1_step2000 22 0 6 0.0152516650268808
seed123_R1_step2000 22 0 7 0.015194958017673343
seed123_R1_step2000 22 0 8 0.015199107001535594
seed123_R1_step2000 22 0 9 0.015208924014586955
seed123_R1_step2000 22 1 0 0.01518381800269708
seed123_R1_step2000 22 1 1 0.015280259016435593
seed123_R1_step2000 22 1 2 0.015250101976562291
seed123_R1_step2000 22 1 3 0.015207151998765767
seed123_R1_step2000 22 1 4 0.015397860028315336
seed123_R1_step2000 22 1 5 0.01569271500920877
seed123_R1_step2000 22 1 6 0.015411465952638537
seed123_R1_step2000 22 1 7 0.01611619198229164
seed123_R1_step2000 22 1 8 0.015532132994849235
seed123_R1_step2000 22 1 9 0.015454327047336847
seed123_R1_step2000 22 2 0 0.015648551983758807
seed123_R1_step2000 22 2 1 0.01585752604296431
seed123_R1_step2000 22 2 2 0.015375858987681568
seed123_R1_step2000 22 2 3 0.01542500196956098
seed123_R1_step2000 22 2 4 0.015597255958709866
seed123_R1_step2000 22 2 5 0.015547421993687749
seed123_R1_step2000 22 2 6 0.015426314028445631
seed123_R1_step2000 22 2 7 0.015461259987205267
seed123_R1_step2000 22 2 8 0.015408140025101602
seed123_R1_step2000 22 2 9 0.015428357000928372
seed123_R1_step2000 22 3 0 0.01543532102368772
seed123_R1_step2000 22 3 1 0.015431233041454107
seed123_R1_step2000 22 3 2 0.015406949038151652
seed123_R1_step2000 22 3 3 0.015670784981921315
seed123_R1_step2000 22 3 4 0.017177429981529713
seed123_R1_step2000 22 3 5 0.02053425897611305
seed123_R1_step2000 22 3 6 0.015870831033680588
seed123_R1_step2000 22 3 7 0.015635538031347096
seed123_R1_step2000 22 3 8 0.01561668299837038
seed123_R1_step2000 22 3 9 0.015673579997383058
seed123_R1_step2000 22 4 0 0.015620740014128387
seed123_R1_step2000 22 4 1 0.0154417339945212
seed123_R1_step2000 22 4 2 0.015477691020350903
seed123_R1_step2000 22 4 3 0.015540360007435083
seed123_R1_step2000 22 4 4 0.015472401049919426
seed123_R1_step2000 22 4 5 0.017089132976252586
seed123_R1_step2000 22 4 6 0.01735814003041014
seed123_R1_step2000 22 4 7 0.018833247013390064
seed123_R1_step2000 22 4 8 0.019745383004192263
seed123_R1_step2000 22 4 9 0.01967945898650214
seed123_R1_step2000 22 5 0 0.018656424013897777
seed123_R1_step2000 22 5 1 0.01550220703938976
seed123_R1_step2000 22 5 2 0.015665724989958107
seed123_R1_step2000 22 5 3 0.01562788395676762
seed123_R1_step2000 22 5 4 0.01570575003279373
seed123_R1_step2000 22 5 5 0.015729245031252503
seed123_R1_step2000 22 5 6 0.01551161496900022
seed123_R1_step2000 22 5 7 0.01555084896972403
seed123_R1_step2000 22 5 8 0.0155161939910613
seed123_R1_step2000 22 5 9 0.015485165000427514
seed123_R1_step2000 22 6 0 0.015399603988043964
seed123_R1_step2000 22 6 1 0.01533101499080658
seed123_R1_step2000 22 6 2 0.015281382016837597
seed123_R1_step2000 22 6 3 0.015280940977390856
seed123_R1_step2000 22 6 4 0.01533191598718986
seed123_R1_step2000 22 6 5 0.015398483024910092
seed123_R1_step2000 22 6 6 0.015404603036586195
seed123_R1_step2000 22 6 7 0.01567882002564147
seed123_R1_step2000 22 6 8 0.01579874602612108
seed123_R1_step2000 22 6 9 0.015445501019712538
seed123_R1_step2000 22 7 0 0.015962945006322116
seed123_R1_step2000 22 7 1 0.015712453052401543
seed123_R1_step2000 22 7 2 0.015318382007535547
seed123_R1_step2000 22 7 3 0.015475165972020477
seed123_R1_step2000 22 7 4 0.015552080993074924
seed123_R1_step2000 22 7 5 0.015377041010651737
seed123_R1_step2000 22 7 6 0.015328732028137892
seed123_R1_step2000 22 7 7 0.01535905699711293
seed123_R1_step2000 22 7 8 0.015522715984843671
seed123_R1_step2000 22 7 9 0.015503418981097639
seed123_R1_step2000 22 8 0 0.015737990965135396
seed123_R1_step2000 22 8 1 0.016635650012176484
seed123_R1_step2000 22 8 2 0.017395752016454935
seed123_R1_step2000 22 8 3 0.015385356964543462
seed123_R1_step2000 22 8 4 0.016273209010250866
seed123_R1_step2000 22 8 5 0.015710028004832566
seed123_R1_step2000 22 8 6 0.015551620977930725
seed123_R1_step2000 22 8 7 0.01555801200447604
seed123_R1_step2000 22 8 8 0.015529959986452013
seed123_R1_step2000 22 8 9 0.0155267029767856
seed123_R1_step2000 22 9 0 0.015527605020906776
seed123_R1_step2000 22 9 1 0.015531863027717918
seed123_R1_step2000 22 9 2 0.01846204901812598
seed123_R1_step2000 22 9 3 0.01532086601946503
seed123_R1_step2000 22 9 4 0.015365120023488998
seed123_R1_step2000 22 9 5 0.015565678011626005
seed123_R1_step2000 22 9 6 0.015559134946670383
seed123_R1_step2000 22 9 7 0.015513288031797856
seed123_R1_step2000 22 9 8 0.01564528699964285
seed123_R1_step2000 22 9 9 0.015580234990920871
seed123_R1_step2000 24 0 0 0.017502252012491226
seed123_R1_step2000 24 0 1 0.017362500017043203
seed123_R1_step2000 24 0 2 0.01729098497889936
seed123_R1_step2000 24 0 3 0.017177481029648334
seed123_R1_step2000 24 0 4 0.017243696027435362
seed123_R1_step2000 24 0 5 0.017329588008578867
seed123_R1_step2000 24 0 6 0.01713126403046772
seed123_R1_step2000 24 0 7 0.017395811970345676
seed123_R1_step2000 24 0 8 0.01723799598403275
seed123_R1_step2000 24 0 9 0.017162512987852097
seed123_R1_step2000 24 1 0 0.01713204605039209
seed123_R1_step2000 24 1 1 0.017995219968724996
seed123_R1_step2000 24 1 2 0.01752146804938093
seed123_R1_step2000 24 1 3 0.01763574400683865
seed123_R1_step2000 24 1 4 0.01790142396930605
seed123_R1_step2000 24 1 5 0.021107628010213375
seed123_R1_step2000 24 1 6 0.01760577701497823
seed123_R1_step2000 24 1 7 0.017323176027275622
seed123_R1_step2000 24 1 8 0.01717928401194513
seed123_R1_step2000 24 1 9 0.01717025798279792
seed123_R1_step2000 24 2 0 0.01716177095659077
seed123_R1_step2000 24 2 1 0.017145810998044908
seed123_R1_step2000 24 2 2 0.017137075017672032
seed123_R1_step2000 24 2 3 0.018103694019373506
seed123_R1_step2000 24 2 4 0.017565680958796293
seed123_R1_step2000 24 2 5 0.01727107696933672
seed123_R1_step2000 24 2 6 0.017167382000479847
seed123_R1_step2000 24 2 7 0.017188902013003826
seed123_R1_step2000 24 2 8 0.017435998015571386
seed123_R1_step2000 24 2 9 0.017166609992273152
seed123_R1_step2000 24 3 0 0.017340747988782823
seed123_R1_step2000 24 3 1 0.01822485204320401
seed123_R1_step2000 24 3 2 0.019870981050189584
seed123_R1_step2000 24 3 3 0.01704525196691975
seed123_R1_step2000 24 3 4 0.017164035991299897
seed123_R1_step2000 24 3 5 0.018266459985170513
seed123_R1_step2000 24 3 6 0.018095028994139284
seed123_R1_step2000 24 3 7 0.01792775298235938
seed123_R1_step2000 24 3 8 0.018317026959266514
seed123_R1_step2000 24 3 9 0.018503878032788634
seed123_R1_step2000 24 4 0 0.018353183986619115
seed123_R1_step2000 24 4 1 0.01718101801816374
seed123_R1_step2000 24 4 2 0.017166840960271657
seed123_R1_step2000 24 4 3 0.017161700990982354
seed123_R1_step2000 24 4 4 0.01715267397230491
seed123_R1_step2000 24 4 5 0.017251810000743717
seed123_R1_step2000 24 4 6 0.017155509965959936
seed123_R1_step2000 24 4 7 0.017174585023894906
seed123_R1_step2000 24 4 8 0.017162222997285426
seed123_R1_step2000 24 4 9 0.017163142969366163
seed123_R1_step2000 24 5 0 0.0171576639986597
seed123_R1_step2000 24 5 1 0.017853994970209897
seed123_R1_step2000 24 5 2 0.017323466949164867
seed123_R1_step2000 24 5 3 0.017178373993374407
seed123_R1_step2000 24 5 4 0.017281256965361536
seed123_R1_step2000 24 5 5 0.01720701699377969
seed123_R1_step2000 24 5 6 0.01719339197734371
seed123_R1_step2000 24 5 7 0.017203710973262787
seed123_R1_step2000 24 5 8 0.016996702004689723
seed123_R1_step2000 24 5 9 0.016954281949438155
seed123_R1_step2000 24 6 0 0.016958489024545997
seed123_R1_step2000 24 6 1 0.01729508297285065
seed123_R1_step2000 24 6 2 0.01835701201343909
seed123_R1_step2000 24 6 3 0.017380154051352292
seed123_R1_step2000 24 6 4 0.01693655800772831
seed123_R1_step2000 24 6 5 0.017044641019310802
seed123_R1_step2000 24 6 6 0.01694563595810905
seed123_R1_step2000 24 6 7 0.017986394988838583
seed123_R1_step2000 24 6 8 0.018047338991891593
seed123_R1_step2000 24 6 9 0.017832915007602423
seed123_R1_step2000 24 7 0 0.019307099981233478
seed123_R1_step2000 24 7 1 0.018354967993218452
seed123_R1_step2000 24 7 2 0.01844015798997134
seed123_R1_step2000 24 7 3 0.021719801996368915
seed123_R1_step2000 24 7 4 0.01767726195976138
seed123_R1_step2000 24 7 5 0.017638931050896645
seed123_R1_step2000 24 7 6 0.017516460036858916
seed123_R1_step2000 24 7 7 0.01743501698365435
seed123_R1_step2000 24 7 8 0.017359744990244508
seed123_R1_step2000 24 7 9 0.017327464011032134
seed123_R1_step2000 24 8 0 0.017289853014517576
seed123_R1_step2000 24 8 1 0.017247523996047676
seed123_R1_step2000 24 8 2 0.01720516395289451
seed123_R1_step2000 24 8 3 0.017147965962067246
seed123_R1_step2000 24 8 4 0.01747670501936227
seed123_R1_step2000 24 8 5 0.017561485001351684
seed123_R1_step2000 24 8 6 0.017344857042189687
seed123_R1_step2000 24 8 7 0.0172336469986476
seed123_R1_step2000 24 8 8 0.0171686050016433
seed123_R1_step2000 24 8 9 0.017211164988111705
seed123_R1_step2000 24 9 0 0.017153577005956322
seed123_R1_step2000 24 9 1 0.017147575970739126
seed123_R1_step2000 24 9 2 0.017142274999059737
seed123_R1_step2000 24 9 3 0.0171275669708848
seed123_R1_step2000 24 9 4 0.017166120000183582
seed123_R1_step2000 24 9 5 0.017117770039476454
seed123_R1_step2000 24 9 6 0.01712955196853727
seed123_R1_step2000 24 9 7 0.01717537798685953
seed123_R1_step2000 24 9 8 0.01845070900162682
seed123_R1_step2000 24 9 9 0.01922334299888462
seed123_R1_step2000 30 0 0 0.029716502991504967
seed123_R1_step2000 30 0 1 0.028347446001134813
seed123_R1_step2000 30 0 2 0.02816038398304954
seed123_R1_step2000 30 0 3 0.02798688702750951
seed123_R1_step2000 30 0 4 0.027657729049678892
seed123_R1_step2000 30 0 5 0.02729220100445673
seed123_R1_step2000 30 0 6 0.027073709992691875
seed123_R1_step2000 30 0 7 0.029222114011645317
seed123_R1_step2000 30 0 8 0.0310005119536072
seed123_R1_step2000 30 0 9 0.036282352986745536
seed123_R1_step2000 30 1 0 0.03697926504537463
seed123_R1_step2000 30 1 1 0.030655290000140667
seed123_R1_step2000 30 1 2 0.02734090300509706
seed123_R1_step2000 30 1 3 0.027538554975762963
seed123_R1_step2000 30 1 4 0.027808732993435115
seed123_R1_step2000 30 1 5 0.027108073991257697
seed123_R1_step2000 30 1 6 0.026761182001791894
seed123_R1_step2000 30 1 7 0.026640715019311756
seed123_R1_step2000 30 1 8 0.026576222968287766
seed123_R1_step2000 30 1 9 0.026566465036012232
seed123_R1_step2000 30 2 0 0.026558169978670776
seed123_R1_step2000 30 2 1 0.026549503032583743
seed123_R1_step2000 30 2 2 0.02659164200304076
seed123_R1_step2000 30 2 3 0.026558099023532122
seed123_R1_step2000 30 2 4 0.026583127037156373
seed123_R1_step2000 30 2 5 0.026640284049790353
seed123_R1_step2000 30 2 6 0.026560594036709517
seed123_R1_step2000 30 2 7 0.027506523998454213
seed123_R1_step2000 30 2 8 0.027687505003996193
seed123_R1_step2000 30 2 9 0.026540566002950072
seed123_R1_step2000 30 3 0 0.026746454008389264
seed123_R1_step2000 30 3 1 0.02671066700713709
seed123_R1_step2000 30 3 2 0.026951499981805682
seed123_R1_step2000 30 3 3 0.02874043700285256
seed123_R1_step2000 30 3 4 0.026707621000241488
seed123_R1_step2000 30 3 5 0.026565984007902443
seed123_R1_step2000 30 3 6 0.026927063998300582
seed123_R1_step2000 30 3 7 0.02702561899786815
seed123_R1_step2000 30 3 8 0.027461450023110956
seed123_R1_step2000 30 3 9 0.027316057006828487
seed123_R1_step2000 30 4 0 0.026844448992051184
seed123_R1_step2000 30 4 1 0.026560885016806424
seed123_R1_step2000 30 4 2 0.026797952014021575
seed123_R1_step2000 30 4 3 0.026660502015147358
seed123_R1_step2000 30 4 4 0.026652257016394287
seed123_R1_step2000 30 4 5 0.026648320956155658
seed123_R1_step2000 30 4 6 0.026452921971213073
seed123_R1_step2000 30 4 7 0.02641772700008005
seed123_R1_step2000 30 4 8 0.026402906980365515
seed123_R1_step2000 30 4 9 0.026462740963324904
seed123_R1_step2000 30 5 0 0.029307835968211293
seed123_R1_step2000 30 5 1 0.030529996962286532
seed123_R1_step2000 30 5 2 0.031117942999117076
seed123_R1_step2000 30 5 3 0.030388390994630754
seed123_R1_step2000 30 5 4 0.0299980349955149
seed123_R1_step2000 30 5 5 0.029331340978387743
seed123_R1_step2000 30 5 6 0.030545576009899378
seed123_R1_step2000 30 5 7 0.03069002798292786
seed123_R1_step2000 30 5 8 0.02868441300233826
seed123_R1_step2000 30 5 9 0.0296475850045681
seed123_R1_step2000 30 6 0 0.02704922400880605
seed123_R1_step2000 30 6 1 0.026883171987719834
seed123_R1_step2000 30 6 2 0.02675492101116106
seed123_R1_step2000 30 6 3 0.026708794001024216
seed123_R1_step2000 30 6 4 0.026608385029248893
seed123_R1_step2000 30 6 5 0.026800145977176726
seed123_R1_step2000 30 6 6 0.02664730796823278
seed123_R1_step2000 30 6 7 0.026780429005157202
seed123_R1_step2000 30 6 8 0.026611751003656536
seed123_R1_step2000 30 6 9 0.026630706968717277
seed123_R1_step2000 30 7 0 0.026678927999455482
seed123_R1_step2000 30 7 1 0.026608867046888918
seed123_R1_step2000 30 7 2 0.026556397031527013
seed123_R1_step2000 30 7 3 0.026615087990649045
seed123_R1_step2000 30 7 4 0.026626249018590897
seed123_R1_step2000 30 7 5 0.02677390701137483
seed123_R1_step2000 30 7 6 0.026450919976923615
seed123_R1_step2000 30 7 7 0.026379425020422786
seed123_R1_step2000 30 7 8 0.02629910403629765
seed123_R1_step2000 30 7 9 0.02729331504087895
seed123_R1_step2000 30 8 0 0.027242259995546192
seed123_R1_step2000 30 8 1 0.027270502992905676
seed123_R1_step2000 30 8 2 0.027780623000580817
seed123_R1_step2000 30 8 3 0.027958827966358513
seed123_R1_step2000 30 8 4 0.028143755975179374
seed123_R1_step2000 30 8 5 0.03266472602263093
seed123_R1_step2000 30 8 6 0.03213728399714455
seed123_R1_step2000 30 8 7 0.03135924896923825
seed123_R1_step2000 30 8 8 0.031236548034939915
seed123_R1_step2000 30 8 9 0.02944182005012408
seed123_R1_step2000 30 9 0 0.029914448969066143
seed123_R1_step2000 30 9 1 0.029395761957857758
seed123_R1_step2000 30 9 2 0.029331181023735553
seed123_R1_step2000 30 9 3 0.02901043795282021
seed123_R1_step2000 30 9 4 0.028738806024193764
seed123_R1_step2000 30 9 5 0.028713188017718494
seed123_R1_step2000 30 9 6 0.028770034958142787
seed123_R1_step2000 30 9 7 0.031214836984872818
seed123_R1_step2000 30 9 8 0.03131109697278589
seed123_R1_step2000 30 9 9 0.031080022978130728
seed123_R1_step2000 33 0 0 0.007693891995586455
seed123_R1_step2000 33 0 1 0.006686596025247127
seed123_R1_step2000 33 0 2 0.0064710010192357
seed123_R1_step2000 33 0 3 0.006478184019215405
seed123_R1_step2000 33 0 4 0.006589093012735248
seed123_R1_step2000 33 0 5 0.006785102013964206
seed123_R1_step2000 33 0 6 0.006272426981013268
seed123_R1_step2000 33 0 7 0.006289137993007898
seed123_R1_step2000 33 0 8 0.006306831957772374
seed123_R1_step2000 33 0 9 0.006252419028896838
seed123_R1_step2000 33 1 0 0.006114259012974799
seed123_R1_step2000 33 1 1 0.00612286600517109
seed123_R1_step2000 33 1 2 0.006765204016119242
seed123_R1_step2000 33 1 3 0.006621043023187667
seed123_R1_step2000 33 1 4 0.006086045992560685
seed123_R1_step2000 33 1 5 0.006528228987008333
seed123_R1_step2000 33 1 6 0.006107145978603512
seed123_R1_step2000 33 1 7 0.0060989600024186075
seed123_R1_step2000 33 1 8 0.006322020955849439
seed123_R1_step2000 33 1 9 0.006144836952444166
seed123_R1_step2000 33 2 0 0.0065259740222245455
seed123_R1_step2000 33 2 1 0.00625718804076314
seed123_R1_step2000 33 2 2 0.006243814015761018
seed123_R1_step2000 33 2 3 0.006307733012363315
seed123_R1_step2000 33 2 4 0.006267347023822367
seed123_R1_step2000 33 2 5 0.006288868025876582
seed123_R1_step2000 33 2 6 0.006253611005377024
seed123_R1_step2000 33 2 7 0.0062848899979144335
seed123_R1_step2000 33 2 8 0.00625577598111704
seed123_R1_step2000 33 2 9 0.006277425971347839
seed123_R1_step2000 33 3 0 0.006095814984291792
seed123_R1_step2000 33 3 1 0.006096996017731726
seed123_R1_step2000 33 3 2 0.00610569299897179
seed123_R1_step2000 33 3 3 0.006074703997001052
seed123_R1_step2000 33 3 4 0.006085225031711161
seed123_R1_step2000 33 3 5 0.006073881988413632
seed123_R1_step2000 33 3 6 0.006090404000133276
seed123_R1_step2000 33 3 7 0.006094611948356032
seed123_R1_step2000 33 3 8 0.006109368987381458
seed123_R1_step2000 33 3 9 0.006155497976578772
seed123_R1_step2000 33 4 0 0.006129366985987872
seed123_R1_step2000 33 4 1 0.006108027009759098
seed123_R1_step2000 33 4 2 0.006074955977965146
seed123_R1_step2000 33 4 3 0.00605009903665632
seed123_R1_step2000 33 4 4 0.006480999989435077
seed123_R1_step2000 33 4 5 0.0078100020182318985
seed123_R1_step2000 33 4 6 0.00602867896668613
seed123_R1_step2000 33 4 7 0.006011435994878411
seed123_R1_step2000 33 4 8 0.0060713490238413215
seed123_R1_step2000 33 4 9 0.006019631982780993
seed123_R1_step2000 33 5 0 0.006149705965071917
seed123_R1_step2000 33 5 1 0.00607819197466597
seed123_R1_step2000 33 5 2 0.006077840982470661
seed123_R1_step2000 33 5 3 0.006072711024899036
seed123_R1_step2000 33 5 4 0.006071529001928866
seed123_R1_step2000 33 5 5 0.006093962001614273
seed123_R1_step2000 33 5 6 0.006095594028010964
seed123_R1_step2000 33 5 7 0.0060738130123354495
seed123_R1_step2000 33 5 8 0.006062542030122131
seed123_R1_step2000 33 5 9 0.006084803957492113
seed123_R1_step2000 33 6 0 0.006035510974470526
seed123_R1_step2000 33 6 1 0.00605993700446561
seed123_R1_step2000 33 6 2 0.006074324017390609
seed123_R1_step2000 33 6 3 0.006032405013684183
seed123_R1_step2000 33 6 4 0.006019680993631482
seed123_R1_step2000 33 6 5 0.006038607039954513
seed123_R1_step2000 33 6 6 0.00605244399048388
seed123_R1_step2000 33 6 7 0.00604642101097852
seed123_R1_step2000 33 6 8 0.006059475999791175
seed123_R1_step2000 33 6 9 0.006027756026014686
seed123_R1_step2000 33 7 0 0.006226870988029987
seed123_R1_step2000 33 7 1 0.006265664997044951
seed123_R1_step2000 33 7 2 0.006218886002898216
seed123_R1_step2000 33 7 3 0.006188889965415001
seed123_R1_step2000 33 7 4 0.006209209037479013
seed123_R1_step2000 33 7 5 0.006219307018909603
seed123_R1_step2000 33 7 6 0.006241708993911743
seed123_R1_step2000 33 7 7 0.006229036021977663
seed123_R1_step2000 33 7 8 0.0061987279914319515
seed123_R1_step2000 33 7 9 0.006249283964280039
seed123_R1_step2000 33 8 0 0.006036954000592232
seed123_R1_step2000 33 8 1 0.006112146016675979
seed123_R1_step2000 33 8 2 0.17077604599762708
seed123_R1_step2000 33 8 3 0.006283588998485357
seed123_R1_step2000 33 8 4 0.006167098006699234
seed123_R1_step2000 33 8 5 0.006284950999543071
seed123_R1_step2000 33 8 6 0.006122774968389422
seed123_R1_step2000 33 8 7 0.006304598005954176
seed123_R1_step2000 33 8 8 0.006102257000748068
seed123_R1_step2000 33 8 9 0.006090724957175553
seed123_R1_step2000 33 9 0 0.00634684698889032
seed123_R1_step2000 33 9 1 0.006305439048446715
seed123_R1_step2000 33 9 2 0.006400339014362544
seed123_R1_step2000 33 9 3 0.006441836012527347
seed123_R1_step2000 33 9 4 0.006381832994520664
seed123_R1_step2000 33 9 5 0.006396070006303489
seed123_R1_step2000 33 9 6 0.006415567011572421
seed123_R1_step2000 33 9 7 0.006400768004823476
seed123_R1_step2000 33 9 8 0.006419032986741513
seed123_R1_step2000 33 9 9 0.0063967310125008225
seed123_R1_step2000 36 0 0 0.006979599012993276
seed123_R1_step2000 36 0 1 0.006835528009105474
seed123_R1_step2000 36 0 2 0.006844133022241294
seed123_R1_step2000 36 0 3 0.006801753013860434
seed123_R1_step2000 36 0 4 0.006989425979554653
seed123_R1_step2000 36 0 5 0.006944602995645255
seed123_R1_step2000 36 0 6 0.0068051599664613605
seed123_R1_step2000 36 0 7 0.006742762983776629
seed123_R1_step2000 36 0 8 0.0067303290124982595
seed123_R1_step2000 36 0 9 0.006695994001347572
seed123_R1_step2000 36 1 0 0.006654085998889059
seed123_R1_step2000 36 1 1 0.006657371995970607
seed123_R1_step2000 36 1 2 0.006674494012258947
seed123_R1_step2000 36 1 3 0.006631362019106746
seed123_R1_step2000 36 1 4 0.006640349980443716
seed123_R1_step2000 36 1 5 0.0066320839687250555
seed123_R1_step2000 36 1 6 0.006645509973168373
seed123_R1_step2000 36 1 7 0.006593512021936476
seed123_R1_step2000 36 1 8 0.006653435004409403
seed123_R1_step2000 36 1 9 0.006638555962126702
seed123_R1_step2000 36 2 0 0.006670695962384343
seed123_R1_step2000 36 2 1 0.006669424998108298
seed123_R1_step2000 36 2 2 0.006654757016804069
seed123_R1_step2000 36 2 3 0.0066353000001981854
seed123_R1_step2000 36 2 4 0.006684082036372274
seed123_R1_step2000 36 2 5 0.006679593003354967
seed123_R1_step2000 36 2 6 0.006670646951533854
seed123_R1_step2000 36 2 7 0.006622435990720987
seed123_R1_step2000 36 2 8 0.0066484150011092424
seed123_R1_step2000 36 2 9 0.007392314961180091
seed123_R1_step2000 36 3 0 0.007549681002274156
seed123_R1_step2000 36 3 1 0.006605062982998788
seed123_R1_step2000 36 3 2 0.0066419930080883205
seed123_R1_step2000 36 3 3 0.00660486298147589
seed123_R1_step2000 36 3 4 0.006596666993573308
seed123_R1_step2000 36 3 5 0.006578181986697018
seed123_R1_step2000 36 3 6 0.006640320003498346
seed123_R1_step2000 36 3 7 0.006604132009670138
seed123_R1_step2000 36 3 8 0.006579735956620425
seed123_R1_step2000 36 3 9 0.0065982710220851
seed123_R1_step2000 36 4 0 0.0065589360310696065
seed123_R1_step2000 36 4 1 0.006570567958988249
seed123_R1_step2000 36 4 2 0.006586337985936552
seed123_R1_step2000 36 4 3 0.006554146995767951
seed123_R1_step2000 36 4 4 0.006562732974998653
seed123_R1_step2000 36 4 5 0.006544218980707228
seed123_R1_step2000 36 4 6 0.006574155006092042
seed123_R1_step2000 36 4 7 0.006565227988176048
seed123_R1_step2000 36 4 8 0.006575267005246133
seed123_R1_step2000 36 4 9 0.006556260981597006
seed123_R1_step2000 36 5 0 0.006614540994632989
seed123_R1_step2000 36 5 1 0.006578152999281883
seed123_R1_step2000 36 5 2 0.006642372987698764
seed123_R1_step2000 36 5 3 0.006606966955587268
seed123_R1_step2000 36 5 4 0.00737377000041306
seed123_R1_step2000 36 5 5 0.006628438015468419
seed123_R1_step2000 36 5 6 0.0066644850303418934
seed123_R1_step2000 36 5 7 0.0066330659901723266
seed123_R1_step2000 36 5 8 0.0066396790207363665
seed123_R1_step2000 36 5 9 0.00664626102661714
seed123_R1_step2000 36 6 0 0.00663707300554961
seed123_R1_step2000 36 6 1 0.00665301299886778
seed123_R1_step2000 36 6 2 0.0066167859476991
seed123_R1_step2000 36 6 3 0.006625852023717016
seed123_R1_step2000 36 6 4 0.006634649005718529
seed123_R1_step2000 36 6 5 0.00664235302247107
seed123_R1_step2000 36 6 6 0.006649706978350878
seed123_R1_step2000 36 6 7 0.006634317978750914
seed123_R1_step2000 36 6 8 0.006632384960539639
seed123_R1_step2000 36 6 9 0.006633948010858148
seed123_R1_step2000 36 7 0 0.006865383998956531
seed123_R1_step2000 36 7 1 0.006877806968986988
seed123_R1_step2000 36 7 2 0.006855064013507217
seed123_R1_step2000 36 7 3 0.0068012819974683225
seed123_R1_step2000 36 7 4 0.006827682955190539
seed123_R1_step2000 36 7 5 0.006864672992378473
seed123_R1_step2000 36 7 6 0.006829304969869554
seed123_R1_step2000 36 7 7 0.006804107979405671
seed123_R1_step2000 36 7 8 0.006835978012531996
seed123_R1_step2000 36 7 9 0.00685263000195846
seed123_R1_step2000 36 8 0 0.006854143051896244
seed123_R1_step2000 36 8 1 0.00677907100180164
seed123_R1_step2000 36 8 2 0.006825548014603555
seed123_R1_step2000 36 8 3 0.006866724987048656
seed123_R1_step2000 36 8 4 0.006847200042102486
seed123_R1_step2000 36 8 5 0.006837461958639324
seed123_R1_step2000 36 8 6 0.00684967398410663
seed123_R1_step2000 36 8 7 0.006871144054457545
seed123_R1_step2000 36 8 8 0.006849923986010253
seed123_R1_step2000 36 8 9 0.006838703993707895
seed123_R1_step2000 36 9 0 0.006650929979514331
seed123_R1_step2000 36 9 1 0.006660157989244908
seed123_R1_step2000 36 9 2 0.006708819011691958
seed123_R1_step2000 36 9 3 0.0066583139705471694
seed123_R1_step2000 36 9 4 0.0067153009586036205
seed123_R1_step2000 36 9 5 0.006646650959737599
seed123_R1_step2000 36 9 6 0.006693839968647808
seed123_R1_step2000 36 9 7 0.00664711301214993
seed123_R1_step2000 36 9 8 0.006711773981805891
seed123_R1_step2000 36 9 9 0.006740588985849172
seed123_R1_step2000 40 0 0 0.004341833002399653
seed123_R1_step2000 40 0 1 0.004877712053712457
seed123_R1_step2000 40 0 2 0.004115066025406122
seed123_R1_step2000 40 0 3 0.003924246993847191
seed123_R1_step2000 40 0 4 0.003932462015654892
seed123_R1_step2000 40 0 5 0.003925899975001812
seed123_R1_step2000 40 0 6 0.003921101044397801
seed123_R1_step2000 40 0 7 0.00396425201324746
seed123_R1_step2000 40 0 8 0.0039161519962362945
seed123_R1_step2000 40 0 9 0.003910139959771186
seed123_R1_step2000 40 1 0 0.003946840006392449
seed123_R1_step2000 40 1 1 0.0039028269820846617
seed123_R1_step2000 40 1 2 0.0038865460082888603
seed123_R1_step2000 40 1 3 0.003915389999747276
seed123_R1_step2000 40 1 4 0.003886665974278003
seed123_R1_step2000 40 1 5 0.00391406798735261
seed123_R1_step2000 40 1 6 0.0038900930085219443
seed123_R1_step2000 40 1 7 0.003942350973375142
seed123_R1_step2000 40 1 8 0.003901474003214389
seed123_R1_step2000 40 1 9 0.003922403033357114
seed123_R1_step2000 40 2 0 0.004123593040276319
seed123_R1_step2000 40 2 1 0.00402040797052905
seed123_R1_step2000 40 2 2 0.004038782964926213
seed123_R1_step2000 40 2 3 0.004008434945717454
seed123_R1_step2000 40 2 4 0.004034344980027527
seed123_R1_step2000 40 2 5 0.0040266800206154585
seed123_R1_step2000 40 2 6 0.004011291021015495
seed123_R1_step2000 40 2 7 0.004016110033262521
seed123_R1_step2000 40 2 8 0.0043693549814634025
seed123_R1_step2000 40 2 9 0.0040461160242557526
seed123_R1_step2000 40 3 0 0.004216647008433938
seed123_R1_step2000 40 3 1 0.0042043550056405365
seed123_R1_step2000 40 3 2 0.004231014987453818
seed123_R1_step2000 40 3 3 0.004390153975691646
seed123_R1_step2000 40 3 4 0.004279215005226433
seed123_R1_step2000 40 3 5 0.003913867985829711
seed123_R1_step2000 40 3 6 0.0039218629826791584
seed123_R1_step2000 40 3 7 0.004047308990266174
seed123_R1_step2000 40 3 8 0.003922724979929626
seed123_R1_step2000 40 3 9 0.003937802975997329
seed123_R1_step2000 40 4 0 0.0038659569690935314
seed123_R1_step2000 40 4 1 0.0038609469775110483
seed123_R1_step2000 40 4 2 0.003899340983480215
seed123_R1_step2000 40 4 3 0.0038527529686689377
seed123_R1_step2000 40 4 4 0.0038871780270710588
seed123_R1_step2000 40 4 5 0.0038862450164742768
seed123_R1_step2000 40 4 6 0.0038566500297747552
seed123_R1_step2000 40 4 7 0.003877228999044746
seed123_R1_step2000 40 4 8 0.003903247998096049
seed123_R1_step2000 40 4 9 0.0038994409842416644
seed123_R1_step2000 40 5 0 0.003932763007469475
seed123_R1_step2000 40 5 1 0.003925339027773589
seed123_R1_step2000 40 5 2 0.003918847010936588
seed123_R1_step2000 40 5 3 0.003899330971762538
seed123_R1_step2000 40 5 4 0.003940077032893896
seed123_R1_step2000 40 5 5 0.0038914449978619814
seed123_R1_step2000 40 5 6 0.004107813001610339
seed123_R1_step2000 40 5 7 0.005116321030072868
seed123_R1_step2000 40 5 8 0.005447745032142848
seed123_R1_step2000 40 5 9 0.005130758974701166
seed123_R1_step2000 40 6 0 0.0039203299675136805
seed123_R1_step2000 40 6 1 0.003852282010484487
seed123_R1_step2000 40 6 2 0.0038937689969316125
seed123_R1_step2000 40 6 3 0.0038628120091743767
seed123_R1_step2000 40 6 4 0.0038681310252286494
seed123_R1_step2000 40 6 5 0.0038636630051769316
seed123_R1_step2000 40 6 6 0.0038579420070163906
seed123_R1_step2000 40 6 7 0.0038863359950482845
seed123_R1_step2000 40 6 8 0.0038866159738972783
seed123_R1_step2000 40 6 9 0.0038929979782551527
seed123_R1_step2000 40 7 0 0.004079899983480573
seed123_R1_step2000 40 7 1 0.004046606947667897
seed123_R1_step2000 40 7 2 0.004042530024889857
seed123_R1_step2000 40 7 3 0.004011139972135425
seed123_R1_step2000 40 7 4 0.00405315903481096
seed123_R1_step2000 40 7 5 0.004006311995908618
seed123_R1_step2000 40 7 6 0.004045575973577797
seed123_R1_step2000 40 7 7 0.004015669983346015
seed123_R1_step2000 40 7 8 0.004014547041151673
seed123_R1_step2000 40 7 9 0.004011201031971723
seed123_R1_step2000 40 8 0 0.0038966750144027174
seed123_R1_step2000 40 8 1 0.00392326497239992
seed123_R1_step2000 40 8 2 0.003907434991560876
seed123_R1_step2000 40 8 3 0.0038909849827177823
seed123_R1_step2000 40 8 4 0.003947712015360594
seed123_R1_step2000 40 8 5 0.003904700046405196
seed123_R1_step2000 40 8 6 0.003881256969179958
seed123_R1_step2000 40 8 7 0.003903286997228861
seed123_R1_step2000 40 8 8 0.0038821579655632377
seed123_R1_step2000 40 8 9 0.003903648001141846
seed123_R1_step2000 40 9 0 0.004085820983164012
seed123_R1_step2000 40 9 1 0.004042849992401898
seed123_R1_step2000 40 9 2 0.004009486990980804
seed123_R1_step2000 40 9 3 0.0040179030038416386
seed123_R1_step2000 40 9 4 0.004027982009574771
seed123_R1_step2000 40 9 5 0.004001571971457452
seed123_R1_step2000 40 9 6 0.004030286974739283
seed123_R1_step2000 40 9 7 0.004024797002784908
seed123_R1_step2000 40 9 8 0.0040067220106720924
seed123_R1_step2000 40 9 9 0.0040296750376001
seed123_R1_step2000 47 0 0 0.06536229903576896
seed123_R1_step2000 47 0 1 0.062056177004706115
seed123_R1_step2000 47 0 2 0.061303519003558904
seed123_R1_step2000 47 0 3 0.06145163800101727
seed123_R1_step2000 47 0 4 0.06187768996460363
seed123_R1_step2000 47 0 5 0.0647732830257155
seed123_R1_step2000 47 0 6 0.06237971701193601
seed123_R1_step2000 47 0 7 0.06295992998639122
seed123_R1_step2000 47 0 8 0.06275587598793209
seed123_R1_step2000 47 0 9 0.06590287998551503
seed123_R1_step2000 47 1 0 0.06624457298312336
seed123_R1_step2000 47 1 1 0.06638654100243002
seed123_R1_step2000 47 1 2 0.06807766400743276
seed123_R1_step2000 47 1 3 0.06399462698027492
seed123_R1_step2000 47 1 4 0.0637826889869757
seed123_R1_step2000 47 1 5 0.06373588094720617
seed123_R1_step2000 47 1 6 0.06396379898069426
seed123_R1_step2000 47 1 7 0.06397645303513855
seed123_R1_step2000 47 1 8 0.06378306000260636
seed123_R1_step2000 47 1 9 0.063810691004619
seed123_R1_step2000 47 2 0 0.0636352919973433
seed123_R1_step2000 47 2 1 0.07789930602302775
seed123_R1_step2000 47 2 2 0.07733634702162817
seed123_R1_step2000 47 2 3 0.061869600031059235
seed123_R1_step2000 47 2 4 0.06108685699291527
seed123_R1_step2000 47 2 5 0.0608883430249989
seed123_R1_step2000 47 2 6 0.06290659197838977
seed123_R1_step2000 47 2 7 0.06182504596654326
seed123_R1_step2000 47 2 8 0.06164013798115775
seed123_R1_step2000 47 2 9 0.06090739899082109
seed123_R1_step2000 47 3 0 0.06153450004057959
seed123_R1_step2000 47 3 1 0.06144661403959617
seed123_R1_step2000 47 3 2 0.061516475048847497
seed123_R1_step2000 47 3 3 0.0619713410269469
seed123_R1_step2000 47 3 4 0.062525995017495
seed123_R1_step2000 47 3 5 0.06099912099307403
seed123_R1_step2000 47 3 6 0.060748871008399874
seed123_R1_step2000 47 3 7 0.061742553021758795
seed123_R1_step2000 47 3 8 0.06116035702871159
seed123_R1_step2000 47 3 9 0.06122974801110104
seed123_R1_step2000 47 4 0 0.06085174600593746
seed123_R1_step2000 47 4 1 0.06121409899787977
seed123_R1_step2000 47 4 2 0.06077944004209712
seed123_R1_step2000 47 4 3 0.06148105097236112
seed123_R1_step2000 47 4 4 0.06265531101962551
seed123_R1_step2000 47 4 5 0.06036097201285884
seed123_R1_step2000 47 4 6 0.061086248024366796
seed123_R1_step2000 47 4 7 0.06304601702140644
seed123_R1_step2000 47 4 8 0.06048245099373162
seed123_R1_step2000 47 4 9 0.06050122599117458
seed123_R1_step2000 47 5 0 0.06141428602859378
seed123_R1_step2000 47 5 1 0.06261690898099914
seed123_R1_step2000 47 5 2 0.06129219499416649
seed123_R1_step2000 47 5 3 0.06152596801985055
seed123_R1_step2000 47 5 4 0.061806095007341355
seed123_R1_step2000 47 5 5 0.06210631999420002
seed123_R1_step2000 47 5 6 0.06566273595672101
seed123_R1_step2000 47 5 7 0.06577790295705199
seed123_R1_step2000 47 5 8 0.062024146027397364
seed123_R1_step2000 47 5 9 0.06080653297249228
seed123_R1_step2000 47 6 0 0.06011139403562993
seed123_R1_step2000 47 6 1 0.06005501898471266
seed123_R1_step2000 47 6 2 0.06032736197812483
seed123_R1_step2000 47 6 3 0.06009569502202794
seed123_R1_step2000 47 6 4 0.06011051300447434
seed123_R1_step2000 47 6 5 0.06064179399982095
seed123_R1_step2000 47 6 6 0.059434440976474434
seed123_R1_step2000 47 6 7 0.06363552896073088
seed123_R1_step2000 47 6 8 0.05909775698091835
seed123_R1_step2000 47 6 9 0.0593737390008755
seed123_R1_step2000 47 7 0 0.060611138003878295
seed123_R1_step2000 47 7 1 0.06125130399595946
seed123_R1_step2000 47 7 2 0.06328844901872799
seed123_R1_step2000 47 7 3 0.06116524100070819
seed123_R1_step2000 47 7 4 0.0613886319915764
seed123_R1_step2000 47 7 5 0.0614957429934293
seed123_R1_step2000 47 7 6 0.060299281030893326
seed123_R1_step2000 47 7 7 0.06081176601583138
seed123_R1_step2000 47 7 8 0.06164446397451684
seed123_R1_step2000 47 7 9 0.06064815795980394
seed123_R1_step2000 47 8 0 0.060145683004520833
seed123_R1_step2000 47 8 1 0.05994000501232222
seed123_R1_step2000 47 8 2 0.06142816599458456
seed123_R1_step2000 47 8 3 0.05940381495747715
seed123_R1_step2000 47 8 4 0.05918649601517245
seed123_R1_step2000 47 8 5 0.05912706698291004
seed123_R1_step2000 47 8 6 0.05950710200704634
seed123_R1_step2000 47 8 7 0.059711246052756906
seed123_R1_step2000 47 8 8 0.05977155000437051
seed123_R1_step2000 47 8 9 0.059770198015030473
seed123_R1_step2000 47 9 0 0.06055633904179558
seed123_R1_step2000 47 9 1 0.06429655902320519
seed123_R1_step2000 47 9 2 0.05968528799712658
seed123_R1_step2000 47 9 3 0.06024803698528558
seed123_R1_step2000 47 9 4 0.0607657820219174
seed123_R1_step2000 47 9 5 0.060223801992833614
seed123_R1_step2000 47 9 6 0.060736446001101285
seed123_R1_step2000 47 9 7 0.06389730697264895
seed123_R1_step2000 47 9 8 0.06093634304124862
seed123_R1_step2000 47 9 9 0.05980016401736066
seed123_R1_step2000 51 0 0 0.02405631000874564
seed123_R1_step2000 51 0 1 0.02251515898387879
seed123_R1_step2000 51 0 2 0.022676412016153336
seed123_R1_step2000 51 0 3 0.022528673987835646
seed123_R1_step2000 51 0 4 0.022564782993867993
seed123_R1_step2000 51 0 5 0.022747847018763423
seed123_R1_step2000 51 0 6 0.022995373990852386
seed123_R1_step2000 51 0 7 0.024353680026251823
seed123_R1_step2000 51 0 8 0.02879990200744942
seed123_R1_step2000 51 0 9 0.02271487604593858
seed123_R1_step2000 51 1 0 0.022441360051743686
seed123_R1_step2000 51 1 1 0.02246620797086507
seed123_R1_step2000 51 1 2 0.02236759098013863
seed123_R1_step2000 51 1 3 0.022540507023222744
seed123_R1_step2000 51 1 4 0.02243229397572577
seed123_R1_step2000 51 1 5 0.022359866998158395
seed123_R1_step2000 51 1 6 0.022357292007654905
seed123_R1_step2000 51 1 7 0.022618714021518826
seed123_R1_step2000 51 1 8 0.022612733009736985
seed123_R1_step2000 51 1 9 0.022777394042350352
seed123_R1_step2000 51 2 0 0.022735454025678337
seed123_R1_step2000 51 2 1 0.022922677046153694
seed123_R1_step2000 51 2 2 0.023027764982543886
seed123_R1_step2000 51 2 3 0.023054966004565358
seed123_R1_step2000 51 2 4 0.023051869997289032
seed123_R1_step2000 51 2 5 0.022864636965095997
seed123_R1_step2000 51 2 6 0.02280633698683232
seed123_R1_step2000 51 2 7 0.02255343197612092
seed123_R1_step2000 51 2 8 0.023242278024554253
seed123_R1_step2000 51 2 9 0.022527202032506466
seed123_R1_step2000 51 3 0 0.022775700024794787
seed123_R1_step2000 51 3 1 0.02247510402230546
seed123_R1_step2000 51 3 2 0.022475495003163815
seed123_R1_step2000 51 3 3 0.022700979025103152
seed123_R1_step2000 51 3 4 0.022609067033044994
seed123_R1_step2000 51 3 5 0.022626368969213217
seed123_R1_step2000 51 3 6 0.02278342400677502
seed123_R1_step2000 51 3 7 0.023041200009174645
seed123_R1_step2000 51 3 8 0.022782512998674065
seed123_R1_step2000 51 3 9 0.02287013700697571
seed123_R1_step2000 51 4 0 0.02313090901589021
seed123_R1_step2000 51 4 1 0.024763642984908074
seed123_R1_step2000 51 4 2 0.02474309498211369
seed123_R1_step2000 51 4 3 0.022595110000111163
seed123_R1_step2000 51 4 4 0.022501853993162513
seed123_R1_step2000 51 4 5 0.022582124976906925
seed123_R1_step2000 51 4 6 0.0226280220085755
seed123_R1_step2000 51 4 7 0.022713273006957024
seed123_R1_step2000 51 4 8 0.022785019013099372
seed123_R1_step2000 51 4 9 0.022841855010483414
seed123_R1_step2000 51 5 0 0.02287062001414597
seed123_R1_step2000 51 5 1 0.022844261024147272
seed123_R1_step2000 51 5 2 0.022882931982167065
seed123_R1_step2000 51 5 3 0.022832016984466463
seed123_R1_step2000 51 5 4 0.02276610297849402
seed123_R1_step2000 51 5 5 0.02269142196746543
seed123_R1_step2000 51 5 6 0.022740966000128537
seed123_R1_step2000 51 5 7 0.022937855042982846
seed123_R1_step2000 51 5 8 0.02293041197117418
seed123_R1_step2000 51 5 9 0.022856052964925766
seed123_R1_step2000 51 6 0 0.02288411499466747
seed123_R1_step2000 51 6 1 0.022885899001266807
seed123_R1_step2000 51 6 2 0.022947384044528008
seed123_R1_step2000 51 6 3 0.022912608983460814
seed123_R1_step2000 51 6 4 0.022781161998864263
seed123_R1_step2000 51 6 5 0.022953296022024006
seed123_R1_step2000 51 6 6 0.022828891000244766
seed123_R1_step2000 51 6 7 0.023042021959554404
seed123_R1_step2000 51 6 8 0.022856863972265273
seed123_R1_step2000 51 6 9 0.022928659978788346
seed123_R1_step2000 51 7 0 0.022798254038207233
seed123_R1_step2000 51 7 1 0.02270058903377503
seed123_R1_step2000 51 7 2 0.02285067201592028
seed123_R1_step2000 51 7 3 0.023354179982561618
seed123_R1_step2000 51 7 4 0.025995292991865426
seed123_R1_step2000 51 7 5 0.022686432988848537
seed123_R1_step2000 51 7 6 0.022648842015769333
seed123_R1_step2000 51 7 7 0.02271082898369059
seed123_R1_step2000 51 7 8 0.022572919027879834
seed123_R1_step2000 51 7 9 0.022439428023062646
seed123_R1_step2000 51 8 0 0.022485535009764135
seed123_R1_step2000 51 8 1 0.02468879200750962
seed123_R1_step2000 51 8 2 0.02629434602567926
seed123_R1_step2000 51 8 3 0.02331690996652469
seed123_R1_step2000 51 8 4 0.025578106986358762
seed123_R1_step2000 51 8 5 0.024781367974355817
seed123_R1_step2000 51 8 6 0.024554589996114373
seed123_R1_step2000 51 8 7 0.02489910798612982
seed123_R1_step2000 51 8 8 0.02498942898819223
seed123_R1_step2000 51 8 9 0.026257797027938068
seed123_R1_step2000 51 9 0 0.023424051993060857
seed123_R1_step2000 51 9 1 0.022873466019518673
seed123_R1_step2000 51 9 2 0.022515942982863635
seed123_R1_step2000 51 9 3 0.022745965979993343
seed123_R1_step2000 51 9 4 0.023119739955291152
seed123_R1_step2000 51 9 5 0.024994268955197185
seed123_R1_step2000 51 9 6 0.02257688797544688
seed123_R1_step2000 51 9 7 0.022341775009408593
seed123_R1_step2000 51 9 8 0.022451240045484155
seed123_R1_step2000 51 9 9 0.022650125029031187
seed123_R1_step2000 52 0 0 0.8410908530349843
seed123_R1_step2000 52 0 1 0.9556190110160969
seed123_R1_step2000 52 0 2 0.8305710069835186
seed123_R1_step2000 52 0 3 0.8512576769571751
seed123_R1_step2000 52 0 4 0.8334049900295213
seed123_R1_step2000 52 0 5 0.8335290199611336
seed123_R1_step2000 52 0 6 0.8240236080018803
seed123_R1_step2000 52 0 7 0.850334188027773
seed123_R1_step2000 52 0 8 0.8364960899925791
seed123_R1_step2000 52 0 9 0.8238531720126048
seed123_R1_step2000 52 1 0 0.8564707719488069
seed123_R1_step2000 52 1 1 0.8169577899971046
seed123_R1_step2000 52 1 2 0.8399675270193256
seed123_R1_step2000 52 1 3 0.8419457590207458
seed123_R1_step2000 52 1 4 0.8024210929870605
seed123_R1_step2000 52 1 5 0.7902345189941116
seed123_R1_step2000 52 1 6 0.8358425199985504
seed123_R1_step2000 52 1 7 0.8254532169667073
seed123_R1_step2000 52 1 8 0.8422849450143985
seed123_R1_step2000 52 1 9 0.8332401050138287
seed123_R1_step2000 52 2 0 0.8179842520039529
seed123_R1_step2000 52 2 1 0.8323323330259882
seed123_R1_step2000 52 2 2 0.8433830650174059
seed123_R1_step2000 52 2 3 0.8681935429922305
seed123_R1_step2000 52 2 4 0.8414400169858709
seed123_R1_step2000 52 2 5 0.8472466919920407
seed123_R1_step2000 52 2 6 0.8643327049794607
seed123_R1_step2000 52 2 7 0.844103091978468
seed123_R1_step2000 52 2 8 0.8415716579766013
seed123_R1_step2000 52 2 9 0.8563122830237262
seed123_R1_step2000 52 3 0 0.8513387400307693
seed123_R1_step2000 52 3 1 0.8456046750070527
seed123_R1_step2000 52 3 2 0.8429549100110307
seed123_R1_step2000 52 3 3 0.8181473360164091
seed123_R1_step2000 52 3 4 0.8186234189779498
seed123_R1_step2000 52 3 5 0.8456184199894778
seed123_R1_step2000 52 3 6 0.8545511459815316
seed123_R1_step2000 52 3 7 0.8312695790082216
seed123_R1_step2000 52 3 8 0.8492440200061537
seed123_R1_step2000 52 3 9 0.8853246579528786
seed123_R1_step2000 52 4 0 0.8317895029904321
seed123_R1_step2000 52 4 1 0.8438336310209706
seed123_R1_step2000 52 4 2 0.8332132259965874
seed123_R1_step2000 52 4 3 0.827218457008712
seed123_R1_step2000 52 4 4 0.831122075964231
seed123_R1_step2000 52 4 5 0.8413209800492041
seed123_R1_step2000 52 4 6 0.8186669829883613
seed123_R1_step2000 52 4 7 0.834850681014359
seed123_R1_step2000 52 4 8 0.8375568570336327
seed123_R1_step2000 52 4 9 0.8325760060106404
seed123_R1_step2000 52 5 0 0.8335201889858581
seed123_R1_step2000 52 5 1 0.832606733951252
seed123_R1_step2000 52 5 2 0.8106891500065103
seed123_R1_step2000 52 5 3 0.8130227309884503
seed123_R1_step2000 52 5 4 0.8178954460308887
seed123_R1_step2000 52 5 5 0.8312264640117064
seed123_R1_step2000 52 5 6 0.8147335349931382
seed123_R1_step2000 52 5 7 0.8115971919614822
seed123_R1_step2000 52 5 8 0.8643609589780681
seed123_R1_step2000 52 5 9 0.8409971409710124
seed123_R1_step2000 52 6 0 0.8131904380279593
seed123_R1_step2000 52 6 1 0.8239999350043945
seed123_R1_step2000 52 6 2 0.829427257005591
seed123_R1_step2000 52 6 3 0.8092867449740879
seed123_R1_step2000 52 6 4 0.8174985370133072
seed123_R1_step2000 52 6 5 0.8197691090172157
seed123_R1_step2000 52 6 6 0.8146711449953727
seed123_R1_step2000 52 6 7 0.856018824968487
seed123_R1_step2000 52 6 8 0.7803392880014144
seed123_R1_step2000 52 6 9 0.8396897380007431
seed123_R1_step2000 52 7 0 0.801143802003935
seed123_R1_step2000 52 7 1 0.8044240070157684
seed123_R1_step2000 52 7 2 0.8110586869879626
seed123_R1_step2000 52 7 3 0.8163024940295145
seed123_R1_step2000 52 7 4 0.845540841051843
seed123_R1_step2000 52 7 5 0.8824517989996821
seed123_R1_step2000 52 7 6 0.821469311020337
seed123_R1_step2000 52 7 7 0.8057525550248101
seed123_R1_step2000 52 7 8 0.8243239290313795
seed123_R1_step2000 52 7 9 0.8431192869902588
seed123_R1_step2000 52 8 0 0.8501978099811822
seed123_R1_step2000 52 8 1 0.847380024031736
seed123_R1_step2000 52 8 2 0.8774996550055221
seed123_R1_step2000 52 8 3 0.9065356170176528
seed123_R1_step2000 52 8 4 0.8471100919996388
seed123_R1_step2000 52 8 5 0.7959772450267337
seed123_R1_step2000 52 8 6 0.8164067580364645
seed123_R1_step2000 52 8 7 0.8233246079762466
seed123_R1_step2000 52 8 8 0.8437267310218886
seed123_R1_step2000 52 8 9 0.8455862299888395
seed123_R1_step2000 52 9 0 0.8811709849978797
seed123_R1_step2000 52 9 1 0.8379686659900472
seed123_R1_step2000 52 9 2 0.8727722680196166
seed123_R1_step2000 52 9 3 0.8470534069929272
seed123_R1_step2000 52 9 4 0.8680318839615211
seed123_R1_step2000 52 9 5 0.8240697369910777
seed123_R1_step2000 52 9 6 0.8369556600227952
seed123_R1_step2000 52 9 7 0.8576862670015544
seed123_R1_step2000 52 9 8 0.8971493630087934
seed123_R1_step2000 52 9 9 0.8765001490246505
seed123_R1_step2000 56 0 0 0.018459192011505365
seed123_R1_step2000 56 0 1 0.017166344041470438
seed123_R1_step2000 56 0 2 0.017140285053756088
seed123_R1_step2000 56 0 3 0.017148210026789457
seed123_R1_step2000 56 0 4 0.01984717999584973
seed123_R1_step2000 56 0 5 0.0192665450158529
seed123_R1_step2000 56 0 6 0.018121525004971772
seed123_R1_step2000 56 0 7 0.01780841499567032
seed123_R1_step2000 56 0 8 0.017636329983361065
seed123_R1_step2000 56 0 9 0.017631691007409245
seed123_R1_step2000 56 1 0 0.017548766045365483
seed123_R1_step2000 56 1 1 0.017508470045868307
seed123_R1_step2000 56 1 2 0.017531082034111023
seed123_R1_step2000 56 1 3 0.01753946702228859
seed123_R1_step2000 56 1 4 0.01865485101006925
seed123_R1_step2000 56 1 5 0.017906098975799978
seed123_R1_step2000 56 1 6 0.018310883024241775
seed123_R1_step2000 56 1 7 0.018256760959047824
seed123_R1_step2000 56 1 8 0.01765412400709465
seed123_R1_step2000 56 1 9 0.01757888199063018
seed123_R1_step2000 56 2 0 0.01734781701816246
seed123_R1_step2000 56 2 1 0.01776439097011462
seed123_R1_step2000 56 2 2 0.017687186016701162
seed123_R1_step2000 56 2 3 0.017500374000519514
seed123_R1_step2000 56 2 4 0.017467251047492027
seed123_R1_step2000 56 2 5 0.017410453991033137
seed123_R1_step2000 56 2 6 0.018231654015835375
seed123_R1_step2000 56 2 7 0.01843423501122743
seed123_R1_step2000 56 2 8 0.01858094200724736
seed123_R1_step2000 56 2 9 0.01808061799965799
seed123_R1_step2000 56 3 0 0.022000281023792922
seed123_R1_step2000 56 3 1 0.0220547629869543
seed123_R1_step2000 56 3 2 0.02198767603840679
seed123_R1_step2000 56 3 3 0.02195999404648319
seed123_R1_step2000 56 3 4 0.022004829021170735
seed123_R1_step2000 56 3 5 0.02199923899024725
seed123_R1_step2000 56 3 6 0.021961788006592542
seed123_R1_step2000 56 3 7 0.021199840994086117
seed123_R1_step2000 56 3 8 0.017285409034229815
seed123_R1_step2000 56 3 9 0.017377773008774966
seed123_R1_step2000 56 4 0 0.01731712801847607
seed123_R1_step2000 56 4 1 0.01714053499745205
seed123_R1_step2000 56 4 2 0.01702898502117023
seed123_R1_step2000 56 4 3 0.016983750043436885
seed123_R1_step2000 56 4 4 0.0169674179633148
seed123_R1_step2000 56 4 5 0.016970786033198237
seed123_R1_step2000 56 4 6 0.01722698798403144
seed123_R1_step2000 56 4 7 0.01727187301730737
seed123_R1_step2000 56 4 8 0.017147929989732802
seed123_R1_step2000 56 4 9 0.017141397984232754
seed123_R1_step2000 56 5 0 0.01713105902308598
seed123_R1_step2000 56 5 1 0.017115799011662602
seed123_R1_step2000 56 5 2 0.017084449995309114
seed123_R1_step2000 56 5 3 0.01724285801174119
seed123_R1_step2000 56 5 4 0.017338489007670432
seed123_R1_step2000 56 5 5 0.01726123399566859
seed123_R1_step2000 56 5 6 0.017276742961257696
seed123_R1_step2000 56 5 7 0.017367323976941407
seed123_R1_step2000 56 5 8 0.01729209301993251
seed123_R1_step2000 56 5 9 0.01727425801800564
seed123_R1_step2000 56 6 0 0.017466941033490002
seed123_R1_step2000 56 6 1 0.01823688397416845
seed123_R1_step2000 56 6 2 0.01731998403556645
seed123_R1_step2000 56 6 3 0.01745550101622939
seed123_R1_step2000 56 6 4 0.01771573000587523
seed123_R1_step2000 56 6 5 0.017790380981750786
seed123_R1_step2000 56 6 6 0.018661094014532864
seed123_R1_step2000 56 6 7 0.01903673104243353
seed123_R1_step2000 56 6 8 0.017248590011149645
seed123_R1_step2000 56 6 9 0.01930392498616129
seed123_R1_step2000 56 7 0 0.018959806999191642
seed123_R1_step2000 56 7 1 0.01800100802211091
seed123_R1_step2000 56 7 2 0.01746238296618685
seed123_R1_step2000 56 7 3 0.019066188018769026
seed123_R1_step2000 56 7 4 0.018321832991205156
seed123_R1_step2000 56 7 5 0.019426567014306784
seed123_R1_step2000 56 7 6 0.019604682980570942
seed123_R1_step2000 56 7 7 0.0182001439970918
seed123_R1_step2000 56 7 8 0.017843200999777764
seed123_R1_step2000 56 7 9 0.017627183988224715
seed123_R1_step2000 56 8 0 0.017528137017507106
seed123_R1_step2000 56 8 1 0.017509652010630816
seed123_R1_step2000 56 8 2 0.017511685960926116
seed123_R1_step2000 56 8 3 0.017474266001954675
seed123_R1_step2000 56 8 4 0.017898877034895122
seed123_R1_step2000 56 8 5 0.01768370997160673
seed123_R1_step2000 56 8 6 0.018069377983920276
seed123_R1_step2000 56 8 7 0.01755418599350378
seed123_R1_step2000 56 8 8 0.01852857298217714
seed123_R1_step2000 56 8 9 0.019068101013544947
seed123_R1_step2000 56 9 0 0.021960736019536853
seed123_R1_step2000 56 9 1 0.021777951973490417
seed123_R1_step2000 56 9 2 0.02175273501779884
seed123_R1_step2000 56 9 3 0.021712247980758548
seed123_R1_step2000 56 9 4 0.022597607981879264
seed123_R1_step2000 56 9 5 0.023232945997733623
seed123_R1_step2000 56 9 6 0.021044588007498533
seed123_R1_step2000 56 9 7 0.017527514952234924
seed123_R1_step2000 56 9 8 0.017265521048102528
seed123_R1_step2000 56 9 9 0.01721695001469925
seed123_R1_step2000 62 0 0 0.2815853820065968
seed123_R1_step2000 62 0 1 0.3022441750508733
seed123_R1_step2000 62 0 2 0.3156629820005037
seed123_R1_step2000 62 0 3 0.282395736023318
seed123_R1_step2000 62 0 4 0.2813034299761057
seed123_R1_step2000 62 0 5 0.28374404297210276
seed123_R1_step2000 62 0 6 0.3256459519616328
seed123_R1_step2000 62 0 7 0.28171537700109184
seed123_R1_step2000 62 0 8 0.29010489903157577
seed123_R1_step2000 62 0 9 0.2862552689621225
seed123_R1_step2000 62 1 0 0.28897278098156676
seed123_R1_step2000 62 1 1 0.28925085900118575
seed123_R1_step2000 62 1 2 0.2873935759998858
seed123_R1_step2000 62 1 3 0.28968253498896956
seed123_R1_step2000 62 1 4 0.27685427700635046
seed123_R1_step2000 62 1 5 0.3044748529791832
seed123_R1_step2000 62 1 6 0.279886857024394
seed123_R1_step2000 62 1 7 0.28681369801051915
seed123_R1_step2000 62 1 8 0.28771119395969436
seed123_R1_step2000 62 1 9 0.27293140697292984
seed123_R1_step2000 62 2 0 0.29284553101751953
seed123_R1_step2000 62 2 1 0.28777307097334415
seed123_R1_step2000 62 2 2 0.2890999939991161
seed123_R1_step2000 62 2 3 0.2823889449937269
seed123_R1_step2000 62 2 4 0.29987112805247307
seed123_R1_step2000 62 2 5 0.2930938759818673
seed123_R1_step2000 62 2 6 0.2935651249717921
seed123_R1_step2000 62 2 7 0.28201352001633495
seed123_R1_step2000 62 2 8 0.285469613969326
seed123_R1_step2000 62 2 9 0.2972217520000413
seed123_R1_step2000 62 3 0 0.2895558619638905
seed123_R1_step2000 62 3 1 0.28650414501316845
seed123_R1_step2000 62 3 2 0.28829408198362216
seed123_R1_step2000 62 3 3 0.28806636296212673
seed123_R1_step2000 62 3 4 0.289279174990952
seed123_R1_step2000 62 3 5 0.2883606069954112
seed123_R1_step2000 62 3 6 0.2997643179842271
seed123_R1_step2000 62 3 7 0.29274107195669785
seed123_R1_step2000 62 3 8 0.2724079039762728
seed123_R1_step2000 62 3 9 0.28526839398546144
seed123_R1_step2000 62 4 0 0.2872497020289302
seed123_R1_step2000 62 4 1 0.2814829180133529
seed123_R1_step2000 62 4 2 0.2793323050136678
seed123_R1_step2000 62 4 3 0.2901866610045545
seed123_R1_step2000 62 4 4 0.29519905702909455
seed123_R1_step2000 62 4 5 0.28796053101541474
seed123_R1_step2000 62 4 6 0.27758694300428033
seed123_R1_step2000 62 4 7 0.2836040129768662
seed123_R1_step2000 62 4 8 0.2854830219876021
seed123_R1_step2000 62 4 9 0.29236562096048146
seed123_R1_step2000 62 5 0 0.2863829149864614
seed123_R1_step2000 62 5 1 0.2797660119831562
seed123_R1_step2000 62 5 2 0.2823672390077263
seed123_R1_step2000 62 5 3 0.28867378598079085
seed123_R1_step2000 62 5 4 0.28263759904075414
seed123_R1_step2000 62 5 5 0.2810727619798854
seed123_R1_step2000 62 5 6 0.29618203901918605
seed123_R1_step2000 62 5 7 0.288675969990436
seed123_R1_step2000 62 5 8 0.2887552189640701
seed123_R1_step2000 62 5 9 0.30205397703684866
seed123_R1_step2000 62 6 0 0.3166072529857047
seed123_R1_step2000 62 6 1 0.288568835996557
seed123_R1_step2000 62 6 2 0.27497579000191763
seed123_R1_step2000 62 6 3 0.2755024859798141
seed123_R1_step2000 62 6 4 0.2726112109958194
seed123_R1_step2000 62 6 5 0.26104073302121833
seed123_R1_step2000 62 6 6 0.28033231699373573
seed123_R1_step2000 62 6 7 0.28674333199160174
seed123_R1_step2000 62 6 8 0.2783965349663049
seed123_R1_step2000 62 6 9 0.28523779596434906
seed123_R1_step2000 62 7 0 0.2777128739980981
seed123_R1_step2000 62 7 1 0.2887245789752342
seed123_R1_step2000 62 7 2 0.2792542520328425
seed123_R1_step2000 62 7 3 0.2748301939573139
seed123_R1_step2000 62 7 4 0.28341548197204247
seed123_R1_step2000 62 7 5 0.31491844804259017
seed123_R1_step2000 62 7 6 0.2777923590037972
seed123_R1_step2000 62 7 7 0.27765920996898785
seed123_R1_step2000 62 7 8 0.2819210920133628
seed123_R1_step2000 62 7 9 0.2825250219902955
seed123_R1_step2000 62 8 0 0.2751060029841028
seed123_R1_step2000 62 8 1 0.2704871179885231
seed123_R1_step2000 62 8 2 0.26600302796578035
seed123_R1_step2000 62 8 3 0.26286528998753056
seed123_R1_step2000 62 8 4 0.26942478300770745
seed123_R1_step2000 62 8 5 0.2673190399655141
seed123_R1_step2000 62 8 6 0.27124085900140926
seed123_R1_step2000 62 8 7 0.28419663797831163
seed123_R1_step2000 62 8 8 0.27213571598986164
seed123_R1_step2000 62 8 9 0.27578110503964126
seed123_R1_step2000 62 9 0 0.2715952460421249
seed123_R1_step2000 62 9 1 0.2742397839901969
seed123_R1_step2000 62 9 2 0.28344261000165716
seed123_R1_step2000 62 9 3 0.27878151403274387
seed123_R1_step2000 62 9 4 0.2907624050276354
seed123_R1_step2000 62 9 5 0.28582827001810074
seed123_R1_step2000 62 9 6 0.2894490319886245
seed123_R1_step2000 62 9 7 0.28855629701865837
seed123_R1_step2000 62 9 8 0.29142199200578034
seed123_R1_step2000 62 9 9 0.28643850999651477
seed123_R1_step2000 64 0 0 0.17377216002205387
seed123_R1_step2000 64 0 1 0.17438912496436387
seed123_R1_step2000 64 0 2 0.17817591299535707
seed123_R1_step2000 64 0 3 0.17036635900149122
seed123_R1_step2000 64 0 4 0.1719832509988919
seed123_R1_step2000 64 0 5 0.1728962730267085
seed123_R1_step2000 64 0 6 0.18081982404692098
seed123_R1_step2000 64 0 7 0.17958596599055454
seed123_R1_step2000 64 0 8 0.16742571501526982
seed123_R1_step2000 64 0 9 0.1665508050355129
seed123_R1_step2000 64 1 0 0.16534701304044574
seed123_R1_step2000 64 1 1 0.16879078198689967
seed123_R1_step2000 64 1 2 0.17002616199897602
seed123_R1_step2000 64 1 3 0.16940950002754107
seed123_R1_step2000 64 1 4 0.1757003149832599
seed123_R1_step2000 64 1 5 0.17203996801981702
seed123_R1_step2000 64 1 6 0.17727149097481743
seed123_R1_step2000 64 1 7 0.17725391598651186
seed123_R1_step2000 64 1 8 0.17680787603603676
seed123_R1_step2000 64 1 9 0.17335148400161415
seed123_R1_step2000 64 2 0 0.1716642350074835
seed123_R1_step2000 64 2 1 0.1819952900405042
seed123_R1_step2000 64 2 2 0.1811263089766726
seed123_R1_step2000 64 2 3 0.17476620903471485
seed123_R1_step2000 64 2 4 0.17233971902169287
seed123_R1_step2000 64 2 5 0.18032398005016148
seed123_R1_step2000 64 2 6 0.17249114095466211
seed123_R1_step2000 64 2 7 0.17527971300296485
seed123_R1_step2000 64 2 8 0.17417250399012119
seed123_R1_step2000 64 2 9 0.17765758000314236
seed123_R1_step2000 64 3 0 0.18053257500287145
seed123_R1_step2000 64 3 1 0.175435300974641
seed123_R1_step2000 64 3 2 0.17433452501427382
seed123_R1_step2000 64 3 3 0.17279109300579876
seed123_R1_step2000 64 3 4 0.17626831401139498
seed123_R1_step2000 64 3 5 0.17038102401420474
seed123_R1_step2000 64 3 6 0.17627996701048687
seed123_R1_step2000 64 3 7 0.17535664996830747
seed123_R1_step2000 64 3 8 0.16861050896113738
seed123_R1_step2000 64 3 9 0.17751422099536285
seed123_R1_step2000 64 4 0 0.1870957319624722
seed123_R1_step2000 64 4 1 0.17522233503405005
seed123_R1_step2000 64 4 2 0.17515480099245906
seed123_R1_step2000 64 4 3 0.17237691098125651
seed123_R1_step2000 64 4 4 0.17651585204293951
seed123_R1_step2000 64 4 5 0.18453165999380872
seed123_R1_step2000 64 4 6 0.17062195000471547
seed123_R1_step2000 64 4 7 0.17041471897391602
seed123_R1_step2000 64 4 8 0.1701596810016781
seed123_R1_step2000 64 4 9 0.16736833500908688
seed123_R1_step2000 64 5 0 0.17208607803331688
seed123_R1_step2000 64 5 1 0.17228878097375855
seed123_R1_step2000 64 5 2 0.18204704602248967
seed123_R1_step2000 64 5 3 0.1806287610088475
seed123_R1_step2000 64 5 4 0.1796207629959099
seed123_R1_step2000 64 5 5 0.18784096697345376
seed123_R1_step2000 64 5 6 0.18012122804066166
seed123_R1_step2000 64 5 7 0.18367040599696338
seed123_R1_step2000 64 5 8 0.174042446014937
seed123_R1_step2000 64 5 9 0.17411487502977252
seed123_R1_step2000 64 6 0 0.1745910370373167
seed123_R1_step2000 64 6 1 0.185712746984791
seed123_R1_step2000 64 6 2 0.1793963550007902
seed123_R1_step2000 64 6 3 0.17515665403334424
seed123_R1_step2000 64 6 4 0.18202774197561666
seed123_R1_step2000 64 6 5 0.1768450650270097
seed123_R1_step2000 64 6 6 0.18928345100721344
seed123_R1_step2000 64 6 7 0.17123040999285877
seed123_R1_step2000 64 6 8 0.17121766600757837
seed123_R1_step2000 64 6 9 0.1839727570186369
seed123_R1_step2000 64 7 0 0.19429133500671014
seed123_R1_step2000 64 7 1 0.16986810398520902
seed123_R1_step2000 64 7 2 0.1654566380311735
seed123_R1_step2000 64 7 3 0.18295512400800362
seed123_R1_step2000 64 7 4 0.1923980150022544
seed123_R1_step2000 64 7 5 0.1718143270118162
seed123_R1_step2000 64 7 6 0.17499449400929734
seed123_R1_step2000 64 7 7 0.1873866540263407
seed123_R1_step2000 64 7 8 0.16838323703268543
seed123_R1_step2000 64 7 9 0.17566973803332075
seed123_R1_step2000 64 8 0 0.17592361802235246
seed123_R1_step2000 64 8 1 0.17219168599694967
seed123_R1_step2000 64 8 2 0.17151126597309485
seed123_R1_step2000 64 8 3 0.18090873199980706
seed123_R1_step2000 64 8 4 0.17266838997602463
seed123_R1_step2000 64 8 5 0.1661122160148807
seed123_R1_step2000 64 8 6 0.16288225899916142
seed123_R1_step2000 64 8 7 0.17479166999692097
seed123_R1_step2000 64 8 8 0.18436677398858592
seed123_R1_step2000 64 8 9 0.1850058909622021
seed123_R1_step2000 64 9 0 0.17751614499138668
seed123_R1_step2000 64 9 1 0.18196034396532923
seed123_R1_step2000 64 9 2 0.17805991100613028
seed123_R1_step2000 64 9 3 0.17901209299452603
seed123_R1_step2000 64 9 4 0.17826074501499534
seed123_R1_step2000 64 9 5 0.1769082830287516
seed123_R1_step2000 64 9 6 0.17677463102154434
seed123_R1_step2000 64 9 7 0.19318010500865057
seed123_R1_step2000 64 9 8 0.18343722802819684
seed123_R1_step2000 64 9 9 0.17539479199331254
seed123_R1_step2000 69 0 0 0.4923225820530206
seed123_R1_step2000 69 0 1 0.5128468089969829
seed123_R1_step2000 69 0 2 0.5121560840052553
seed123_R1_step2000 69 0 3 0.5404529829975218
seed123_R1_step2000 69 0 4 0.5034714380162768
seed123_R1_step2000 69 0 5 0.5429609260172583
seed123_R1_step2000 69 0 6 0.524576639989391
seed123_R1_step2000 69 0 7 0.5358507329947315
seed123_R1_step2000 69 0 8 0.515347205044236
seed123_R1_step2000 69 0 9 0.5058962290058844
seed123_R1_step2000 69 1 0 0.5195384320104495
seed123_R1_step2000 69 1 1 0.5252166960272007
seed123_R1_step2000 69 1 2 0.5095472169923596
seed123_R1_step2000 69 1 3 0.5163727080216631
seed123_R1_step2000 69 1 4 0.5128409820026718
seed123_R1_step2000 69 1 5 0.5072319990140386
seed123_R1_step2000 69 1 6 0.5126842629979365
seed123_R1_step2000 69 1 7 0.5089374030358158
seed123_R1_step2000 69 1 8 0.5285017679561861
seed123_R1_step2000 69 1 9 0.4888824400259182
seed123_R1_step2000 69 2 0 0.4908248180290684
seed123_R1_step2000 69 2 1 0.49766405299305916
seed123_R1_step2000 69 2 2 0.5353128690039739
seed123_R1_step2000 69 2 3 0.5222050769953057
seed123_R1_step2000 69 2 4 0.5105797040159814
seed123_R1_step2000 69 2 5 0.5088542189914733
seed123_R1_step2000 69 2 6 0.5140990749932826
seed123_R1_step2000 69 2 7 0.5362682879786007
seed123_R1_step2000 69 2 8 0.5307282059802674
seed123_R1_step2000 69 2 9 0.5002834390033968
seed123_R1_step2000 69 3 0 0.5139069349970669
seed123_R1_step2000 69 3 1 0.5284999660216272
seed123_R1_step2000 69 3 2 0.5516508219880052
seed123_R1_step2000 69 3 3 0.5422828929731622
seed123_R1_step2000 69 3 4 0.5174375570495613
seed123_R1_step2000 69 3 5 0.5407255589962006
seed123_R1_step2000 69 3 6 0.5181749549810775
seed123_R1_step2000 69 3 7 0.5000154019799083
seed123_R1_step2000 69 3 8 0.5000602600048296
seed123_R1_step2000 69 3 9 0.5016321699949913
seed123_R1_step2000 69 4 0 0.5124905149568804
seed123_R1_step2000 69 4 1 0.5224570240243338
seed123_R1_step2000 69 4 2 0.5207875570049509
seed123_R1_step2000 69 4 3 0.5414290330372751
seed123_R1_step2000 69 4 4 0.5443326999666169
seed123_R1_step2000 69 4 5 0.5334690909949131
seed123_R1_step2000 69 4 6 0.5251202789950185
seed123_R1_step2000 69 4 7 0.5001491229631938
seed123_R1_step2000 69 4 8 0.5154038890032098
seed123_R1_step2000 69 4 9 0.4883604590431787
seed123_R1_step2000 69 5 0 0.5014438839862123
seed123_R1_step2000 69 5 1 0.4815609939978458
seed123_R1_step2000 69 5 2 0.5062550730071962
seed123_R1_step2000 69 5 3 0.5199795640073717
seed123_R1_step2000 69 5 4 0.5233346589957364
seed123_R1_step2000 69 5 5 0.5125325269764289
seed123_R1_step2000 69 5 6 0.5251694599865004
seed123_R1_step2000 69 5 7 0.5144135960144922
seed123_R1_step2000 69 5 8 0.5139086609706283
seed123_R1_step2000 69 5 9 0.5185870929853991
seed123_R1_step2000 69 6 0 0.502459085022565
seed123_R1_step2000 69 6 1 0.478263451019302
seed123_R1_step2000 69 6 2 0.48784682602854446
seed123_R1_step2000 69 6 3 0.4784509180462919
seed123_R1_step2000 69 6 4 0.47390862699830905
seed123_R1_step2000 69 6 5 0.5229488129843958
seed123_R1_step2000 69 6 6 0.5445101120276377
seed123_R1_step2000 69 6 7 0.5263458960107528
seed123_R1_step2000 69 6 8 0.5172186470008455
seed123_R1_step2000 69 6 9 0.5318841719999909
seed123_R1_step2000 69 7 0 0.5223186429939233
seed123_R1_step2000 69 7 1 0.4968649030197412
seed123_R1_step2000 69 7 2 0.5435911130043678
seed123_R1_step2000 69 7 3 0.5002403539838269
seed123_R1_step2000 69 7 4 0.49426818697247654
seed123_R1_step2000 69 7 5 0.49630452500423416
seed123_R1_step2000 69 7 6 0.4977438859641552
seed123_R1_step2000 69 7 7 0.5273735579685308
seed123_R1_step2000 69 7 8 0.5196891180239618
seed123_R1_step2000 69 7 9 0.5204784310190007
seed123_R1_step2000 69 8 0 0.5370113389799371
seed123_R1_step2000 69 8 1 0.5363283340120688
seed123_R1_step2000 69 8 2 0.5093945240369067
seed123_R1_step2000 69 8 3 0.5302060959511437
seed123_R1_step2000 69 8 4 0.506413179973606
seed123_R1_step2000 69 8 5 0.49396659299964085
seed123_R1_step2000 69 8 6 0.5652884879964404
seed123_R1_step2000 69 8 7 0.5203685849555768
seed123_R1_step2000 69 8 8 0.5032103710109368
seed123_R1_step2000 69 8 9 0.551012370036915
seed123_R1_step2000 69 9 0 0.5380361080169678
seed123_R1_step2000 69 9 1 0.5171733499737456
seed123_R1_step2000 69 9 2 0.49660616903565824
seed123_R1_step2000 69 9 3 0.4965508399764076
seed123_R1_step2000 69 9 4 0.5194403739878908
seed123_R1_step2000 69 9 5 0.5105120450025424
seed123_R1_step2000 69 9 6 0.5131436660303734
seed123_R1_step2000 69 9 7 0.5288328069727868
seed123_R1_step2000 69 9 8 0.5116896049585193
seed123_R1_step2000 69 9 9 0.5267062949715182
seed123_R1_step2000 74 0 0 0.7068932609981857
seed123_R1_step2000 74 0 1 0.7376456740312278
seed123_R1_step2000 74 0 2 0.722421147977002
seed123_R1_step2000 74 0 3 0.74046019295929
seed123_R1_step2000 74 0 4 0.6965860460186377
seed123_R1_step2000 74 0 5 0.7004152209847234
seed123_R1_step2000 74 0 6 0.6996199020068161
seed123_R1_step2000 74 0 7 0.7022520219907165
seed123_R1_step2000 74 0 8 0.7454609709675424
seed123_R1_step2000 74 0 9 0.7232629289501347
seed123_R1_step2000 74 1 0 0.7132427070173435
seed123_R1_step2000 74 1 1 0.733352291979827
seed123_R1_step2000 74 1 2 0.7206400370341726
seed123_R1_step2000 74 1 3 0.7053299870458432
seed123_R1_step2000 74 1 4 0.7237853619735688
seed123_R1_step2000 74 1 5 0.7317869029939175
seed123_R1_step2000 74 1 6 0.7450673959683627
seed123_R1_step2000 74 1 7 0.7424124369863421
seed123_R1_step2000 74 1 8 0.7251099330023862
seed123_R1_step2000 74 1 9 0.7027329460252076
seed123_R1_step2000 74 2 0 0.7280721339629963
seed123_R1_step2000 74 2 1 0.7150703269871883
seed123_R1_step2000 74 2 2 0.7339036039775237
seed123_R1_step2000 74 2 3 0.7258070079842582
seed123_R1_step2000 74 2 4 0.7419245850178413
seed123_R1_step2000 74 2 5 0.7715037449961528
seed123_R1_step2000 74 2 6 0.766749907983467
seed123_R1_step2000 74 2 7 0.771747304010205
seed123_R1_step2000 74 2 8 0.7036337540484965
seed123_R1_step2000 74 2 9 0.6800502690020949
seed123_R1_step2000 74 3 0 0.6998009500093758
seed123_R1_step2000 74 3 1 0.6740818110411055
seed123_R1_step2000 74 3 2 0.6882642980199307
seed123_R1_step2000 74 3 3 0.7176930900313891
seed123_R1_step2000 74 3 4 0.7394247670308687
seed123_R1_step2000 74 3 5 0.7103325269999914
seed123_R1_step2000 74 3 6 0.6908257300383411
seed123_R1_step2000 74 3 7 0.7427556649781764
seed123_R1_step2000 74 3 8 0.733887049020268
seed123_R1_step2000 74 3 9 0.7373335790471174
seed123_R1_step2000 74 4 0 0.7404374580364674
seed123_R1_step2000 74 4 1 0.7507024210062809
seed123_R1_step2000 74 4 2 0.7317564800032414
seed123_R1_step2000 74 4 3 0.719436704996042
seed123_R1_step2000 74 4 4 0.724409204965923
seed123_R1_step2000 74 4 5 0.708593345945701
seed123_R1_step2000 74 4 6 0.7060300059965812
seed123_R1_step2000 74 4 7 0.7396643880056217
seed123_R1_step2000 74 4 8 0.7544035269529559
seed123_R1_step2000 74 4 9 0.7256502469535917
seed123_R1_step2000 74 5 0 0.7432983180042356
seed123_R1_step2000 74 5 1 0.7134056859649718
seed123_R1_step2000 74 5 2 0.7161233339575119
seed123_R1_step2000 74 5 3 0.7186749170068651
seed123_R1_step2000 74 5 4 0.7197004539775662
seed123_R1_step2000 74 5 5 0.7151665859855711
seed123_R1_step2000 74 5 6 0.7409045950043947
seed123_R1_step2000 74 5 7 0.7353448109934106
seed123_R1_step2000 74 5 8 0.7403598469682038
seed123_R1_step2000 74 5 9 0.6894959789933637
seed123_R1_step2000 74 6 0 0.7492586210137233
seed123_R1_step2000 74 6 1 0.7353991919662803
seed123_R1_step2000 74 6 2 0.7522028480307199
seed123_R1_step2000 74 6 3 0.7965871689957567
seed123_R1_step2000 74 6 4 0.8039828129694797
seed123_R1_step2000 74 6 5 0.7376428479910828
seed123_R1_step2000 74 6 6 0.7256598050007597
seed123_R1_step2000 74 6 7 0.7175823069992475
seed123_R1_step2000 74 6 8 0.7439727250020951
seed123_R1_step2000 74 6 9 0.7556395549909212
seed123_R1_step2000 74 7 0 0.7268803570186719
seed123_R1_step2000 74 7 1 0.8029584640171379
seed123_R1_step2000 74 7 2 0.7513511910219677
seed123_R1_step2000 74 7 3 0.7273668860434555
seed123_R1_step2000 74 7 4 0.752177604008466
seed123_R1_step2000 74 7 5 0.7212722210097127
seed123_R1_step2000 74 7 6 0.7309610089869238
seed123_R1_step2000 74 7 7 0.7288177839946002
seed123_R1_step2000 74 7 8 0.7049612159607932
seed123_R1_step2000 74 7 9 0.7220515169901773
seed123_R1_step2000 74 8 0 0.7667043060064316
seed123_R1_step2000 74 8 1 0.7291672500432469
seed123_R1_step2000 74 8 2 0.7378722690045834
seed123_R1_step2000 74 8 3 0.759485071990639
seed123_R1_step2000 74 8 4 0.7309697429882362
seed123_R1_step2000 74 8 5 0.7512431800132617
seed123_R1_step2000 74 8 6 0.7870037550455891
seed123_R1_step2000 74 8 7 0.7229961400153115
seed123_R1_step2000 74 8 8 0.7433823870378546
seed123_R1_step2000 74 8 9 0.7539660150068812
seed123_R1_step2000 74 9 0 0.7405497299623676
seed123_R1_step2000 74 9 1 0.7485261139809154
seed123_R1_step2000 74 9 2 0.7425199809949845
seed123_R1_step2000 74 9 3 0.7415320500149392
seed123_R1_step2000 74 9 4 0.7220691909897141
seed123_R1_step2000 74 9 5 0.7208775079925545
seed123_R1_step2000 74 9 6 0.7458037949982099
seed123_R1_step2000 74 9 7 0.723946831014473
seed123_R1_step2000 74 9 8 0.7287545440485701
seed123_R1_step2000 74 9 9 0.7098678419715725
seed123_R1_step2000 78 0 0 1.2719667659839615
seed123_R1_step2000 78 0 1 1.1849080990068614
seed123_R1_step2000 78 0 2 1.2200600240030326
seed123_R1_step2000 78 0 3 1.194834385998547
seed123_R1_step2000 78 0 4 1.2689785860129632
seed123_R1_step2000 78 0 5 1.1939795129583217
seed123_R1_step2000 78 0 6 1.1751072769984603
seed123_R1_step2000 78 0 7 1.1296254679909907
seed123_R1_step2000 78 0 8 1.236912103020586
seed123_R1_step2000 78 0 9 1.2048635429819115
seed123_R1_step2000 78 1 0 1.159325614979025
seed123_R1_step2000 78 1 1 1.1855994669604115
seed123_R1_step2000 78 1 2 1.1832574490108527
seed123_R1_step2000 78 1 3 1.1832615289604291
seed123_R1_step2000 78 1 4 1.1439758999622427
seed123_R1_step2000 78 1 5 1.1401929690036923
seed123_R1_step2000 78 1 6 1.1323242359794676
seed123_R1_step2000 78 1 7 1.201890915981494
seed123_R1_step2000 78 1 8 1.2093366399640217
seed123_R1_step2000 78 1 9 1.1926287520327605
seed123_R1_step2000 78 2 0 1.201305749011226
seed123_R1_step2000 78 2 1 1.2116484270081855
seed123_R1_step2000 78 2 2 1.2079388920101337
seed123_R1_step2000 78 2 3 1.2103065160335973
seed123_R1_step2000 78 2 4 1.2423451209906489
seed123_R1_step2000 78 2 5 1.2644326419685967
seed123_R1_step2000 78 2 6 1.2225526350084692
seed123_R1_step2000 78 2 7 1.1614619829924777
seed123_R1_step2000 78 2 8 1.1999236410483718
seed123_R1_step2000 78 2 9 1.2206648219726048
seed123_R1_step2000 78 3 0 1.175266474019736
seed123_R1_step2000 78 3 1 1.210475744039286
seed123_R1_step2000 78 3 2 1.2358090420020744
seed123_R1_step2000 78 3 3 1.1835056149866432
seed123_R1_step2000 78 3 4 1.1862486869795248
seed123_R1_step2000 78 3 5 1.2770232479670085
seed123_R1_step2000 78 3 6 1.2484823259874247
seed123_R1_step2000 78 3 7 1.2196085309842601
seed123_R1_step2000 78 3 8 1.2479382430319674
seed123_R1_step2000 78 3 9 1.2231773629901
seed123_R1_step2000 78 4 0 1.2473429269739427
seed123_R1_step2000 78 4 1 1.2405282860272564
seed123_R1_step2000 78 4 2 1.1842630699975416
seed123_R1_step2000 78 4 3 1.2206599519704469
seed123_R1_step2000 78 4 4 1.2065957420272753
seed123_R1_step2000 78 4 5 1.2228034309810027
seed123_R1_step2000 78 4 6 1.1986381470342167
seed123_R1_step2000 78 4 7 1.1920791860320605
seed123_R1_step2000 78 4 8 1.236790124035906
seed123_R1_step2000 78 4 9 1.2370187109918334
seed123_R1_step2000 78 5 0 1.1934776789858006
seed123_R1_step2000 78 5 1 1.18136622995371
seed123_R1_step2000 78 5 2 1.209286623983644
seed123_R1_step2000 78 5 3 1.168212721007876
seed123_R1_step2000 78 5 4 1.1121998190064915
seed123_R1_step2000 78 5 5 1.155967564031016
seed123_R1_step2000 78 5 6 1.1559316339553334
seed123_R1_step2000 78 5 7 1.1391716439975426
seed123_R1_step2000 78 5 8 1.1510221079806797
seed123_R1_step2000 78 5 9 1.1650017540086992
seed123_R1_step2000 78 6 0 1.1692451549461111
seed123_R1_step2000 78 6 1 1.2038661369588226
seed123_R1_step2000 78 6 2 1.199185217032209
seed123_R1_step2000 78 6 3 1.2087592969764955
seed123_R1_step2000 78 6 4 1.2264068790245801
seed123_R1_step2000 78 6 5 1.23355561302742
seed123_R1_step2000 78 6 6 1.2132462129811756
seed123_R1_step2000 78 6 7 1.2529165880405344
seed123_R1_step2000 78 6 8 1.2010997139732353
seed123_R1_step2000 78 6 9 1.1697789120371453
seed123_R1_step2000 78 7 0 1.2208909370237961
seed123_R1_step2000 78 7 1 1.2064395210472867
seed123_R1_step2000 78 7 2 1.2286944160005078
seed123_R1_step2000 78 7 3 1.1655948560219258
seed123_R1_step2000 78 7 4 1.2018528699991293
seed123_R1_step2000 78 7 5 1.219245693006087
seed123_R1_step2000 78 7 6 1.1905366859864444
seed123_R1_step2000 78 7 7 1.1805563020170666
seed123_R1_step2000 78 7 8 1.220929627015721
seed123_R1_step2000 78 7 9 1.2531872050021775
seed123_R1_step2000 78 8 0 1.1340333700063638
seed123_R1_step2000 78 8 1 1.20059093501186
seed123_R1_step2000 78 8 2 1.246661969984416
seed123_R1_step2000 78 8 3 1.1927154529839754
seed123_R1_step2000 78 8 4 1.2106765470234677
seed123_R1_step2000 78 8 5 1.1248140819952823
seed123_R1_step2000 78 8 6 1.093511285027489
seed123_R1_step2000 78 8 7 1.1104363800259307
seed123_R1_step2000 78 8 8 1.1491025389987044
seed123_R1_step2000 78 8 9 1.2322643320076168
seed123_R1_step2000 78 9 0 1.1618893139529973
seed123_R1_step2000 78 9 1 1.1948640319751576
seed123_R1_step2000 78 9 2 1.2044767699553631
seed123_R1_step2000 78 9 3 1.1943435019929893
seed123_R1_step2000 78 9 4 1.193356790987309
seed123_R1_step2000 78 9 5 1.1902267329860479
seed123_R1_step2000 78 9 6 1.1564231860102154
seed123_R1_step2000 78 9 7 1.230502507998608
seed123_R1_step2000 78 9 8 1.2407657600124367
seed123_R1_step2000 78 9 9 1.2251819299999624
{'model': 'seed123_R1_step2000', 'completed_pairs': 2000, 'requested_pairs': 2000, 'completed': True, 'complete_source_count': 20, 'FRD': 283.2010320836316, 'new_pairs': 2000, 'wall_seconds': 479.1328856989858}
