seed123_R2_step2000 0 0 0 0.872436037985608
seed123_R2_step2000 0 0 1 0.08362574799684808
seed123_R2_step2000 0 0 2 0.08343777997652069
seed123_R2_step2000 0 0 3 0.08319720398867503
seed123_R2_step2000 0 0 4 0.09153382398653775
seed123_R2_step2000 0 0 5 0.09054142702370882
seed123_R2_step2000 0 0 6 0.08808955497806892
seed123_R2_step2000 0 0 7 0.08635972696356475
seed123_R2_step2000 0 0 8 0.08711588400183246
seed123_R2_step2000 0 0 9 0.08697928499896079
seed123_R2_step2000 0 1 0 0.08787051902618259
seed123_R2_step2000 0 1 1 0.08666500699473545
seed123_R2_step2000 0 1 2 0.08663014997728169
seed123_R2_step2000 0 1 3 0.08667925396002829
seed123_R2_step2000 0 1 4 0.09121686196886003
seed123_R2_step2000 0 1 5 0.08992950402898714
seed123_R2_step2000 0 1 6 0.08630398096283898
seed123_R2_step2000 0 1 7 0.08927143301116303
seed123_R2_step2000 0 1 8 0.09101825399557129
seed123_R2_step2000 0 1 9 0.08982314204331487
seed123_R2_step2000 0 2 0 0.08913097600452602
seed123_R2_step2000 0 2 1 0.08685185201466084
seed123_R2_step2000 0 2 2 0.08653230598429218
seed123_R2_step2000 0 2 3 0.0873579650069587
seed123_R2_step2000 0 2 4 0.0896500630187802
seed123_R2_step2000 0 2 5 0.0896883059758693
seed123_R2_step2000 0 2 6 0.08734283602098003
seed123_R2_step2000 0 2 7 0.0869653690024279
seed123_R2_step2000 0 2 8 0.08824389998335391
seed123_R2_step2000 0 2 9 0.08795834699412808
seed123_R2_step2000 0 3 0 0.09072338498663157
seed123_R2_step2000 0 3 1 0.08745243499288335
seed123_R2_step2000 0 3 2 0.08731485402677208
seed123_R2_step2000 0 3 3 0.08674773602979258
seed123_R2_step2000 0 3 4 0.08689938398310915
seed123_R2_step2000 0 3 5 0.08765611203853041
seed123_R2_step2000 0 3 6 0.08599997399142012
seed123_R2_step2000 0 3 7 0.08883886999683455
seed123_R2_step2000 0 3 8 0.0896499440423213
seed123_R2_step2000 0 3 9 0.0860816189670004
seed123_R2_step2000 0 4 0 0.0873926819767803
seed123_R2_step2000 0 4 1 0.08666672097751871
seed123_R2_step2000 0 4 2 0.0862262140144594
seed123_R2_step2000 0 4 3 0.08809966500848532
seed123_R2_step2000 0 4 4 0.08673522196477279
seed123_R2_step2000 0 4 5 0.08916384901385754
seed123_R2_step2000 0 4 6 0.09001337405061349
seed123_R2_step2000 0 4 7 0.08850574801908806
seed123_R2_step2000 0 4 8 0.08745018095942214
seed123_R2_step2000 0 4 9 0.0872792869922705
seed123_R2_step2000 0 5 0 0.08765406894963235
seed123_R2_step2000 0 5 1 0.08766121295047924
seed123_R2_step2000 0 5 2 0.09291903901612386
seed123_R2_step2000 0 5 3 0.09097439202014357
seed123_R2_step2000 0 5 4 0.09511358197778463
seed123_R2_step2000 0 5 5 0.08867257600650191
seed123_R2_step2000 0 5 6 0.09095887298462912
seed123_R2_step2000 0 5 7 0.09027251799125224
seed123_R2_step2000 0 5 8 0.08977984997909516
seed123_R2_step2000 0 5 9 0.08814839902333915
seed123_R2_step2000 0 6 0 0.08773979300167412
seed123_R2_step2000 0 6 1 0.0886340020224452
seed123_R2_step2000 0 6 2 0.08772154804319143
seed123_R2_step2000 0 6 3 0.08908554102526978
seed123_R2_step2000 0 6 4 0.08800146001158282
seed123_R2_step2000 0 6 5 0.08750467601930723
seed123_R2_step2000 0 6 6 0.08862631698139012
seed123_R2_step2000 0 6 7 0.09089874901110306
seed123_R2_step2000 0 6 8 0.08889502903912216
seed123_R2_step2000 0 6 9 0.08824872999684885
seed123_R2_step2000 0 7 0 0.08737991796806455
seed123_R2_step2000 0 7 1 0.0870596399763599
seed123_R2_step2000 0 7 2 0.09284758399007842
seed123_R2_step2000 0 7 3 0.09168672701343894
seed123_R2_step2000 0 7 4 0.09234372602077201
seed123_R2_step2000 0 7 5 0.09703963401261717
seed123_R2_step2000 0 7 6 0.09601252200081944
seed123_R2_step2000 0 7 7 0.09716044395463541
seed123_R2_step2000 0 7 8 0.09984118095599115
seed123_R2_step2000 0 7 9 0.09524445101851597
seed123_R2_step2000 0 8 0 0.09240265801781788
seed123_R2_step2000 0 8 1 0.08974917302839458
seed123_R2_step2000 0 8 2 0.09186854300787672
seed123_R2_step2000 0 8 3 0.09954857605043799
seed123_R2_step2000 0 8 4 0.09387489699292928
seed123_R2_step2000 0 8 5 0.09898912196513265
seed123_R2_step2000 0 8 6 0.09795259102247655
seed123_R2_step2000 0 8 7 0.09731982799712569
seed123_R2_step2000 0 8 8 0.09214677201816812
seed123_R2_step2000 0 8 9 0.0919702269602567
seed123_R2_step2000 0 9 0 0.09037142602028325
seed123_R2_step2000 0 9 1 0.09112294600345194
seed123_R2_step2000 0 9 2 0.09269398200558499
seed123_R2_step2000 0 9 3 0.09051067096879706
seed123_R2_step2000 0 9 4 0.0914428640389815
seed123_R2_step2000 0 9 5 0.09224345599068329
seed123_R2_step2000 0 9 6 0.09127248998265713
seed123_R2_step2000 0 9 7 0.0985318929888308
seed123_R2_step2000 0 9 8 0.09409255196806043
seed123_R2_step2000 0 9 9 0.09667750698281452
seed123_R2_step2000 6 0 0 0.15707377099897712
seed123_R2_step2000 6 0 1 0.1605990040116012
seed123_R2_step2000 6 0 2 0.1438277559936978
seed123_R2_step2000 6 0 3 0.14369612699374557
seed123_R2_step2000 6 0 4 0.14271009102230892
seed123_R2_step2000 6 0 5 0.14769584097666666
seed123_R2_step2000 6 0 6 0.14663872099481523
seed123_R2_step2000 6 0 7 0.14261414902284741
seed123_R2_step2000 6 0 8 0.1459949869895354
seed123_R2_step2000 6 0 9 0.14209288801066577
seed123_R2_step2000 6 1 0 0.1415781700052321
seed123_R2_step2000 6 1 1 0.14840991899836808
seed123_R2_step2000 6 1 2 0.14518907497404143
seed123_R2_step2000 6 1 3 0.14231215498875827
seed123_R2_step2000 6 1 4 0.15075467800488696
seed123_R2_step2000 6 1 5 0.14303819596534595
seed123_R2_step2000 6 1 6 0.14465301600284874
seed123_R2_step2000 6 1 7 0.14814634900540113
seed123_R2_step2000 6 1 8 0.1426659090211615
seed123_R2_step2000 6 1 9 0.14310236898018047
seed123_R2_step2000 6 2 0 0.15000263799447566
seed123_R2_step2000 6 2 1 0.14700772397918627
seed123_R2_step2000 6 2 2 0.1496111630112864
seed123_R2_step2000 6 2 3 0.14722537802299485
seed123_R2_step2000 6 2 4 0.14671775297028944
seed123_R2_step2000 6 2 5 0.1448899179813452
seed123_R2_step2000 6 2 6 0.1500706779770553
seed123_R2_step2000 6 2 7 0.14727814897196367
seed123_R2_step2000 6 2 8 0.14582960400730371
seed123_R2_step2000 6 2 9 0.15105213300557807
seed123_R2_step2000 6 3 0 0.14447685302002355
seed123_R2_step2000 6 3 1 0.14314516098238528
seed123_R2_step2000 6 3 2 0.1464788700104691
seed123_R2_step2000 6 3 3 0.14537579199532047
seed123_R2_step2000 6 3 4 0.1430626239744015
seed123_R2_step2000 6 3 5 0.147207165020518
seed123_R2_step2000 6 3 6 0.14379162003751844
seed123_R2_step2000 6 3 7 0.14456385903758928
seed123_R2_step2000 6 3 8 0.1470936489640735
seed123_R2_step2000 6 3 9 0.14973808702779934
seed123_R2_step2000 6 4 0 0.14420039800461382
seed123_R2_step2000 6 4 1 0.14673524699173868
seed123_R2_step2000 6 4 2 0.14775072800694034
seed123_R2_step2000 6 4 3 0.1443340330151841
seed123_R2_step2000 6 4 4 0.1488024479476735
seed123_R2_step2000 6 4 5 0.14473241002997383
seed123_R2_step2000 6 4 6 0.14530592900700867
seed123_R2_step2000 6 4 7 0.14327984798001125
seed123_R2_step2000 6 4 8 0.14853365701856092
seed123_R2_step2000 6 4 9 0.14718351000919938
seed123_R2_step2000 6 5 0 0.14656796102644876
seed123_R2_step2000 6 5 1 0.14880234899464995
seed123_R2_step2000 6 5 2 0.14395022299140692
seed123_R2_step2000 6 5 3 0.14787663897732273
seed123_R2_step2000 6 5 4 0.1476410410250537
seed123_R2_step2000 6 5 5 0.14710795698920265
seed123_R2_step2000 6 5 6 0.1431958990287967
seed123_R2_step2000 6 5 7 0.14659041300183162
seed123_R2_step2000 6 5 8 0.15339445997960865
seed123_R2_step2000 6 5 9 0.14516069600358605
seed123_R2_step2000 6 6 0 0.15016839699819684
seed123_R2_step2000 6 6 1 0.14865029999054968
seed123_R2_step2000 6 6 2 0.14749166701221839
seed123_R2_step2000 6 6 3 0.14786928502144292
seed123_R2_step2000 6 6 4 0.14526413305429742
seed123_R2_step2000 6 6 5 0.14582230296218768
seed123_R2_step2000 6 6 6 0.14608531299745664
seed123_R2_step2000 6 6 7 0.15783152903895825
seed123_R2_step2000 6 6 8 0.14523748197825626
seed123_R2_step2000 6 6 9 0.1439679290051572
seed123_R2_step2000 6 7 0 0.14682737598195672
seed123_R2_step2000 6 7 1 0.14211755996802822
seed123_R2_step2000 6 7 2 0.1408613320090808
seed123_R2_step2000 6 7 3 0.14400930696865544
seed123_R2_step2000 6 7 4 0.15018681302899495
seed123_R2_step2000 6 7 5 0.1426344429492019
seed123_R2_step2000 6 7 6 0.14295223698718473
seed123_R2_step2000 6 7 7 0.14713898801710457
seed123_R2_step2000 6 7 8 0.15451842901529744
seed123_R2_step2000 6 7 9 0.15194022801006213
seed123_R2_step2000 6 8 0 0.1480453420081176
seed123_R2_step2000 6 8 1 0.14626827300526202
seed123_R2_step2000 6 8 2 0.14554862503428012
seed123_R2_step2000 6 8 3 0.14298946800408885
seed123_R2_step2000 6 8 4 0.148630894953385
seed123_R2_step2000 6 8 5 0.14395448402501643
seed123_R2_step2000 6 8 6 0.1440603060182184
seed123_R2_step2000 6 8 7 0.1472335280268453
seed123_R2_step2000 6 8 8 0.1465101030189544
seed123_R2_step2000 6 8 9 0.14795201498782262
seed123_R2_step2000 6 9 0 0.15405894600553438
seed123_R2_step2000 6 9 1 0.14474673999939114
seed123_R2_step2000 6 9 2 0.1447447479586117
seed123_R2_step2000 6 9 3 0.1453743940219283
seed123_R2_step2000 6 9 4 0.1496211490011774
seed123_R2_step2000 6 9 5 0.1651225629611872
seed123_R2_step2000 6 9 6 0.14256995200412348
seed123_R2_step2000 6 9 7 0.14583047199994326
seed123_R2_step2000 6 9 8 0.14176532300189137
seed123_R2_step2000 6 9 9 0.1486552630085498
seed123_R2_step2000 9 0 0 0.05157020495971665
seed123_R2_step2000 9 0 1 0.04210404702462256
seed123_R2_step2000 9 0 2 0.04546563798794523
seed123_R2_step2000 9 0 3 0.043475513986777514
seed123_R2_step2000 9 0 4 0.042964552994817495
seed123_R2_step2000 9 0 5 0.04128764499910176
seed123_R2_step2000 9 0 6 0.04192481597419828
seed123_R2_step2000 9 0 7 0.04228858801070601
seed123_R2_step2000 9 0 8 0.044724348990712315
seed123_R2_step2000 9 0 9 0.04346925299614668
seed123_R2_step2000 9 1 0 0.044155987969134
seed123_R2_step2000 9 1 1 0.04273450601613149
seed123_R2_step2000 9 1 2 0.041894237976521254
seed123_R2_step2000 9 1 3 0.0427735400153324
seed123_R2_step2000 9 1 4 0.04256997199263424
seed123_R2_step2000 9 1 5 0.04415863298345357
seed123_R2_step2000 9 1 6 0.04385140904923901
seed123_R2_step2000 9 1 7 0.04194683802779764
seed123_R2_step2000 9 1 8 0.041754010948352516
seed123_R2_step2000 9 1 9 0.04170882498146966
seed123_R2_step2000 9 2 0 0.04253247199812904
seed123_R2_step2000 9 2 1 0.04172940395073965
seed123_R2_step2000 9 2 2 0.04175475297961384
seed123_R2_step2000 9 2 3 0.0419290839927271
seed123_R2_step2000 9 2 4 0.04300633299862966
seed123_R2_step2000 9 2 5 0.04536642099265009
seed123_R2_step2000 9 2 6 0.04313018801622093
seed123_R2_step2000 9 2 7 0.04200303502148017
seed123_R2_step2000 9 2 8 0.04145111603429541
seed123_R2_step2000 9 2 9 0.04268096399027854
seed123_R2_step2000 9 3 0 0.04132951400242746
seed123_R2_step2000 9 3 1 0.04128321597818285
seed123_R2_step2000 9 3 2 0.04239188396604732
seed123_R2_step2000 9 3 3 0.04185081605101004
seed123_R2_step2000 9 3 4 0.04182724002748728
seed123_R2_step2000 9 3 5 0.04523022996727377
seed123_R2_step2000 9 3 6 0.04340673401020467
seed123_R2_step2000 9 3 7 0.044577250024303794
seed123_R2_step2000 9 3 8 0.04371049097971991
seed123_R2_step2000 9 3 9 0.042616321006789804
seed123_R2_step2000 9 4 0 0.041972386999987066
seed123_R2_step2000 9 4 1 0.04108029103372246
seed123_R2_step2000 9 4 2 0.04220438899938017
seed123_R2_step2000 9 4 3 0.04403218301013112
seed123_R2_step2000 9 4 4 0.041956447006668895
seed123_R2_step2000 9 4 5 0.041331187007017434
seed123_R2_step2000 9 4 6 0.040790570026729256
seed123_R2_step2000 9 4 7 0.041412452002987266
seed123_R2_step2000 9 4 8 0.04265142802614719
seed123_R2_step2000 9 4 9 0.04196336003951728
seed123_R2_step2000 9 5 0 0.04211668000789359
seed123_R2_step2000 9 5 1 0.0411029530223459
seed123_R2_step2000 9 5 2 0.04140989703591913
seed123_R2_step2000 9 5 3 0.04442958900472149
seed123_R2_step2000 9 5 4 0.0419497030088678
seed123_R2_step2000 9 5 5 0.04276603600010276
seed123_R2_step2000 9 5 6 0.0420987069956027
seed123_R2_step2000 9 5 7 0.04214318102458492
seed123_R2_step2000 9 5 8 0.04288096399977803
seed123_R2_step2000 9 5 9 0.04182438598945737
seed123_R2_step2000 9 6 0 0.04136603296501562
seed123_R2_step2000 9 6 1 0.045616645948030055
seed123_R2_step2000 9 6 2 0.04254327202215791
seed123_R2_step2000 9 6 3 0.04199088300811127
seed123_R2_step2000 9 6 4 0.04160050896462053
seed123_R2_step2000 9 6 5 0.04179430898511782
seed123_R2_step2000 9 6 6 0.04225905198836699
seed123_R2_step2000 9 6 7 0.042294830025639385
seed123_R2_step2000 9 6 8 0.04234734899364412
seed123_R2_step2000 9 6 9 0.04256688698660582
seed123_R2_step2000 9 7 0 0.044394361961167306
seed123_R2_step2000 9 7 1 0.0440775589668192
seed123_R2_step2000 9 7 2 0.0426720569957979
seed123_R2_step2000 9 7 3 0.043019166972953826
seed123_R2_step2000 9 7 4 0.043060736963525414
seed123_R2_step2000 9 7 5 0.04189199302345514
seed123_R2_step2000 9 7 6 0.041417952976189554
seed123_R2_step2000 9 7 7 0.04154590598773211
seed123_R2_step2000 9 7 8 0.042239545029588044
seed123_R2_step2000 9 7 9 0.041608275030739605
seed123_R2_step2000 9 8 0 0.04207048297394067
seed123_R2_step2000 9 8 1 0.042143182014115155
seed123_R2_step2000 9 8 2 0.04510001401649788
seed123_R2_step2000 9 8 3 0.043017774005420506
seed123_R2_step2000 9 8 4 0.044699442049022764
seed123_R2_step2000 9 8 5 0.04210866603534669
seed123_R2_step2000 9 8 6 0.043091294006444514
seed123_R2_step2000 9 8 7 0.04191440698923543
seed123_R2_step2000 9 8 8 0.04201616003410891
seed123_R2_step2000 9 8 9 0.041864291997626424
seed123_R2_step2000 9 9 0 0.042014888022094965
seed123_R2_step2000 9 9 1 0.0435464889742434
seed123_R2_step2000 9 9 2 0.04257936996873468
seed123_R2_step2000 9 9 3 0.04203114897245541
seed123_R2_step2000 9 9 4 0.04224940395215526
seed123_R2_step2000 9 9 5 0.04178461997071281
seed123_R2_step2000 9 9 6 0.04177650500787422
seed123_R2_step2000 9 9 7 0.04190366598777473
seed123_R2_step2000 9 9 8 0.04271841503214091
seed123_R2_step2000 9 9 9 0.04175939201377332
seed123_R2_step2000 12 0 0 0.4171145690488629
seed123_R2_step2000 12 0 1 0.4126604500343092
seed123_R2_step2000 12 0 2 0.4237136769806966
seed123_R2_step2000 12 0 3 0.40781772398622707
seed123_R2_step2000 12 0 4 0.4205704630003311
seed123_R2_step2000 12 0 5 0.4139955409918912
seed123_R2_step2000 12 0 6 0.41639177897013724
seed123_R2_step2000 12 0 7 0.4168575640069321
seed123_R2_step2000 12 0 8 0.41946589498547837
seed123_R2_step2000 12 0 9 0.41529691900359467
seed123_R2_step2000 12 1 0 0.42198462499072775
seed123_R2_step2000 12 1 1 0.41278937202878296
seed123_R2_step2000 12 1 2 0.43103368300944567
seed123_R2_step2000 12 1 3 0.43955760198878124
seed123_R2_step2000 12 1 4 0.43854081799509004
seed123_R2_step2000 12 1 5 0.43391437304671854
seed123_R2_step2000 12 1 6 0.4275766520295292
seed123_R2_step2000 12 1 7 0.42595574096776545
seed123_R2_step2000 12 1 8 0.4341586080263369
seed123_R2_step2000 12 1 9 0.43148306204238907
seed123_R2_step2000 12 2 0 0.4250936839962378
seed123_R2_step2000 12 2 1 0.4264598630252294
seed123_R2_step2000 12 2 2 0.4186671649804339
seed123_R2_step2000 12 2 3 0.42282039404381067
seed123_R2_step2000 12 2 4 0.42175928596407175
seed123_R2_step2000 12 2 5 0.4267986490158364
seed123_R2_step2000 12 2 6 0.43276095599867404
seed123_R2_step2000 12 2 7 0.4303393730078824
seed123_R2_step2000 12 2 8 0.4226774150156416
seed123_R2_step2000 12 2 9 0.4125511610182002
seed123_R2_step2000 12 3 0 0.4108053609961644
seed123_R2_step2000 12 3 1 0.416615339985583
seed123_R2_step2000 12 3 2 0.4153518980019726
seed123_R2_step2000 12 3 3 0.42307933198753744
seed123_R2_step2000 12 3 4 0.4095238280133344
seed123_R2_step2000 12 3 5 0.41394148796098307
seed123_R2_step2000 12 3 6 0.4274696129723452
seed123_R2_step2000 12 3 7 0.433159350999631
seed123_R2_step2000 12 3 8 0.4151423330185935
seed123_R2_step2000 12 3 9 0.4170964899822138
seed123_R2_step2000 12 4 0 0.40978183096740395
seed123_R2_step2000 12 4 1 0.40579040301963687
seed123_R2_step2000 12 4 2 0.4130728410091251
seed123_R2_step2000 12 4 3 0.4159578279941343
seed123_R2_step2000 12 4 4 0.4137418940081261
seed123_R2_step2000 12 4 5 0.4140522649977356
seed123_R2_step2000 12 4 6 0.41876783303450793
seed123_R2_step2000 12 4 7 0.40977585403015837
seed123_R2_step2000 12 4 8 0.41720700496807694
seed123_R2_step2000 12 4 9 0.41740030399523675
seed123_R2_step2000 12 5 0 0.4158193480107002
seed123_R2_step2000 12 5 1 0.42900458100484684
seed123_R2_step2000 12 5 2 0.42674303997773677
seed123_R2_step2000 12 5 3 0.4290674320072867
seed123_R2_step2000 12 5 4 0.43797560001257807
seed123_R2_step2000 12 5 5 0.4359843760030344
seed123_R2_step2000 12 5 6 0.43406277196481824
seed123_R2_step2000 12 5 7 0.42664893600158393
seed123_R2_step2000 12 5 8 0.43517447501653805
seed123_R2_step2000 12 5 9 0.4366310579935089
seed123_R2_step2000 12 6 0 0.44415774097433314
seed123_R2_step2000 12 6 1 0.4333919489872642
seed123_R2_step2000 12 6 2 0.4359135859995149
seed123_R2_step2000 12 6 3 0.45761487196432427
seed123_R2_step2000 12 6 4 0.45155057101510465
seed123_R2_step2000 12 6 5 0.4526853489805944
seed123_R2_step2000 12 6 6 0.45674730505561456
seed123_R2_step2000 12 6 7 0.4418111339909956
seed123_R2_step2000 12 6 8 0.45683695597108454
seed123_R2_step2000 12 6 9 0.45494998898357153
seed123_R2_step2000 12 7 0 0.455317847954575
seed123_R2_step2000 12 7 1 0.43644086498534307
seed123_R2_step2000 12 7 2 0.4363758920226246
seed123_R2_step2000 12 7 3 0.45866492501227185
seed123_R2_step2000 12 7 4 0.45734752202406526
seed123_R2_step2000 12 7 5 0.454033009998966
seed123_R2_step2000 12 7 6 0.44891072099562734
seed123_R2_step2000 12 7 7 0.4550432020332664
seed123_R2_step2000 12 7 8 0.4684109119698405
seed123_R2_step2000 12 7 9 0.4641499200370163
seed123_R2_step2000 12 8 0 0.4568723330157809
seed123_R2_step2000 12 8 1 0.4696287799743004
seed123_R2_step2000 12 8 2 0.470733302005101
seed123_R2_step2000 12 8 3 0.46929367404663935
seed123_R2_step2000 12 8 4 0.4648607060080394
seed123_R2_step2000 12 8 5 0.46398922899970785
seed123_R2_step2000 12 8 6 0.4565717549994588
seed123_R2_step2000 12 8 7 0.47265479899942875
seed123_R2_step2000 12 8 8 0.4732355540036224
seed123_R2_step2000 12 8 9 0.47024834400508553
seed123_R2_step2000 12 9 0 0.47392556798877195
seed123_R2_step2000 12 9 1 0.48231872799806297
seed123_R2_step2000 12 9 2 0.4679321629810147
seed123_R2_step2000 12 9 3 0.46159927104599774
seed123_R2_step2000 12 9 4 0.46256447600899264
seed123_R2_step2000 12 9 5 0.4572459239861928
seed123_R2_step2000 12 9 6 0.457390760013368
seed123_R2_step2000 12 9 7 0.47026936104521155
seed123_R2_step2000 12 9 8 0.47180268698139116
seed123_R2_step2000 12 9 9 0.45929461397463456
seed123_R2_step2000 18 0 0 0.11314086598576978
seed123_R2_step2000 18 0 1 0.10880911804269999
seed123_R2_step2000 18 0 2 0.1084800930111669
seed123_R2_step2000 18 0 3 0.10822907497640699
seed123_R2_step2000 18 0 4 0.10700703202746809
seed123_R2_step2000 18 0 5 0.10967274097492918
seed123_R2_step2000 18 0 6 0.1070113509777002
seed123_R2_step2000 18 0 7 0.10694517503725365
seed123_R2_step2000 18 0 8 0.10853678203420714
seed123_R2_step2000 18 0 9 0.10459732002345845
seed123_R2_step2000 18 1 0 0.1055304339970462
seed123_R2_step2000 18 1 1 0.10710277501493692
seed123_R2_step2000 18 1 2 0.10537120199296623
seed123_R2_step2000 18 1 3 0.10761342500336468
seed123_R2_step2000 18 1 4 0.11341098899720237
seed123_R2_step2000 18 1 5 0.10920694598462433
seed123_R2_step2000 18 1 6 0.10631806298624724
seed123_R2_step2000 18 1 7 0.10953892703400925
seed123_R2_step2000 18 1 8 0.10850979998940602
seed123_R2_step2000 18 1 9 0.10931034199893475
seed123_R2_step2000 18 2 0 0.10796691803261638
seed123_R2_step2000 18 2 1 0.10669459897326306
seed123_R2_step2000 18 2 2 0.11070571502204984
seed123_R2_step2000 18 2 3 0.11577948398189619
seed123_R2_step2000 18 2 4 0.10942900902591646
seed123_R2_step2000 18 2 5 0.10525458102347329
seed123_R2_step2000 18 2 6 0.10348297195741907
seed123_R2_step2000 18 2 7 0.10411293001379818
seed123_R2_step2000 18 2 8 0.10466739401454106
seed123_R2_step2000 18 2 9 0.10497686197049916
seed123_R2_step2000 18 3 0 0.10868592601036653
seed123_R2_step2000 18 3 1 0.10404169402318075
seed123_R2_step2000 18 3 2 0.10997216100804508
seed123_R2_step2000 18 3 3 0.10966013802681118
seed123_R2_step2000 18 3 4 0.10692479700082913
seed123_R2_step2000 18 3 5 0.1072907829657197
seed123_R2_step2000 18 3 6 0.10986869502812624
seed123_R2_step2000 18 3 7 0.10651277401484549
seed123_R2_step2000 18 3 8 0.10727295000106096
seed123_R2_step2000 18 3 9 0.10744220099877566
seed123_R2_step2000 18 4 0 0.10785270197084174
seed123_R2_step2000 18 4 1 0.1064589109737426
seed123_R2_step2000 18 4 2 0.10469498601742089
seed123_R2_step2000 18 4 3 0.1055511450394988
seed123_R2_step2000 18 4 4 0.10702660103561357
seed123_R2_step2000 18 4 5 0.10690151300514117
seed123_R2_step2000 18 4 6 0.11007901601260528
seed123_R2_step2000 18 4 7 0.10566302802180871
seed123_R2_step2000 18 4 8 0.10371420200681314
seed123_R2_step2000 18 4 9 0.10090302600292489
seed123_R2_step2000 18 5 0 0.10638467100216076
seed123_R2_step2000 18 5 1 0.11290166300022975
seed123_R2_step2000 18 5 2 0.11022932198829949
seed123_R2_step2000 18 5 3 0.10659799602581188
seed123_R2_step2000 18 5 4 0.10537946899421513
seed123_R2_step2000 18 5 5 0.10722280398476869
seed123_R2_step2000 18 5 6 0.10866271198028699
seed123_R2_step2000 18 5 7 0.11664199701044708
seed123_R2_step2000 18 5 8 0.10682852397440001
seed123_R2_step2000 18 5 9 0.11084759799996391
seed123_R2_step2000 18 6 0 0.10677783901337534
seed123_R2_step2000 18 6 1 0.11007316497853026
seed123_R2_step2000 18 6 2 0.10503551596775651
seed123_R2_step2000 18 6 3 0.10821699601365253
seed123_R2_step2000 18 6 4 0.10830222797812894
seed123_R2_step2000 18 6 5 0.1080090599716641
seed123_R2_step2000 18 6 6 0.10238183999899775
seed123_R2_step2000 18 6 7 0.10944341699359939
seed123_R2_step2000 18 6 8 0.10690424899803475
seed123_R2_step2000 18 6 9 0.1121248469571583
seed123_R2_step2000 18 7 0 0.10555386100895703
seed123_R2_step2000 18 7 1 0.1046486499835737
seed123_R2_step2000 18 7 2 0.10474510298809037
seed123_R2_step2000 18 7 3 0.10658158600563183
seed123_R2_step2000 18 7 4 0.10799983300967142
seed123_R2_step2000 18 7 5 0.10831911902641878
seed123_R2_step2000 18 7 6 0.10374171601142734
seed123_R2_step2000 18 7 7 0.10468725400278345
seed123_R2_step2000 18 7 8 0.10204667301150039
seed123_R2_step2000 18 7 9 0.10084294300759211
seed123_R2_step2000 18 8 0 0.10031708399765193
seed123_R2_step2000 18 8 1 0.10416250600246713
seed123_R2_step2000 18 8 2 0.10795903502730653
seed123_R2_step2000 18 8 3 0.10854807501891628
seed123_R2_step2000 18 8 4 0.10366052202880383
seed123_R2_step2000 18 8 5 0.10642662097234279
seed123_R2_step2000 18 8 6 0.10173867602134123
seed123_R2_step2000 18 8 7 0.10592523799277842
seed123_R2_step2000 18 8 8 0.10285558004397899
seed123_R2_step2000 18 8 9 0.10943250701529905
seed123_R2_step2000 18 9 0 0.101518107985612
seed123_R2_step2000 18 9 1 0.10538000101223588
seed123_R2_step2000 18 9 2 0.1047475790255703
seed123_R2_step2000 18 9 3 0.1035486189648509
seed123_R2_step2000 18 9 4 0.10231752798426896
seed123_R2_step2000 18 9 5 0.10223137401044369
seed123_R2_step2000 18 9 6 0.10664443601854146
seed123_R2_step2000 18 9 7 0.10856326500652358
seed123_R2_step2000 18 9 8 0.10414657602086663
seed123_R2_step2000 18 9 9 0.10189669800456613
seed123_R2_step2000 22 0 0 0.01729583996348083
seed123_R2_step2000 22 0 1 0.015442695992533118
seed123_R2_step2000 22 0 2 0.0154033710132353
seed123_R2_step2000 22 0 3 0.015411967993713915
seed123_R2_step2000 22 0 4 0.01535822602454573
seed123_R2_step2000 22 0 5 0.015400364995002747
seed123_R2_step2000 22 0 6 0.015534550999291241
seed123_R2_step2000 22 0 7 0.015418029041029513
seed123_R2_step2000 22 0 8 0.015128668979741633
seed123_R2_step2000 22 0 9 0.01588141097454354
seed123_R2_step2000 22 1 0 0.015787060954608023
seed123_R2_step2000 22 1 1 0.016448127978947014
seed123_R2_step2000 22 1 2 0.015653347014449537
seed123_R2_step2000 22 1 3 0.015499094035476446
seed123_R2_step2000 22 1 4 0.01543724600924179
seed123_R2_step2000 22 1 5 0.01588140003150329
seed123_R2_step2000 22 1 6 0.015555229969322681
seed123_R2_step2000 22 1 7 0.015937988995574415
seed123_R2_step2000 22 1 8 0.01588367496151477
seed123_R2_step2000 22 1 9 0.01611651701387018
seed123_R2_step2000 22 2 0 0.016198383003938943
seed123_R2_step2000 22 2 1 0.016189738002140075
seed123_R2_step2000 22 2 2 0.015832257049623877
seed123_R2_step2000 22 2 3 0.016190016991458833
seed123_R2_step2000 22 2 4 0.017172315972857177
seed123_R2_step2000 22 2 5 0.01603224704740569
seed123_R2_step2000 22 2 6 0.015535753045696765
seed123_R2_step2000 22 2 7 0.015488502976950258
seed123_R2_step2000 22 2 8 0.015521235996857285
seed123_R2_step2000 22 2 9 0.015505867020692676
seed123_R2_step2000 22 3 0 0.015246653056237847
seed123_R2_step2000 22 3 1 0.01498231099685654
seed123_R2_step2000 22 3 2 0.014856201014481485
seed123_R2_step2000 22 3 3 0.01500020397361368
seed123_R2_step2000 22 3 4 0.015516556974034756
seed123_R2_step2000 22 3 5 0.015517398016527295
seed123_R2_step2000 22 3 6 0.017130826017819345
seed123_R2_step2000 22 3 7 0.016784988983999938
seed123_R2_step2000 22 3 8 0.015741673996672034
seed123_R2_step2000 22 3 9 0.015254789032042027
seed123_R2_step2000 22 4 0 0.015410364023409784
seed123_R2_step2000 22 4 1 0.01545532001182437
seed123_R2_step2000 22 4 2 0.015726846002507955
seed123_R2_step2000 22 4 3 0.01638371602166444
seed123_R2_step2000 22 4 4 0.015400837000925094
seed123_R2_step2000 22 4 5 0.01542844797950238
seed123_R2_step2000 22 4 6 0.015470639045815915
seed123_R2_step2000 22 4 7 0.01510768901789561
seed123_R2_step2000 22 4 8 0.016163135995157063
seed123_R2_step2000 22 4 9 0.01601207797648385
seed123_R2_step2000 22 5 0 0.016021455987356603
seed123_R2_step2000 22 5 1 0.015278474020306021
seed123_R2_step2000 22 5 2 0.014870668004732579
seed123_R2_step2000 22 5 3 0.015183723997324705
seed123_R2_step2000 22 5 4 0.015090144996065646
seed123_R2_step2000 22 5 5 0.01512893900508061
seed123_R2_step2000 22 5 6 0.014859046030323952
seed123_R2_step2000 22 5 7 0.014778181968722492
seed123_R2_step2000 22 5 8 0.014534368994645774
seed123_R2_step2000 22 5 9 0.015068674983922392
seed123_R2_step2000 22 6 0 0.015432726999279112
seed123_R2_step2000 22 6 1 0.016660813009366393
seed123_R2_step2000 22 6 2 0.0156276379711926
seed123_R2_step2000 22 6 3 0.01516866497695446
seed123_R2_step2000 22 6 4 0.01510921202134341
seed123_R2_step2000 22 6 5 0.015561481995973736
seed123_R2_step2000 22 6 6 0.01608562801266089
seed123_R2_step2000 22 6 7 0.015593051968608052
seed123_R2_step2000 22 6 8 0.016339731984771788
seed123_R2_step2000 22 6 9 0.01672709797276184
seed123_R2_step2000 22 7 0 0.015457414032425731
seed123_R2_step2000 22 7 1 0.014688932977151126
seed123_R2_step2000 22 7 2 0.015060367994010448
seed123_R2_step2000 22 7 3 0.014851751970127225
seed123_R2_step2000 22 7 4 0.016019131988286972
seed123_R2_step2000 22 7 5 0.015579867002088577
seed123_R2_step2000 22 7 6 0.01561636698897928
seed123_R2_step2000 22 7 7 0.014912246959283948
seed123_R2_step2000 22 7 8 0.015064427978359163
seed123_R2_step2000 22 7 9 0.015222265967167914
seed123_R2_step2000 22 8 0 0.015717808972112834
seed123_R2_step2000 22 8 1 0.015173554013017565
seed123_R2_step2000 22 8 2 0.015118990966584533
seed123_R2_step2000 22 8 3 0.015477091015782207
seed123_R2_step2000 22 8 4 0.015047063992824405
seed123_R2_step2000 22 8 5 0.01544559100875631
seed123_R2_step2000 22 8 6 0.015535232960246503
seed123_R2_step2000 22 8 7 0.015474607003852725
seed123_R2_step2000 22 8 8 0.016060870955698192
seed123_R2_step2000 22 8 9 0.015933910966850817
seed123_R2_step2000 22 9 0 0.01580887200543657
seed123_R2_step2000 22 9 1 0.015494905004743487
seed123_R2_step2000 22 9 2 0.015481370035558939
seed123_R2_step2000 22 9 3 0.01543940999545157
seed123_R2_step2000 22 9 4 0.01543400896480307
seed123_R2_step2000 22 9 5 0.015462703944649547
seed123_R2_step2000 22 9 6 0.015485358017031103
seed123_R2_step2000 22 9 7 0.015420713985804468
seed123_R2_step2000 22 9 8 0.016881462011951953
seed123_R2_step2000 22 9 9 0.015971451008226722
seed123_R2_step2000 24 0 0 0.020196967001538724
seed123_R2_step2000 24 0 1 0.020028266008011997
seed123_R2_step2000 24 0 2 0.018139233987312764
seed123_R2_step2000 24 0 3 0.019008778035640717
seed123_R2_step2000 24 0 4 0.017644684005063027
seed123_R2_step2000 24 0 5 0.017230605997610837
seed123_R2_step2000 24 0 6 0.017320287006441504
seed123_R2_step2000 24 0 7 0.017250934964977205
seed123_R2_step2000 24 0 8 0.017221778980456293
seed123_R2_step2000 24 0 9 0.01721387403085828
seed123_R2_step2000 24 1 0 0.01723593595670536
seed123_R2_step2000 24 1 1 0.017472956969868392
seed123_R2_step2000 24 1 2 0.018190670991316438
seed123_R2_step2000 24 1 3 0.018751909025013447
seed123_R2_step2000 24 1 4 0.01819348696153611
seed123_R2_step2000 24 1 5 0.017489789985120296
seed123_R2_step2000 24 1 6 0.01732224994339049
seed123_R2_step2000 24 1 7 0.017332048970274627
seed123_R2_step2000 24 1 8 0.017212331003975123
seed123_R2_step2000 24 1 9 0.017262587032746524
seed123_R2_step2000 24 2 0 0.017191822989843786
seed123_R2_step2000 24 2 1 0.017211529950145632
seed123_R2_step2000 24 2 2 0.017201179987750947
seed123_R2_step2000 24 2 3 0.017196551023516804
seed123_R2_step2000 24 2 4 0.017212351027410477
seed123_R2_step2000 24 2 5 0.01855498499935493
seed123_R2_step2000 24 2 6 0.019052129006013274
seed123_R2_step2000 24 2 7 0.01915656798519194
seed123_R2_step2000 24 2 8 0.018969853990711272
seed123_R2_step2000 24 2 9 0.018465434026438743
seed123_R2_step2000 24 3 0 0.017590129980817437
seed123_R2_step2000 24 3 1 0.017694418027531356
seed123_R2_step2000 24 3 2 0.01700875401729718
seed123_R2_step2000 24 3 3 0.017572085023857653
seed123_R2_step2000 24 3 4 0.017339824000373483
seed123_R2_step2000 24 3 5 0.017274440033361316
seed123_R2_step2000 24 3 6 0.016996680991724133
seed123_R2_step2000 24 3 7 0.018697635969147086
seed123_R2_step2000 24 3 8 0.017753410036675632
seed123_R2_step2000 24 3 9 0.017531969002448022
seed123_R2_step2000 24 4 0 0.017021457955706865
seed123_R2_step2000 24 4 1 0.01705992198549211
seed123_R2_step2000 24 4 2 0.017080148973036557
seed123_R2_step2000 24 4 3 0.016970030963420868
seed123_R2_step2000 24 4 4 0.01696923898998648
seed123_R2_step2000 24 4 5 0.016966954979579896
seed123_R2_step2000 24 4 6 0.017046696040779352
seed123_R2_step2000 24 4 7 0.016963768983259797
seed123_R2_step2000 24 4 8 0.018537802039645612
seed123_R2_step2000 24 4 9 0.0175942070200108
seed123_R2_step2000 24 5 0 0.01719379599671811
seed123_R2_step2000 24 5 1 0.017757458030246198
seed123_R2_step2000 24 5 2 0.020427977025974542
seed123_R2_step2000 24 5 3 0.018798245990183204
seed123_R2_step2000 24 5 4 0.018646298034582287
seed123_R2_step2000 24 5 5 0.01738920802017674
seed123_R2_step2000 24 5 6 0.01790047000395134
seed123_R2_step2000 24 5 7 0.018866227008402348
seed123_R2_step2000 24 5 8 0.01840251503745094
seed123_R2_step2000 24 5 9 0.017543230031151325
seed123_R2_step2000 24 6 0 0.017319614998996258
seed123_R2_step2000 24 6 1 0.017266915005166084
seed123_R2_step2000 24 6 2 0.01719735300866887
seed123_R2_step2000 24 6 3 0.016649811004754156
seed123_R2_step2000 24 6 4 0.016815666982438415
seed123_R2_step2000 24 6 5 0.01718607102520764
seed123_R2_step2000 24 6 6 0.01730604999465868
seed123_R2_step2000 24 6 7 0.017652467999141663
seed123_R2_step2000 24 6 8 0.018481735954992473
seed123_R2_step2000 24 6 9 0.01749192300485447
seed123_R2_step2000 24 7 0 0.017343420011457056
seed123_R2_step2000 24 7 1 0.01725451200036332
seed123_R2_step2000 24 7 2 0.01685437001287937
seed123_R2_step2000 24 7 3 0.017200427944771945
seed123_R2_step2000 24 7 4 0.017124995996709913
seed123_R2_step2000 24 7 5 0.016539491014555097
seed123_R2_step2000 24 7 6 0.017206950986292213
seed123_R2_step2000 24 7 7 0.017920608981512487
seed123_R2_step2000 24 7 8 0.01806271797977388
seed123_R2_step2000 24 7 9 0.018700751999858767
seed123_R2_step2000 24 8 0 0.01852247305214405
seed123_R2_step2000 24 8 1 0.018637622008100152
seed123_R2_step2000 24 8 2 0.017625456035602838
seed123_R2_step2000 24 8 3 0.017191952967550606
seed123_R2_step2000 24 8 4 0.01717153296340257
seed123_R2_step2000 24 8 5 0.017198344983626157
seed123_R2_step2000 24 8 6 0.016921970003750175
seed123_R2_step2000 24 8 7 0.016501870995853096
seed123_R2_step2000 24 8 8 0.018796443997416645
seed123_R2_step2000 24 8 9 0.020355688990093768
seed123_R2_step2000 24 9 0 0.018212743976619095
seed123_R2_step2000 24 9 1 0.018582165997941047
seed123_R2_step2000 24 9 2 0.019361007027328014
seed123_R2_step2000 24 9 3 0.017798215034417808
seed123_R2_step2000 24 9 4 0.01776346901897341
seed123_R2_step2000 24 9 5 0.01886091602500528
seed123_R2_step2000 24 9 6 0.017709466977976263
seed123_R2_step2000 24 9 7 0.018679209984838963
seed123_R2_step2000 24 9 8 0.017910860013216734
seed123_R2_step2000 24 9 9 0.017699789023026824
seed123_R2_step2000 30 0 0 0.02927715500118211
seed123_R2_step2000 30 0 1 0.02722440002253279
seed123_R2_step2000 30 0 2 0.02708966500358656
seed123_R2_step2000 30 0 3 0.026754656981211156
seed123_R2_step2000 30 0 4 0.029783737962134182
seed123_R2_step2000 30 0 5 0.027974608005024493
seed123_R2_step2000 30 0 6 0.02836298500187695
seed123_R2_step2000 30 0 7 0.026351069973316044
seed123_R2_step2000 30 0 8 0.02780940302181989
seed123_R2_step2000 30 0 9 0.0280487880227156
seed123_R2_step2000 30 1 0 0.027471259993035346
seed123_R2_step2000 30 1 1 0.027729451016057283
seed123_R2_step2000 30 1 2 0.029414215008728206
seed123_R2_step2000 30 1 3 0.028042796009685844
seed123_R2_step2000 30 1 4 0.027506246988195926
seed123_R2_step2000 30 1 5 0.02690349001204595
seed123_R2_step2000 30 1 6 0.02669590595178306
seed123_R2_step2000 30 1 7 0.0266644160146825
seed123_R2_step2000 30 1 8 0.028384587028995156
seed123_R2_step2000 30 1 9 0.02886496001156047
seed123_R2_step2000 30 2 0 0.02991866401862353
seed123_R2_step2000 30 2 1 0.026968874968588352
seed123_R2_step2000 30 2 2 0.028096419002395123
seed123_R2_step2000 30 2 3 0.02667542698327452
seed123_R2_step2000 30 2 4 0.029610336991026998
seed123_R2_step2000 30 2 5 0.028793172969017178
seed123_R2_step2000 30 2 6 0.027993664029054344
seed123_R2_step2000 30 2 7 0.028020224010106176
seed123_R2_step2000 30 2 8 0.028832670010160655
seed123_R2_step2000 30 2 9 0.02697130898013711
seed123_R2_step2000 30 3 0 0.02832142700208351
seed123_R2_step2000 30 3 1 0.0287372280145064
seed123_R2_step2000 30 3 2 0.027750119974371046
seed123_R2_step2000 30 3 3 0.027033457008656114
seed123_R2_step2000 30 3 4 0.026516574958804995
seed123_R2_step2000 30 3 5 0.027477842988446355
seed123_R2_step2000 30 3 6 0.02728994598146528
seed123_R2_step2000 30 3 7 0.028609806031454355
seed123_R2_step2000 30 3 8 0.02791150799021125
seed123_R2_step2000 30 3 9 0.028406818048097193
seed123_R2_step2000 30 4 0 0.0287138230050914
seed123_R2_step2000 30 4 1 0.027993053023237735
seed123_R2_step2000 30 4 2 0.02634876494994387
seed123_R2_step2000 30 4 3 0.026313338021282107
seed123_R2_step2000 30 4 4 0.02697779197478667
seed123_R2_step2000 30 4 5 0.028659900010097772
seed123_R2_step2000 30 4 6 0.02789678901899606
seed123_R2_step2000 30 4 7 0.0264984910027124
seed123_R2_step2000 30 4 8 0.02646559802815318
seed123_R2_step2000 30 4 9 0.026654095971025527
seed123_R2_step2000 30 5 0 0.027571020007599145
seed123_R2_step2000 30 5 1 0.026280065008904785
seed123_R2_step2000 30 5 2 0.029955514008179307
seed123_R2_step2000 30 5 3 0.02862227999139577
seed123_R2_step2000 30 5 4 0.028952917957212776
seed123_R2_step2000 30 5 5 0.027266139048151672
seed123_R2_step2000 30 5 6 0.0271595970261842
seed123_R2_step2000 30 5 7 0.027356131991837174
seed123_R2_step2000 30 5 8 0.02693561202613637
seed123_R2_step2000 30 5 9 0.028807250957470387
seed123_R2_step2000 30 6 0 0.029098444036208093
seed123_R2_step2000 30 6 1 0.02831627702107653
seed123_R2_step2000 30 6 2 0.02743281697621569
seed123_R2_step2000 30 6 3 0.025958333048038185
seed123_R2_step2000 30 6 4 0.02647241100203246
seed123_R2_step2000 30 6 5 0.028030893998220563
seed123_R2_step2000 30 6 6 0.029448930989019573
seed123_R2_step2000 30 6 7 0.028524943976663053
seed123_R2_step2000 30 6 8 0.02828947699163109
seed123_R2_step2000 30 6 9 0.027085787034593523
seed123_R2_step2000 30 7 0 0.027454878960270435
seed123_R2_step2000 30 7 1 0.02781667694216594
seed123_R2_step2000 30 7 2 0.029416289005894214
seed123_R2_step2000 30 7 3 0.03033124899957329
seed123_R2_step2000 30 7 4 0.029325325973331928
seed123_R2_step2000 30 7 5 0.02774064301047474
seed123_R2_step2000 30 7 6 0.026587499014567584
seed123_R2_step2000 30 7 7 0.02820462395902723
seed123_R2_step2000 30 7 8 0.026824861008208245
seed123_R2_step2000 30 7 9 0.029580101021565497
seed123_R2_step2000 30 8 0 0.02873538399580866
seed123_R2_step2000 30 8 1 0.02706482697976753
seed123_R2_step2000 30 8 2 0.027014983003027737
seed123_R2_step2000 30 8 3 0.027070698037277907
seed123_R2_step2000 30 8 4 0.026671118044760078
seed123_R2_step2000 30 8 5 0.026674135006032884
seed123_R2_step2000 30 8 6 0.03098834794946015
seed123_R2_step2000 30 8 7 0.029367856972385198
seed123_R2_step2000 30 8 8 0.027437616023235023
seed123_R2_step2000 30 8 9 0.027060899999924004
seed123_R2_step2000 30 9 0 0.026792228978592902
seed123_R2_step2000 30 9 1 0.028078364033717662
seed123_R2_step2000 30 9 2 0.026463393995072693
seed123_R2_step2000 30 9 3 0.029919605993200094
seed123_R2_step2000 30 9 4 0.04217417899053544
seed123_R2_step2000 30 9 5 0.030623974977061152
seed123_R2_step2000 30 9 6 0.0315376739599742
seed123_R2_step2000 30 9 7 0.030297253979369998
seed123_R2_step2000 30 9 8 0.03155844297725707
seed123_R2_step2000 30 9 9 0.03024327097227797
seed123_R2_step2000 33 0 0 0.008838086039759219
seed123_R2_step2000 33 0 1 0.006676426040939987
seed123_R2_step2000 33 0 2 0.0073008930194191635
seed123_R2_step2000 33 0 3 0.007311041990760714
seed123_R2_step2000 33 0 4 0.00691748404642567
seed123_R2_step2000 33 0 5 0.006382037012372166
seed123_R2_step2000 33 0 6 0.007296696014236659
seed123_R2_step2000 33 0 7 0.0069008219870738685
seed123_R2_step2000 33 0 8 0.00832107401220128
seed123_R2_step2000 33 0 9 0.008512969012372196
seed123_R2_step2000 33 1 0 0.006538954970892519
seed123_R2_step2000 33 1 1 0.006823286006692797
seed123_R2_step2000 33 1 2 0.008461530960630625
seed123_R2_step2000 33 1 3 0.006494018016383052
seed123_R2_step2000 33 1 4 0.006643433996941894
seed123_R2_step2000 33 1 5 0.006790624000132084
seed123_R2_step2000 33 1 6 0.006347781978547573
seed123_R2_step2000 33 1 7 0.006394970987457782
seed123_R2_step2000 33 1 8 0.0065494049922563136
seed123_R2_step2000 33 1 9 0.006827383011113852
seed123_R2_step2000 33 2 0 0.0067355590290389955
seed123_R2_step2000 33 2 1 0.00649251596769318
seed123_R2_step2000 33 2 2 0.006423946004360914
seed123_R2_step2000 33 2 3 0.006661897990852594
seed123_R2_step2000 33 2 4 0.006634154997300357
seed123_R2_step2000 33 2 5 0.006323304958641529
seed123_R2_step2000 33 2 6 0.0063022649846971035
seed123_R2_step2000 33 2 7 0.0065266810124740005
seed123_R2_step2000 33 2 8 0.0062941189971752465
seed123_R2_step2000 33 2 9 0.006263862014748156
seed123_R2_step2000 33 3 0 0.006296733045019209
seed123_R2_step2000 33 3 1 0.00627276801969856
seed123_R2_step2000 33 3 2 0.006269743025768548
seed123_R2_step2000 33 3 3 0.006254564039409161
seed123_R2_step2000 33 3 4 0.006285884010139853
seed123_R2_step2000 33 3 5 0.006275694002397358
seed123_R2_step2000 33 3 6 0.006262758979573846
seed123_R2_step2000 33 3 7 0.00626870000269264
seed123_R2_step2000 33 3 8 0.0062732690130360425
seed123_R2_step2000 33 3 9 0.006271096004638821
seed123_R2_step2000 33 4 0 0.006139345001429319
seed123_R2_step2000 33 4 1 0.006163690995890647
seed123_R2_step2000 33 4 2 0.006482477008830756
seed123_R2_step2000 33 4 3 0.006239374983124435
seed123_R2_step2000 33 4 4 0.0064863250008784235
seed123_R2_step2000 33 4 5 0.006433022965211421
seed123_R2_step2000 33 4 6 0.006279510969761759
seed123_R2_step2000 33 4 7 0.006292204954661429
seed123_R2_step2000 33 4 8 0.0062910940032452345
seed123_R2_step2000 33 4 9 0.006261477014049888
seed123_R2_step2000 33 5 0 0.006320758955553174
seed123_R2_step2000 33 5 1 0.006273409991990775
seed123_R2_step2000 33 5 2 0.006307615025434643
seed123_R2_step2000 33 5 3 0.006310219003353268
seed123_R2_step2000 33 5 4 0.006332051008939743
seed123_R2_step2000 33 5 5 0.006320740038063377
seed123_R2_step2000 33 5 6 0.00636607501655817
seed123_R2_step2000 33 5 7 0.006288088043220341
seed123_R2_step2000 33 5 8 0.00632590998429805
seed123_R2_step2000 33 5 9 0.006276806001551449
seed123_R2_step2000 33 6 0 0.006288898992352188
seed123_R2_step2000 33 6 1 0.006302604975644499
seed123_R2_step2000 33 6 2 0.006290321005508304
seed123_R2_step2000 33 6 3 0.0063120530103333294
seed123_R2_step2000 33 6 4 0.006289169017691165
seed123_R2_step2000 33 6 5 0.0062827569781802595
seed123_R2_step2000 33 6 6 0.006128814013209194
seed123_R2_step2000 33 6 7 0.006204498989973217
seed123_R2_step2000 33 6 8 0.006289109005592763
seed123_R2_step2000 33 6 9 0.006287104974035174
seed123_R2_step2000 33 7 0 0.006299339001998305
seed123_R2_step2000 33 7 1 0.0063234149711206555
seed123_R2_step2000 33 7 2 0.006694099982269108
seed123_R2_step2000 33 7 3 0.006533364008646458
seed123_R2_step2000 33 7 4 0.006400210957508534
seed123_R2_step2000 33 7 5 0.006317313003819436
seed123_R2_step2000 33 7 6 0.006750177009962499
seed123_R2_step2000 33 7 7 0.00871785799972713
seed123_R2_step2000 33 7 8 0.007469133997801691
seed123_R2_step2000 33 7 9 0.0062896800227463245
seed123_R2_step2000 33 8 0 0.006281024019699544
seed123_R2_step2000 33 8 1 0.006264273019041866
seed123_R2_step2000 33 8 2 0.006519877992104739
seed123_R2_step2000 33 8 3 0.006282688002102077
seed123_R2_step2000 33 8 4 0.0062731190118938684
seed123_R2_step2000 33 8 5 0.006261237023863941
seed123_R2_step2000 33 8 6 0.006326068949420005
seed123_R2_step2000 33 8 7 0.006266687007155269
seed123_R2_step2000 33 8 8 0.006291774974670261
seed123_R2_step2000 33 8 9 0.006245276017580181
seed123_R2_step2000 33 9 0 0.006314648024272174
seed123_R2_step2000 33 9 1 0.006274422048591077
seed123_R2_step2000 33 9 2 0.0062722270376980305
seed123_R2_step2000 33 9 3 0.006455396011006087
seed123_R2_step2000 33 9 4 0.006328755000140518
seed123_R2_step2000 33 9 5 0.006285291980020702
seed123_R2_step2000 33 9 6 0.0063078360399231315
seed123_R2_step2000 33 9 7 0.006437401985749602
seed123_R2_step2000 33 9 8 0.006332681979984045
seed123_R2_step2000 33 9 9 0.006326350034214556
seed123_R2_step2000 36 0 0 0.1666310610016808
seed123_R2_step2000 36 0 1 0.007294532028026879
seed123_R2_step2000 36 0 2 0.006809098995290697
seed123_R2_step2000 36 0 3 0.006872639001812786
seed123_R2_step2000 36 0 4 0.006831911043263972
seed123_R2_step2000 36 0 5 0.006578489963430911
seed123_R2_step2000 36 0 6 0.006904118985403329
seed123_R2_step2000 36 0 7 0.006555797008331865
seed123_R2_step2000 36 0 8 0.007225339999422431
seed123_R2_step2000 36 0 9 0.0074537949985824525
seed123_R2_step2000 36 1 0 0.0069377030013129115
seed123_R2_step2000 36 1 1 0.006492896995041519
seed123_R2_step2000 36 1 2 0.006493458000477403
seed123_R2_step2000 36 1 3 0.006722853984683752
seed123_R2_step2000 36 1 4 0.006471257016528398
seed123_R2_step2000 36 1 5 0.006257319008000195
seed123_R2_step2000 36 1 6 0.006312504003290087
seed123_R2_step2000 36 1 7 0.006414197967387736
seed123_R2_step2000 36 1 8 0.0066753640421666205
seed123_R2_step2000 36 1 9 0.006364653003402054
seed123_R2_step2000 36 2 0 0.006488858954980969
seed123_R2_step2000 36 2 1 0.0064997400040738285
seed123_R2_step2000 36 2 2 0.006392677023541182
seed123_R2_step2000 36 2 3 0.0063812939915806055
seed123_R2_step2000 36 2 4 0.006804059026762843
seed123_R2_step2000 36 2 5 0.00661936798132956
seed123_R2_step2000 36 2 6 0.006781005009543151
seed123_R2_step2000 36 2 7 0.006914318015333265
seed123_R2_step2000 36 2 8 0.0068004620261490345
seed123_R2_step2000 36 2 9 0.008531344006769359
seed123_R2_step2000 36 3 0 0.006938925012946129
seed123_R2_step2000 36 3 1 0.007109158963430673
seed123_R2_step2000 36 3 2 0.0070625399821437895
seed123_R2_step2000 36 3 3 0.006884622038342059
seed123_R2_step2000 36 3 4 0.00688643503235653
seed123_R2_step2000 36 3 5 0.006854485021904111
seed123_R2_step2000 36 3 6 0.0072403280064463615
seed123_R2_step2000 36 3 7 0.007162020017858595
seed123_R2_step2000 36 3 8 0.007036691007670015
seed123_R2_step2000 36 3 9 0.006867809977848083
seed123_R2_step2000 36 4 0 0.006885063019581139
seed123_R2_step2000 36 4 1 0.0068312910152599216
seed123_R2_step2000 36 4 2 0.006855436018668115
seed123_R2_step2000 36 4 3 0.00686588604003191
seed123_R2_step2000 36 4 4 0.006841240043286234
seed123_R2_step2000 36 4 5 0.006841399008408189
seed123_R2_step2000 36 4 6 0.007060776988510042
seed123_R2_step2000 36 4 7 0.006866878014989197
seed123_R2_step2000 36 4 8 0.0068379329750314355
seed123_R2_step2000 36 4 9 0.006845176976639777
seed123_R2_step2000 36 5 0 0.006854403996840119
seed123_R2_step2000 36 5 1 0.006889200012665242
seed123_R2_step2000 36 5 2 0.006840248010121286
seed123_R2_step2000 36 5 3 0.006866036041174084
seed123_R2_step2000 36 5 4 0.006860967027023435
seed123_R2_step2000 36 5 5 0.00690180400852114
seed123_R2_step2000 36 5 6 0.006825559015851468
seed123_R2_step2000 36 5 7 0.006849365017842501
seed123_R2_step2000 36 5 8 0.006858673004899174
seed123_R2_step2000 36 5 9 0.0068529220297932625
seed123_R2_step2000 36 6 0 0.00686094700358808
seed123_R2_step2000 36 6 1 0.0068346469779498875
seed123_R2_step2000 36 6 2 0.006817675021011382
seed123_R2_step2000 36 6 3 0.007066998980008066
seed123_R2_step2000 36 6 4 0.006865376024506986
seed123_R2_step2000 36 6 5 0.007012994959950447
seed123_R2_step2000 36 6 6 0.006890283024404198
seed123_R2_step2000 36 6 7 0.006860687048174441
seed123_R2_step2000 36 6 8 0.006842582020908594
seed123_R2_step2000 36 6 9 0.006841760012321174
seed123_R2_step2000 36 7 0 0.0066253290278837085
seed123_R2_step2000 36 7 1 0.00667567498749122
seed123_R2_step2000 36 7 2 0.006636450008954853
seed123_R2_step2000 36 7 3 0.006546047981828451
seed123_R2_step2000 36 7 4 0.006631140015088022
seed123_R2_step2000 36 7 5 0.006651157978922129
seed123_R2_step2000 36 7 6 0.006633014010731131
seed123_R2_step2000 36 7 7 0.006633655051700771
seed123_R2_step2000 36 7 8 0.006675644021015614
seed123_R2_step2000 36 7 9 0.006561928021255881
seed123_R2_step2000 36 8 0 0.006731992005370557
seed123_R2_step2000 36 8 1 0.006791524006985128
seed123_R2_step2000 36 8 2 0.006797445996198803
seed123_R2_step2000 36 8 3 0.0068722080322913826
seed123_R2_step2000 36 8 4 0.006823065981734544
seed123_R2_step2000 36 8 5 0.006841519963927567
seed123_R2_step2000 36 8 6 0.006839276000391692
seed123_R2_step2000 36 8 7 0.006920029001776129
seed123_R2_step2000 36 8 8 0.006834978004917502
seed123_R2_step2000 36 8 9 0.006835567997768521
seed123_R2_step2000 36 9 0 0.007036361028440297
seed123_R2_step2000 36 9 1 0.007485153968445957
seed123_R2_step2000 36 9 2 0.007076998008415103
seed123_R2_step2000 36 9 3 0.00682204298209399
seed123_R2_step2000 36 9 4 0.006861909001599997
seed123_R2_step2000 36 9 5 0.0068846120266243815
seed123_R2_step2000 36 9 6 0.00802015099907294
seed123_R2_step2000 36 9 7 0.00884826696710661
seed123_R2_step2000 36 9 8 0.006913858000189066
seed123_R2_step2000 36 9 9 0.006873000005725771
seed123_R2_step2000 40 0 0 0.0042018110398203135
seed123_R2_step2000 40 0 1 0.0039498209953308105
seed123_R2_step2000 40 0 2 0.0039470159681513906
seed123_R2_step2000 40 0 3 0.003933469008188695
seed123_R2_step2000 40 0 4 0.00392306997673586
seed123_R2_step2000 40 0 5 0.003929010999854654
seed123_R2_step2000 40 0 6 0.003931346989702433
seed123_R2_step2000 40 0 7 0.00393506302498281
seed123_R2_step2000 40 0 8 0.003940002992749214
seed123_R2_step2000 40 0 9 0.003932568011805415
seed123_R2_step2000 40 1 0 0.004019202955532819
seed123_R2_step2000 40 1 1 0.004026447015348822
seed123_R2_step2000 40 1 2 0.004006718983873725
seed123_R2_step2000 40 1 3 0.004008062009233981
seed123_R2_step2000 40 1 4 0.004172194050624967
seed123_R2_step2000 40 1 5 0.004193946020677686
seed123_R2_step2000 40 1 6 0.004006859031505883
seed123_R2_step2000 40 1 7 0.004002291010692716
seed123_R2_step2000 40 1 8 0.004114734008908272
seed123_R2_step2000 40 1 9 0.00402594602201134
seed123_R2_step2000 40 2 0 0.004061833955347538
seed123_R2_step2000 40 2 1 0.0040671449969522655
seed123_R2_step2000 40 2 2 0.003981582005508244
seed123_R2_step2000 40 2 3 0.003929182013962418
seed123_R2_step2000 40 2 4 0.003931056009605527
seed123_R2_step2000 40 2 5 0.003900096984580159
seed123_R2_step2000 40 2 6 0.003933199041057378
seed123_R2_step2000 40 2 7 0.003926716977730393
seed123_R2_step2000 40 2 8 0.003944581956602633
seed123_R2_step2000 40 2 9 0.004240242997184396
seed123_R2_step2000 40 3 0 0.004366863984614611
seed123_R2_step2000 40 3 1 0.004028840980026871
seed123_R2_step2000 40 3 2 0.004044851986691356
seed123_R2_step2000 40 3 3 0.003900115960277617
seed123_R2_step2000 40 3 4 0.003921926952898502
seed123_R2_step2000 40 3 5 0.003915476030670106
seed123_R2_step2000 40 3 6 0.003924593038391322
seed123_R2_step2000 40 3 7 0.004329503048211336
seed123_R2_step2000 40 3 8 0.0039219780010171235
seed123_R2_step2000 40 3 9 0.003928481019102037
seed123_R2_step2000 40 4 0 0.004047216032631695
seed123_R2_step2000 40 4 1 0.0040146849933080375
seed123_R2_step2000 40 4 2 0.0040190129657275975
seed123_R2_step2000 40 4 3 0.00401243002852425
seed123_R2_step2000 40 4 4 0.004008873947896063
seed123_R2_step2000 40 4 5 0.003984217008110136
seed123_R2_step2000 40 4 6 0.0040087029919959605
seed123_R2_step2000 40 4 7 0.004008022020570934
seed123_R2_step2000 40 4 8 0.0039750789874233305
seed123_R2_step2000 40 4 9 0.003971511963754892
seed123_R2_step2000 40 5 0 0.00401364202843979
seed123_R2_step2000 40 5 1 0.004014734993688762
seed123_R2_step2000 40 5 2 0.0040015289559960365
seed123_R2_step2000 40 5 3 0.003997252031695098
seed123_R2_step2000 40 5 4 0.004003863024991006
seed123_R2_step2000 40 5 5 0.004038169980049133
seed123_R2_step2000 40 5 6 0.003992220968939364
seed123_R2_step2000 40 5 7 0.004034513025544584
seed123_R2_step2000 40 5 8 0.003849540022201836
seed123_R2_step2000 40 5 9 0.004006097966339439
seed123_R2_step2000 40 6 0 0.003921096969861537
seed123_R2_step2000 40 6 1 0.0038482779636979103
seed123_R2_step2000 40 6 2 0.0038643080042675138
seed123_R2_step2000 40 6 3 0.003879135998431593
seed123_R2_step2000 40 6 4 0.003994536004029214
seed123_R2_step2000 40 6 5 0.0039714520098641515
seed123_R2_step2000 40 6 6 0.004014463978819549
seed123_R2_step2000 40 6 7 0.004003513022325933
seed123_R2_step2000 40 6 8 0.003907922015059739
seed123_R2_step2000 40 6 9 0.003972353995777667
seed123_R2_step2000 40 7 0 0.004017669998575002
seed123_R2_step2000 40 7 1 0.004026276990771294
seed123_R2_step2000 40 7 2 0.003991771023720503
seed123_R2_step2000 40 7 3 0.004012169025372714
seed123_R2_step2000 40 7 4 0.004013050987850875
seed123_R2_step2000 40 7 5 0.004008101997897029
seed123_R2_step2000 40 7 6 0.004010215983726084
seed123_R2_step2000 40 7 7 0.004119093006011099
seed123_R2_step2000 40 7 8 0.004027069022413343
seed123_R2_step2000 40 7 9 0.0040402430458925664
seed123_R2_step2000 40 8 0 0.003932469000574201
seed123_R2_step2000 40 8 1 0.003919223032426089
seed123_R2_step2000 40 8 2 0.003914884990081191
seed123_R2_step2000 40 8 3 0.003915104956831783
seed123_R2_step2000 40 8 4 0.00391590700019151
seed123_R2_step2000 40 8 5 0.003906617988832295
seed123_R2_step2000 40 8 6 0.0043229900184087455
seed123_R2_step2000 40 8 7 0.004375751013867557
seed123_R2_step2000 40 8 8 0.003924902994185686
seed123_R2_step2000 40 8 9 0.003908783954102546
seed123_R2_step2000 40 9 0 0.004063307016622275
seed123_R2_step2000 40 9 1 0.004055882978718728
seed123_R2_step2000 40 9 2 0.004019793996121734
seed123_R2_step2000 40 9 3 0.00412831996800378
seed123_R2_step2000 40 9 4 0.004031636985018849
seed123_R2_step2000 40 9 5 0.004109764995519072
seed123_R2_step2000 40 9 6 0.004020064021460712
seed123_R2_step2000 40 9 7 0.004034532001242042
seed123_R2_step2000 40 9 8 0.0040245529962703586
seed123_R2_step2000 40 9 9 0.004039431980345398
seed123_R2_step2000 47 0 0 0.06867312197573483
seed123_R2_step2000 47 0 1 0.06436899700202048
seed123_R2_step2000 47 0 2 0.06268504401668906
seed123_R2_step2000 47 0 3 0.06049811601405963
seed123_R2_step2000 47 0 4 0.060693696956150234
seed123_R2_step2000 47 0 5 0.06134418398141861
seed123_R2_step2000 47 0 6 0.06541517598088831
seed123_R2_step2000 47 0 7 0.06358663900755346
seed123_R2_step2000 47 0 8 0.06286338303470984
seed123_R2_step2000 47 0 9 0.06411755795124918
seed123_R2_step2000 47 1 0 0.061460634984541684
seed123_R2_step2000 47 1 1 0.06085343100130558
seed123_R2_step2000 47 1 2 0.0616740919649601
seed123_R2_step2000 47 1 3 0.06302967999363318
seed123_R2_step2000 47 1 4 0.06014761998085305
seed123_R2_step2000 47 1 5 0.0625030780211091
seed123_R2_step2000 47 1 6 0.06361250899499282
seed123_R2_step2000 47 1 7 0.06128985097166151
seed123_R2_step2000 47 1 8 0.06240420998074114
seed123_R2_step2000 47 1 9 0.0655158479930833
seed123_R2_step2000 47 2 0 0.06315958697814494
seed123_R2_step2000 47 2 1 0.061549064994324
seed123_R2_step2000 47 2 2 0.0641863890341483
seed123_R2_step2000 47 2 3 0.06254081096267328
seed123_R2_step2000 47 2 4 0.06422127602854744
seed123_R2_step2000 47 2 5 0.06422050402034074
seed123_R2_step2000 47 2 6 0.062123687006533146
seed123_R2_step2000 47 2 7 0.0610033170087263
seed123_R2_step2000 47 2 8 0.063524390978273
seed123_R2_step2000 47 2 9 0.06220068404218182
seed123_R2_step2000 47 3 0 0.06288699898868799
seed123_R2_step2000 47 3 1 0.06631431600544602
seed123_R2_step2000 47 3 2 0.0665201970259659
seed123_R2_step2000 47 3 3 0.06271264801034704
seed123_R2_step2000 47 3 4 0.0648894669720903
seed123_R2_step2000 47 3 5 0.06346266297623515
seed123_R2_step2000 47 3 6 0.061289400968234986
seed123_R2_step2000 47 3 7 0.06494717695750296
seed123_R2_step2000 47 3 8 0.06154799199430272
seed123_R2_step2000 47 3 9 0.06120640295557678
seed123_R2_step2000 47 4 0 0.06096312002046034
seed123_R2_step2000 47 4 1 0.06169848900754005
seed123_R2_step2000 47 4 2 0.06451752898283303
seed123_R2_step2000 47 4 3 0.062063744000624865
seed123_R2_step2000 47 4 4 0.06536004203371704
seed123_R2_step2000 47 4 5 0.06460589804919437
seed123_R2_step2000 47 4 6 0.0624003239790909
seed123_R2_step2000 47 4 7 0.06082042894558981
seed123_R2_step2000 47 4 8 0.06171074201120064
seed123_R2_step2000 47 4 9 0.061894231010228395
seed123_R2_step2000 47 5 0 0.06133456603856757
seed123_R2_step2000 47 5 1 0.06073384400224313
seed123_R2_step2000 47 5 2 0.06186897197039798
seed123_R2_step2000 47 5 3 0.06305755296489224
seed123_R2_step2000 47 5 4 0.06187623704317957
seed123_R2_step2000 47 5 5 0.06262638402404264
seed123_R2_step2000 47 5 6 0.06385522003984079
seed123_R2_step2000 47 5 7 0.06167024502065033
seed123_R2_step2000 47 5 8 0.06180812697857618
seed123_R2_step2000 47 5 9 0.06462488399120048
seed123_R2_step2000 47 6 0 0.06016231799731031
seed123_R2_step2000 47 6 1 0.060482937027700245
seed123_R2_step2000 47 6 2 0.06229105597594753
seed123_R2_step2000 47 6 3 0.061275695043150336
seed123_R2_step2000 47 6 4 0.06281317898537964
seed123_R2_step2000 47 6 5 0.0636633459944278
seed123_R2_step2000 47 6 6 0.06162774399854243
seed123_R2_step2000 47 6 7 0.06367291399510577
seed123_R2_step2000 47 6 8 0.06330411200178787
seed123_R2_step2000 47 6 9 0.06825490697519854
seed123_R2_step2000 47 7 0 0.061892508005257696
seed123_R2_step2000 47 7 1 0.06402521400013939
seed123_R2_step2000 47 7 2 0.062022525002248585
seed123_R2_step2000 47 7 3 0.06240554398391396
seed123_R2_step2000 47 7 4 0.06658798700664192
seed123_R2_step2000 47 7 5 0.06328448501881212
seed123_R2_step2000 47 7 6 0.06324702501296997
seed123_R2_step2000 47 7 7 0.06267812300939113
seed123_R2_step2000 47 7 8 0.0630464629502967
seed123_R2_step2000 47 7 9 0.06654077698476613
seed123_R2_step2000 47 8 0 0.06271753698820248
seed123_R2_step2000 47 8 1 0.06202850700356066
seed123_R2_step2000 47 8 2 0.05950541899073869
seed123_R2_step2000 47 8 3 0.06446201499784365
seed123_R2_step2000 47 8 4 0.061439958051778376
seed123_R2_step2000 47 8 5 0.0634614119771868
seed123_R2_step2000 47 8 6 0.06144532701000571
seed123_R2_step2000 47 8 7 0.06186716997763142
seed123_R2_step2000 47 8 8 0.06278922298224643
seed123_R2_step2000 47 8 9 0.060910942032933235
seed123_R2_step2000 47 9 0 0.06249892100458965
seed123_R2_step2000 47 9 1 0.06570245401235297
seed123_R2_step2000 47 9 2 0.06315414799610153
seed123_R2_step2000 47 9 3 0.06250500300666317
seed123_R2_step2000 47 9 4 0.06167447398183867
seed123_R2_step2000 47 9 5 0.06252369901631027
seed123_R2_step2000 47 9 6 0.06314731400925666
seed123_R2_step2000 47 9 7 0.06287181098014116
seed123_R2_step2000 47 9 8 0.06370734999654815
seed123_R2_step2000 47 9 9 0.062293121009133756
seed123_R2_step2000 51 0 0 0.024406732991337776
seed123_R2_step2000 51 0 1 0.02519480197224766
seed123_R2_step2000 51 0 2 0.02322341297985986
seed123_R2_step2000 51 0 3 0.022997573018074036
seed123_R2_step2000 51 0 4 0.022903524979483336
seed123_R2_step2000 51 0 5 0.022779269027523696
seed123_R2_step2000 51 0 6 0.022663078038021922
seed123_R2_step2000 51 0 7 0.0227462449693121
seed123_R2_step2000 51 0 8 0.0225375079899095
seed123_R2_step2000 51 0 9 0.02462773403385654
seed123_R2_step2000 51 1 0 0.023848602024372667
seed123_R2_step2000 51 1 1 0.022954232001211494
seed123_R2_step2000 51 1 2 0.02286909898975864
seed123_R2_step2000 51 1 3 0.023323713976424187
seed123_R2_step2000 51 1 4 0.02336100401589647
seed123_R2_step2000 51 1 5 0.022915166977327317
seed123_R2_step2000 51 1 6 0.022959040012210608
seed123_R2_step2000 51 1 7 0.025164335034787655
seed123_R2_step2000 51 1 8 0.02517932199407369
seed123_R2_step2000 51 1 9 0.02305098599754274
seed123_R2_step2000 51 2 0 0.022824293992016464
seed123_R2_step2000 51 2 1 0.02292580803623423
seed123_R2_step2000 51 2 2 0.023469100007787347
seed123_R2_step2000 51 2 3 0.022611899999901652
seed123_R2_step2000 51 2 4 0.022316468006465584
seed123_R2_step2000 51 2 5 0.022259249992202967
seed123_R2_step2000 51 2 6 0.022275360010098666
seed123_R2_step2000 51 2 7 0.02231629705056548
seed123_R2_step2000 51 2 8 0.023133412993047386
seed123_R2_step2000 51 2 9 0.022752757999114692
seed123_R2_step2000 51 3 0 0.02318263502093032
seed123_R2_step2000 51 3 1 0.023688988003414124
seed123_R2_step2000 51 3 2 0.02311275200918317
seed123_R2_step2000 51 3 3 0.022651505016256124
seed123_R2_step2000 51 3 4 0.023413265007548034
seed123_R2_step2000 51 3 5 0.023885953007265925
seed123_R2_step2000 51 3 6 0.02260894502978772
seed123_R2_step2000 51 3 7 0.023021888977382332
seed123_R2_step2000 51 3 8 0.027483714977279305
seed123_R2_step2000 51 3 9 0.022635144006926566
seed123_R2_step2000 51 4 0 0.02382374496664852
seed123_R2_step2000 51 4 1 0.023617973958607763
seed123_R2_step2000 51 4 2 0.023097373021300882
seed123_R2_step2000 51 4 3 0.024165353970602155
seed123_R2_step2000 51 4 4 0.023229262966196984
seed123_R2_step2000 51 4 5 0.022293084010016173
seed123_R2_step2000 51 4 6 0.022331517015118152
seed123_R2_step2000 51 4 7 0.02281363302608952
seed123_R2_step2000 51 4 8 0.023502443975303322
seed123_R2_step2000 51 4 9 0.023040324973408133
seed123_R2_step2000 51 5 0 0.023086373053956777
seed123_R2_step2000 51 5 1 0.022538099030498415
seed123_R2_step2000 51 5 2 0.022462646011263132
seed123_R2_step2000 51 5 3 0.02254262799397111
seed123_R2_step2000 51 5 4 0.02258325496222824
seed123_R2_step2000 51 5 5 0.022673597966786474
seed123_R2_step2000 51 5 6 0.02273641701322049
seed123_R2_step2000 51 5 7 0.022808683977928013
seed123_R2_step2000 51 5 8 0.023621029977221042
seed123_R2_step2000 51 5 9 0.02287838701158762
seed123_R2_step2000 51 6 0 0.02474938501836732
seed123_R2_step2000 51 6 1 0.024319847987499088
seed123_R2_step2000 51 6 2 0.02468606404727325
seed123_R2_step2000 51 6 3 0.023238361987750977
seed123_R2_step2000 51 6 4 0.02226234500994906
seed123_R2_step2000 51 6 5 0.022292373003438115
seed123_R2_step2000 51 6 6 0.022299364965874702
seed123_R2_step2000 51 6 7 0.022972306003794074
seed123_R2_step2000 51 6 8 0.022222719970159233
seed123_R2_step2000 51 6 9 0.022584828024264425
seed123_R2_step2000 51 7 0 0.022280461038462818
seed123_R2_step2000 51 7 1 0.022171892982441932
seed123_R2_step2000 51 7 2 0.021440331998746842
seed123_R2_step2000 51 7 3 0.023183397017419338
seed123_R2_step2000 51 7 4 0.023287235002499074
seed123_R2_step2000 51 7 5 0.023942100000567734
seed123_R2_step2000 51 7 6 0.024394178995862603
seed123_R2_step2000 51 7 7 0.02323498501209542
seed123_R2_step2000 51 7 8 0.023065031971782446
seed123_R2_step2000 51 7 9 0.022593634959775954
seed123_R2_step2000 51 8 0 0.028900870005600154
seed123_R2_step2000 51 8 1 0.024008945969399065
seed123_R2_step2000 51 8 2 0.023104276973754168
seed123_R2_step2000 51 8 3 0.022585200029425323
seed123_R2_step2000 51 8 4 0.02217332599684596
seed123_R2_step2000 51 8 5 0.022099545982200652
seed123_R2_step2000 51 8 6 0.024411823018454015
seed123_R2_step2000 51 8 7 0.023743783007375896
seed123_R2_step2000 51 8 8 0.02248212299309671
seed123_R2_step2000 51 8 9 0.021941525978036225
seed123_R2_step2000 51 9 0 0.022759301005862653
seed123_R2_step2000 51 9 1 0.02226363797672093
seed123_R2_step2000 51 9 2 0.023834255000110716
seed123_R2_step2000 51 9 3 0.023286532959900796
seed123_R2_step2000 51 9 4 0.02211384300608188
seed123_R2_step2000 51 9 5 0.02194065402727574
seed123_R2_step2000 51 9 6 0.021894534991588444
seed123_R2_step2000 51 9 7 0.023710940033197403
seed123_R2_step2000 51 9 8 0.02408476104028523
seed123_R2_step2000 51 9 9 0.026329840009566396
seed123_R2_step2000 52 0 0 0.7892202159855515
seed123_R2_step2000 52 0 1 0.820164794975426
seed123_R2_step2000 52 0 2 0.8148967180168256
seed123_R2_step2000 52 0 3 0.8068262439919636
seed123_R2_step2000 52 0 4 0.8210223420173861
seed123_R2_step2000 52 0 5 0.8055786550394259
seed123_R2_step2000 52 0 6 0.8221793369739316
seed123_R2_step2000 52 0 7 0.8111065120319836
seed123_R2_step2000 52 0 8 0.8059358409955166
seed123_R2_step2000 52 0 9 0.8014484290033579
seed123_R2_step2000 52 1 0 0.791404361021705
seed123_R2_step2000 52 1 1 0.8115305459941737
seed123_R2_step2000 52 1 2 0.809423171041999
seed123_R2_step2000 52 1 3 0.8325120909721591
seed123_R2_step2000 52 1 4 0.8530766110052355
seed123_R2_step2000 52 1 5 0.8603813759982586
seed123_R2_step2000 52 1 6 0.8606104839709587
seed123_R2_step2000 52 1 7 0.8812466000090353
seed123_R2_step2000 52 1 8 0.8798378739738837
seed123_R2_step2000 52 1 9 0.8567379459855147
seed123_R2_step2000 52 2 0 0.8516031339531764
seed123_R2_step2000 52 2 1 0.8407382239820436
seed123_R2_step2000 52 2 2 0.8171578029869124
seed123_R2_step2000 52 2 3 0.8431901610456407
seed123_R2_step2000 52 2 4 0.8584809129824862
seed123_R2_step2000 52 2 5 0.8572329409653321
seed123_R2_step2000 52 2 6 0.8830170889850706
seed123_R2_step2000 52 2 7 0.8430158580304123
seed123_R2_step2000 52 2 8 0.8643539000186138
seed123_R2_step2000 52 2 9 0.878724382026121
seed123_R2_step2000 52 3 0 0.8278716449858621
seed123_R2_step2000 52 3 1 0.8422320369863883
seed123_R2_step2000 52 3 2 0.841958720004186
seed123_R2_step2000 52 3 3 0.8646934280404821
seed123_R2_step2000 52 3 4 0.8751988590229303
seed123_R2_step2000 52 3 5 0.8644455810426734
seed123_R2_step2000 52 3 6 0.8810538289835677
seed123_R2_step2000 52 3 7 0.8689194039907306
seed123_R2_step2000 52 3 8 0.8547844049753621
seed123_R2_step2000 52 3 9 0.8873650779714808
seed123_R2_step2000 52 4 0 0.8898750040098093
seed123_R2_step2000 52 4 1 0.8739073189790361
seed123_R2_step2000 52 4 2 0.8777834639768116
seed123_R2_step2000 52 4 3 0.8655179089982994
seed123_R2_step2000 52 4 4 0.8852390060201287
seed123_R2_step2000 52 4 5 0.8962386789498851
seed123_R2_step2000 52 4 6 0.8593306699767709
seed123_R2_step2000 52 4 7 0.8854020750150084
seed123_R2_step2000 52 4 8 0.8672703849733807
seed123_R2_step2000 52 4 9 0.8639998360304162
seed123_R2_step2000 52 5 0 0.8465908990474418
seed123_R2_step2000 52 5 1 0.8579794709803537
seed123_R2_step2000 52 5 2 0.8339205769589171
seed123_R2_step2000 52 5 3 0.8426286109606735
seed123_R2_step2000 52 5 4 0.8493731789640151
seed123_R2_step2000 52 5 5 0.8499145210371353
seed123_R2_step2000 52 5 6 0.8560188930132426
seed123_R2_step2000 52 5 7 0.8306982289650477
seed123_R2_step2000 52 5 8 0.8410749269532971
seed123_R2_step2000 52 5 9 0.839342143968679
seed123_R2_step2000 52 6 0 0.8304543629637919
seed123_R2_step2000 52 6 1 0.8237346850219183
seed123_R2_step2000 52 6 2 0.8369839239749126
seed123_R2_step2000 52 6 3 0.8081519529805519
seed123_R2_step2000 52 6 4 0.8372266900260001
seed123_R2_step2000 52 6 5 0.8218782530166209
seed123_R2_step2000 52 6 6 0.8460052599548362
seed123_R2_step2000 52 6 7 0.8255976809887215
seed123_R2_step2000 52 6 8 0.8332105409936048
seed123_R2_step2000 52 6 9 0.8553030600305647
seed123_R2_step2000 52 7 0 0.83804132102523
seed123_R2_step2000 52 7 1 0.8168923920020461
seed123_R2_step2000 52 7 2 0.844145525014028
seed123_R2_step2000 52 7 3 0.8478234430076554
seed123_R2_step2000 52 7 4 0.8801891589537263
seed123_R2_step2000 52 7 5 0.836897216970101
seed123_R2_step2000 52 7 6 0.8604776349966414
seed123_R2_step2000 52 7 7 0.8604011519928463
seed123_R2_step2000 52 7 8 0.8675534770009108
seed123_R2_step2000 52 7 9 0.8631840589805506
seed123_R2_step2000 52 8 0 0.8492226289818063
seed123_R2_step2000 52 8 1 0.818847791000735
seed123_R2_step2000 52 8 2 0.8365275270189159
seed123_R2_step2000 52 8 3 0.8610585349961184
seed123_R2_step2000 52 8 4 0.9566194329527207
seed123_R2_step2000 52 8 5 0.8842443259782158
seed123_R2_step2000 52 8 6 0.8561063130036928
seed123_R2_step2000 52 8 7 0.8691381409880705
seed123_R2_step2000 52 8 8 0.8467344130040146
seed123_R2_step2000 52 8 9 0.8524844709900208
seed123_R2_step2000 52 9 0 0.8466819069581106
seed123_R2_step2000 52 9 1 0.8456694739870727
seed123_R2_step2000 52 9 2 0.834981647960376
seed123_R2_step2000 52 9 3 0.8475231339689344
seed123_R2_step2000 52 9 4 0.8537672400125302
seed123_R2_step2000 52 9 5 0.8283170090289786
seed123_R2_step2000 52 9 6 0.8282744499738328
seed123_R2_step2000 52 9 7 0.8453896529972553
seed123_R2_step2000 52 9 8 0.8367742300033569
seed123_R2_step2000 52 9 9 0.8478744230233133
seed123_R2_step2000 56 0 0 0.01865376898786053
seed123_R2_step2000 56 0 1 0.01688200799981132
seed123_R2_step2000 56 0 2 0.01690960198175162
seed123_R2_step2000 56 0 3 0.016747853020206094
seed123_R2_step2000 56 0 4 0.01649289799388498
seed123_R2_step2000 56 0 5 0.016335298016201705
seed123_R2_step2000 56 0 6 0.01599209598498419
seed123_R2_step2000 56 0 7 0.01636549603426829
seed123_R2_step2000 56 0 8 0.018604563956614584
seed123_R2_step2000 56 0 9 0.017537755018565804
seed123_R2_step2000 56 1 0 0.01834072300698608
seed123_R2_step2000 56 1 1 0.01700527302455157
seed123_R2_step2000 56 1 2 0.017715033027343452
seed123_R2_step2000 56 1 3 0.016988881048746407
seed123_R2_step2000 56 1 4 0.017171840008813888
seed123_R2_step2000 56 1 5 0.016978582018055022
seed123_R2_step2000 56 1 6 0.016980955959297717
seed123_R2_step2000 56 1 7 0.017451601976063102
seed123_R2_step2000 56 1 8 0.01682666299166158
seed123_R2_step2000 56 1 9 0.017005263012833893
seed123_R2_step2000 56 2 0 0.0169946730020456
seed123_R2_step2000 56 2 1 0.016972420969977975
seed123_R2_step2000 56 2 2 0.017437834991142154
seed123_R2_step2000 56 2 3 0.01708250999217853
seed123_R2_step2000 56 2 4 0.016973473015241325
seed123_R2_step2000 56 2 5 0.017164195014629513
seed123_R2_step2000 56 2 6 0.01728784100851044
seed123_R2_step2000 56 2 7 0.017368413042277098
seed123_R2_step2000 56 2 8 0.01728637801716104
seed123_R2_step2000 56 2 9 0.017367362044751644
seed123_R2_step2000 56 3 0 0.017178882961161435
seed123_R2_step2000 56 3 1 0.017111363995354623
seed123_R2_step2000 56 3 2 0.017078413045965135
seed123_R2_step2000 56 3 3 0.017226472962647676
seed123_R2_step2000 56 3 4 0.01896316697821021
seed123_R2_step2000 56 3 5 0.017261789995245636
seed123_R2_step2000 56 3 6 0.01693983795121312
seed123_R2_step2000 56 3 7 0.017126033024396747
seed123_R2_step2000 56 3 8 0.017243444977793843
seed123_R2_step2000 56 3 9 0.017094041977543384
seed123_R2_step2000 56 4 0 0.017089473025407642
seed123_R2_step2000 56 4 1 0.01717602799180895
seed123_R2_step2000 56 4 2 0.017155659035779536
seed123_R2_step2000 56 4 3 0.017153594992123544
seed123_R2_step2000 56 4 4 0.017139967996627092
seed123_R2_step2000 56 4 5 0.01714432699372992
seed123_R2_step2000 56 4 6 0.017161639989353716
seed123_R2_step2000 56 4 7 0.01712500100256875
seed123_R2_step2000 56 4 8 0.017119240015745163
seed123_R2_step2000 56 4 9 0.017186326964292675
seed123_R2_step2000 56 5 0 0.017243285954464227
seed123_R2_step2000 56 5 1 0.017200924979988486
seed123_R2_step2000 56 5 2 0.017226083029527217
seed123_R2_step2000 56 5 3 0.017191045975778252
seed123_R2_step2000 56 5 4 0.017184383992571384
seed123_R2_step2000 56 5 5 0.017213789047673345
seed123_R2_step2000 56 5 6 0.01722499099560082
seed123_R2_step2000 56 5 7 0.0173274950357154
seed123_R2_step2000 56 5 8 0.017238136031664908
seed123_R2_step2000 56 5 9 0.01719098596367985
seed123_R2_step2000 56 6 0 0.017256430990528315
seed123_R2_step2000 56 6 1 0.016976377984974533
seed123_R2_step2000 56 6 2 0.01721017196541652
seed123_R2_step2000 56 6 3 0.020350205013528466
seed123_R2_step2000 56 6 4 0.01698985300026834
seed123_R2_step2000 56 6 5 0.017016423982568085
seed123_R2_step2000 56 6 6 0.01716672896873206
seed123_R2_step2000 56 6 7 0.01703169394750148
seed123_R2_step2000 56 6 8 0.017155617999378592
seed123_R2_step2000 56 6 9 0.017009511997457594
seed123_R2_step2000 56 7 0 0.01700996095314622
seed123_R2_step2000 56 7 1 0.016998820996377617
seed123_R2_step2000 56 7 2 0.017039096972439438
seed123_R2_step2000 56 7 3 0.017018958984408528
seed123_R2_step2000 56 7 4 0.017048573994543403
seed123_R2_step2000 56 7 5 0.017070907982997596
seed123_R2_step2000 56 7 6 0.017088571039494127
seed123_R2_step2000 56 7 7 0.01713093201396987
seed123_R2_step2000 56 7 8 0.017047792964149266
seed123_R2_step2000 56 7 9 0.017021403997205198
seed123_R2_step2000 56 8 0 0.01716029696399346
seed123_R2_step2000 56 8 1 0.017018968996126205
seed123_R2_step2000 56 8 2 0.016980796004645526
seed123_R2_step2000 56 8 3 0.017012325988616794
seed123_R2_step2000 56 8 4 0.017019349965266883
seed123_R2_step2000 56 8 5 0.01701676397351548
seed123_R2_step2000 56 8 6 0.016956931969616562
seed123_R2_step2000 56 8 7 0.016911012993659824
seed123_R2_step2000 56 8 8 0.017472462030127645
seed123_R2_step2000 56 8 9 0.020714146026875824
seed123_R2_step2000 56 9 0 0.01704970799619332
seed123_R2_step2000 56 9 1 0.01699029398150742
seed123_R2_step2000 56 9 2 0.017010132025461644
seed123_R2_step2000 56 9 3 0.016998680017422885
seed123_R2_step2000 56 9 4 0.017111245018895715
seed123_R2_step2000 56 9 5 0.017032574978657067
seed123_R2_step2000 56 9 6 0.017278753977734596
seed123_R2_step2000 56 9 7 0.01736822200473398
seed123_R2_step2000 56 9 8 0.017223617993295193
seed123_R2_step2000 56 9 9 0.01721020304830745
seed123_R2_step2000 62 0 0 0.28544857300585136
seed123_R2_step2000 62 0 1 0.28942871396429837
seed123_R2_step2000 62 0 2 0.29405202699126676
seed123_R2_step2000 62 0 3 0.29788582801120356
seed123_R2_step2000 62 0 4 0.3010022059897892
seed123_R2_step2000 62 0 5 0.3206767560332082
seed123_R2_step2000 62 0 6 0.3418373130261898
seed123_R2_step2000 62 0 7 0.31864134600618854
seed123_R2_step2000 62 0 8 0.2937600630102679
seed123_R2_step2000 62 0 9 0.2987771459738724
seed123_R2_step2000 62 1 0 0.29479206597898155
seed123_R2_step2000 62 1 1 0.29498841997701675
seed123_R2_step2000 62 1 2 0.29976308200275525
seed123_R2_step2000 62 1 3 0.29347589396638796
seed123_R2_step2000 62 1 4 0.3047960739932023
seed123_R2_step2000 62 1 5 0.29588806303218007
seed123_R2_step2000 62 1 6 0.2917825039476156
seed123_R2_step2000 62 1 7 0.2868748809560202
seed123_R2_step2000 62 1 8 0.27492655598325655
seed123_R2_step2000 62 1 9 0.2869063399848528
seed123_R2_step2000 62 2 0 0.27823886601254344
seed123_R2_step2000 62 2 1 0.277498276962433
seed123_R2_step2000 62 2 2 0.27716635703109205
seed123_R2_step2000 62 2 3 0.2765835580066778
seed123_R2_step2000 62 2 4 0.28746522398432717
seed123_R2_step2000 62 2 5 0.2819642630056478
seed123_R2_step2000 62 2 6 0.2770648840232752
seed123_R2_step2000 62 2 7 0.27843554102582857
seed123_R2_step2000 62 2 8 0.28018231299938634
seed123_R2_step2000 62 2 9 0.28082976600853726
seed123_R2_step2000 62 3 0 0.28528743400238454
seed123_R2_step2000 62 3 1 0.2820021759835072
seed123_R2_step2000 62 3 2 0.29866994702024385
seed123_R2_step2000 62 3 3 0.2950418080436066
seed123_R2_step2000 62 3 4 0.2830950040370226
seed123_R2_step2000 62 3 5 0.2777868580305949
seed123_R2_step2000 62 3 6 0.277458835975267
seed123_R2_step2000 62 3 7 0.28821152704767883
seed123_R2_step2000 62 3 8 0.27734829497057945
seed123_R2_step2000 62 3 9 0.2843684779945761
seed123_R2_step2000 62 4 0 0.2813863870105706
seed123_R2_step2000 62 4 1 0.2778820509556681
seed123_R2_step2000 62 4 2 0.28235878597479314
seed123_R2_step2000 62 4 3 0.28749155899276957
seed123_R2_step2000 62 4 4 0.28793950099498034
seed123_R2_step2000 62 4 5 0.2781936850515194
seed123_R2_step2000 62 4 6 0.2887944779940881
seed123_R2_step2000 62 4 7 0.2818914590170607
seed123_R2_step2000 62 4 8 0.28617601800942793
seed123_R2_step2000 62 4 9 0.27898731600726023
seed123_R2_step2000 62 5 0 0.2857737939921208
seed123_R2_step2000 62 5 1 0.28521586302667856
seed123_R2_step2000 62 5 2 0.28314997296547517
seed123_R2_step2000 62 5 3 0.28070193802705035
seed123_R2_step2000 62 5 4 0.2774282909813337
seed123_R2_step2000 62 5 5 0.2790417110081762
seed123_R2_step2000 62 5 6 0.2758720319834538
seed123_R2_step2000 62 5 7 0.280065288010519
seed123_R2_step2000 62 5 8 0.2835616279626265
seed123_R2_step2000 62 5 9 0.28927765000844374
seed123_R2_step2000 62 6 0 0.281164028972853
seed123_R2_step2000 62 6 1 0.28607168298913166
seed123_R2_step2000 62 6 2 0.281880030001048
seed123_R2_step2000 62 6 3 0.2859841160243377
seed123_R2_step2000 62 6 4 0.2773666360299103
seed123_R2_step2000 62 6 5 0.28064680501120165
seed123_R2_step2000 62 6 6 0.29413224599557
seed123_R2_step2000 62 6 7 0.2979033470037393
seed123_R2_step2000 62 6 8 0.2848878839868121
seed123_R2_step2000 62 6 9 0.2821812150068581
seed123_R2_step2000 62 7 0 0.29145079501904547
seed123_R2_step2000 62 7 1 0.2840065570198931
seed123_R2_step2000 62 7 2 0.287678861990571
seed123_R2_step2000 62 7 3 0.28514665499096736
seed123_R2_step2000 62 7 4 0.27570673101581633
seed123_R2_step2000 62 7 5 0.2824524720199406
seed123_R2_step2000 62 7 6 0.28107974102022126
seed123_R2_step2000 62 7 7 0.2798175700008869
seed123_R2_step2000 62 7 8 0.28374920901842415
seed123_R2_step2000 62 7 9 0.27931531600188464
seed123_R2_step2000 62 8 0 0.2858031560317613
seed123_R2_step2000 62 8 1 0.28071751300012693
seed123_R2_step2000 62 8 2 0.28410728101152927
seed123_R2_step2000 62 8 3 0.2830408319714479
seed123_R2_step2000 62 8 4 0.2797412169747986
seed123_R2_step2000 62 8 5 0.2840513549745083
seed123_R2_step2000 62 8 6 0.281355477985926
seed123_R2_step2000 62 8 7 0.28722616395680234
seed123_R2_step2000 62 8 8 0.28599440096877515
seed123_R2_step2000 62 8 9 0.28060639405157417
seed123_R2_step2000 62 9 0 0.28269759099930525
seed123_R2_step2000 62 9 1 0.27937566296895966
seed123_R2_step2000 62 9 2 0.28627785202115774
seed123_R2_step2000 62 9 3 0.28100588504457846
seed123_R2_step2000 62 9 4 0.28022657096153125
seed123_R2_step2000 62 9 5 0.2818388390005566
seed123_R2_step2000 62 9 6 0.28418837796198204
seed123_R2_step2000 62 9 7 0.2907636640011333
seed123_R2_step2000 62 9 8 0.2870380269596353
seed123_R2_step2000 62 9 9 0.28081174596445635
seed123_R2_step2000 64 0 0 0.17266206501517445
seed123_R2_step2000 64 0 1 0.1696075139916502
seed123_R2_step2000 64 0 2 0.1725970910047181
seed123_R2_step2000 64 0 3 0.16980171500472352
seed123_R2_step2000 64 0 4 0.1702601369470358
seed123_R2_step2000 64 0 5 0.17626923596253619
seed123_R2_step2000 64 0 6 0.1704415210406296
seed123_R2_step2000 64 0 7 0.17700250097550452
seed123_R2_step2000 64 0 8 0.17401383601827547
seed123_R2_step2000 64 0 9 0.1701575019978918
seed123_R2_step2000 64 1 0 0.1735871249693446
seed123_R2_step2000 64 1 1 0.17200994497397915
seed123_R2_step2000 64 1 2 0.17737298598513007
seed123_R2_step2000 64 1 3 0.16981789603596553
seed123_R2_step2000 64 1 4 0.16874981397995725
seed123_R2_step2000 64 1 5 0.16753072600113228
seed123_R2_step2000 64 1 6 0.17225166503340006
seed123_R2_step2000 64 1 7 0.1681109609780833
seed123_R2_step2000 64 1 8 0.1731542720226571
seed123_R2_step2000 64 1 9 0.16954752197489142
seed123_R2_step2000 64 2 0 0.1701622109976597
seed123_R2_step2000 64 2 1 0.17221694899490103
seed123_R2_step2000 64 2 2 0.16950530296890065
seed123_R2_step2000 64 2 3 0.16756342898588628
seed123_R2_step2000 64 2 4 0.1771577870240435
seed123_R2_step2000 64 2 5 0.1700919779832475
seed123_R2_step2000 64 2 6 0.17209959699539468
seed123_R2_step2000 64 2 7 0.17824864201247692
seed123_R2_step2000 64 2 8 0.1678321710205637
seed123_R2_step2000 64 2 9 0.1785041990224272
seed123_R2_step2000 64 3 0 0.17971146502532065
seed123_R2_step2000 64 3 1 0.1729228439508006
seed123_R2_step2000 64 3 2 0.175907960976474
seed123_R2_step2000 64 3 3 0.1714483990217559
seed123_R2_step2000 64 3 4 0.17420319898519665
seed123_R2_step2000 64 3 5 0.17891875799978152
seed123_R2_step2000 64 3 6 0.17235789902042598
seed123_R2_step2000 64 3 7 0.17125986103201285
seed123_R2_step2000 64 3 8 0.17327179800486192
seed123_R2_step2000 64 3 9 0.16973685298580676
seed123_R2_step2000 64 4 0 0.16568267298862338
seed123_R2_step2000 64 4 1 0.17669329600175843
seed123_R2_step2000 64 4 2 0.17074773699278012
seed123_R2_step2000 64 4 3 0.17104174598352984
seed123_R2_step2000 64 4 4 0.1756976909819059
seed123_R2_step2000 64 4 5 0.1733056219527498
seed123_R2_step2000 64 4 6 0.17088526900624856
seed123_R2_step2000 64 4 7 0.17878409300465137
seed123_R2_step2000 64 4 8 0.17082144797313958
seed123_R2_step2000 64 4 9 0.172239544976037
seed123_R2_step2000 64 5 0 0.1678337650373578
seed123_R2_step2000 64 5 1 0.1732534939656034
seed123_R2_step2000 64 5 2 0.17475399799877778
seed123_R2_step2000 64 5 3 0.17321066197473556
seed123_R2_step2000 64 5 4 0.1703981629689224
seed123_R2_step2000 64 5 5 0.1720483920071274
seed123_R2_step2000 64 5 6 0.16896506695775315
seed123_R2_step2000 64 5 7 0.17837018601130694
seed123_R2_step2000 64 5 8 0.17011664801975712
seed123_R2_step2000 64 5 9 0.17940830998122692
seed123_R2_step2000 64 6 0 0.17271057202015072
seed123_R2_step2000 64 6 1 0.17769185599172488
seed123_R2_step2000 64 6 2 0.17573515500407666
seed123_R2_step2000 64 6 3 0.17062446399359033
seed123_R2_step2000 64 6 4 0.18566554301651195
seed123_R2_step2000 64 6 5 0.18727357097668573
seed123_R2_step2000 64 6 6 0.174609032983426
seed123_R2_step2000 64 6 7 0.16787586698774248
seed123_R2_step2000 64 6 8 0.1699499009991996
seed123_R2_step2000 64 6 9 0.17318231001263484
seed123_R2_step2000 64 7 0 0.17439536697929725
seed123_R2_step2000 64 7 1 0.17021196003770456
seed123_R2_step2000 64 7 2 0.1715132159879431
seed123_R2_step2000 64 7 3 0.17017135303467512
seed123_R2_step2000 64 7 4 0.1753959699999541
seed123_R2_step2000 64 7 5 0.1683269159984775
seed123_R2_step2000 64 7 6 0.17092219198821113
seed123_R2_step2000 64 7 7 0.17727043596096337
seed123_R2_step2000 64 7 8 0.1751399839995429
seed123_R2_step2000 64 7 9 0.1679503489867784
seed123_R2_step2000 64 8 0 0.1679706280119717
seed123_R2_step2000 64 8 1 0.17175154900178313
seed123_R2_step2000 64 8 2 0.16892832901794463
seed123_R2_step2000 64 8 3 0.17398392601171508
seed123_R2_step2000 64 8 4 0.1676375039969571
seed123_R2_step2000 64 8 5 0.17247521702665836
seed123_R2_step2000 64 8 6 0.16917056997772306
seed123_R2_step2000 64 8 7 0.16843591298675165
seed123_R2_step2000 64 8 8 0.16633326496230438
seed123_R2_step2000 64 8 9 0.17004855099366978
seed123_R2_step2000 64 9 0 0.17832908005220816
seed123_R2_step2000 64 9 1 0.1747414370183833
seed123_R2_step2000 64 9 2 0.1764616590226069
seed123_R2_step2000 64 9 3 0.16810536495177075
seed123_R2_step2000 64 9 4 0.1677365240175277
seed123_R2_step2000 64 9 5 0.1668767380178906
seed123_R2_step2000 64 9 6 0.168229210015852
seed123_R2_step2000 64 9 7 0.16759114799788222
seed123_R2_step2000 64 9 8 0.1735251639620401
seed123_R2_step2000 64 9 9 0.16364347899798304
seed123_R2_step2000 69 0 0 0.5226781119708903
seed123_R2_step2000 69 0 1 0.5240000880439766
seed123_R2_step2000 69 0 2 0.5304379430017434
seed123_R2_step2000 69 0 3 0.5019478839822114
seed123_R2_step2000 69 0 4 0.5077936929883435
seed123_R2_step2000 69 0 5 0.5214687450206839
seed123_R2_step2000 69 0 6 0.5353865179931745
seed123_R2_step2000 69 0 7 0.5446149019990116
seed123_R2_step2000 69 0 8 0.516741084982641
seed123_R2_step2000 69 0 9 0.5092321329866536
seed123_R2_step2000 69 1 0 0.49755676597123966
seed123_R2_step2000 69 1 1 0.5003022589953616
seed123_R2_step2000 69 1 2 0.5102110960287973
seed123_R2_step2000 69 1 3 0.5149662519688718
seed123_R2_step2000 69 1 4 0.5190858889836818
seed123_R2_step2000 69 1 5 0.5160133060417138
seed123_R2_step2000 69 1 6 0.5119895529933274
seed123_R2_step2000 69 1 7 0.505286313011311
seed123_R2_step2000 69 1 8 0.5317355719744228
seed123_R2_step2000 69 1 9 0.5066529239993542
seed123_R2_step2000 69 2 0 0.5186598320142366
seed123_R2_step2000 69 2 1 0.512272063002456
seed123_R2_step2000 69 2 2 0.5148572319885716
seed123_R2_step2000 69 2 3 0.5230308179743588
seed123_R2_step2000 69 2 4 0.5128912630025297
seed123_R2_step2000 69 2 5 0.5201421150122769
seed123_R2_step2000 69 2 6 0.5183702660142444
seed123_R2_step2000 69 2 7 0.5161454940098338
seed123_R2_step2000 69 2 8 0.5153345830040053
seed123_R2_step2000 69 2 9 0.5254100579768419
seed123_R2_step2000 69 3 0 0.5165470209904015
seed123_R2_step2000 69 3 1 0.5187013579998165
seed123_R2_step2000 69 3 2 0.5245343340211548
seed123_R2_step2000 69 3 3 0.5163901530322619
seed123_R2_step2000 69 3 4 0.5187701510149054
seed123_R2_step2000 69 3 5 0.5239612970035523
seed123_R2_step2000 69 3 6 0.5198572209919803
seed123_R2_step2000 69 3 7 0.5047736799460836
seed123_R2_step2000 69 3 8 0.5217454230296426
seed123_R2_step2000 69 3 9 0.5370791500317864
seed123_R2_step2000 69 4 0 0.5356078020413406
seed123_R2_step2000 69 4 1 0.53520651999861
seed123_R2_step2000 69 4 2 0.5369109329767525
seed123_R2_step2000 69 4 3 0.5406634610262699
seed123_R2_step2000 69 4 4 0.5327021779958159
seed123_R2_step2000 69 4 5 0.5429886549827643
seed123_R2_step2000 69 4 6 0.5226186289801262
seed123_R2_step2000 69 4 7 0.5299157699919306
seed123_R2_step2000 69 4 8 0.5233068199595436
seed123_R2_step2000 69 4 9 0.5300910059595481
seed123_R2_step2000 69 5 0 0.5229033929645084
seed123_R2_step2000 69 5 1 0.5280063709942624
seed123_R2_step2000 69 5 2 0.5441236390033737
seed123_R2_step2000 69 5 3 0.544365841022227
seed123_R2_step2000 69 5 4 0.5307322479784489
seed123_R2_step2000 69 5 5 0.540701370977331
seed123_R2_step2000 69 5 6 0.5105561119853519
seed123_R2_step2000 69 5 7 0.5172282439889386
seed123_R2_step2000 69 5 8 0.541371357976459
seed123_R2_step2000 69 5 9 0.5190521950135008
seed123_R2_step2000 69 6 0 0.5330210059764795
seed123_R2_step2000 69 6 1 0.5434151669614948
seed123_R2_step2000 69 6 2 0.5163065149681643
seed123_R2_step2000 69 6 3 0.5319681239780039
seed123_R2_step2000 69 6 4 0.5212721709976904
seed123_R2_step2000 69 6 5 0.5353614009800367
seed123_R2_step2000 69 6 6 0.5341382760088891
seed123_R2_step2000 69 6 7 0.5360381089849398
seed123_R2_step2000 69 6 8 0.5214686259860173
seed123_R2_step2000 69 6 9 0.513140386028681
seed123_R2_step2000 69 7 0 0.512945156020578
seed123_R2_step2000 69 7 1 0.5146719010081142
seed123_R2_step2000 69 7 2 0.5101780139957555
seed123_R2_step2000 69 7 3 0.5152550909551792
seed123_R2_step2000 69 7 4 0.5274568509776145
seed123_R2_step2000 69 7 5 0.5242689679726027
seed123_R2_step2000 69 7 6 0.5228712699608877
seed123_R2_step2000 69 7 7 0.5188989649759606
seed123_R2_step2000 69 7 8 0.5173576129600406
seed123_R2_step2000 69 7 9 0.5049303160049021
seed123_R2_step2000 69 8 0 0.5295904339873232
seed123_R2_step2000 69 8 1 0.5213173280353658
seed123_R2_step2000 69 8 2 0.5110325039713643
seed123_R2_step2000 69 8 3 0.5073920009890571
seed123_R2_step2000 69 8 4 0.5184209399740212
seed123_R2_step2000 69 8 5 0.5114518040209077
seed123_R2_step2000 69 8 6 0.519476208020933
seed123_R2_step2000 69 8 7 0.5186262829811312
seed123_R2_step2000 69 8 8 0.5179625099990517
seed123_R2_step2000 69 8 9 0.5122214009752497
seed123_R2_step2000 69 9 0 0.5134300900390372
seed123_R2_step2000 69 9 1 0.5222673409734853
seed123_R2_step2000 69 9 2 0.5210255080019124
seed123_R2_step2000 69 9 3 0.514578525966499
seed123_R2_step2000 69 9 4 0.522687582008075
seed123_R2_step2000 69 9 5 0.5141337609966286
seed123_R2_step2000 69 9 6 0.5183517360128462
seed123_R2_step2000 69 9 7 0.5246523109963164
seed123_R2_step2000 69 9 8 0.511739589041099
seed123_R2_step2000 69 9 9 0.5317727260407992
seed123_R2_step2000 74 0 0 0.7185051360283978
seed123_R2_step2000 74 0 1 0.7113116540131159
seed123_R2_step2000 74 0 2 0.7122366250259802
seed123_R2_step2000 74 0 3 0.710366158047691
seed123_R2_step2000 74 0 4 0.7174560949788429
seed123_R2_step2000 74 0 5 0.7377078180434182
seed123_R2_step2000 74 0 6 0.7314490060089156
seed123_R2_step2000 74 0 7 0.7202280010096729
seed123_R2_step2000 74 0 8 0.7187071700464003
seed123_R2_step2000 74 0 9 0.7309941240237094
seed123_R2_step2000 74 1 0 0.7135336810024455
seed123_R2_step2000 74 1 1 0.7173235510126688
seed123_R2_step2000 74 1 2 0.7186806140234694
seed123_R2_step2000 74 1 3 0.7185797640122473
seed123_R2_step2000 74 1 4 0.7177062730188482
seed123_R2_step2000 74 1 5 0.7192817710456438
seed123_R2_step2000 74 1 6 0.7176370639936067
seed123_R2_step2000 74 1 7 0.7090350729995407
seed123_R2_step2000 74 1 8 0.7029566920245998
seed123_R2_step2000 74 1 9 0.6976740030222572
seed123_R2_step2000 74 2 0 0.6960122429882176
seed123_R2_step2000 74 2 1 0.7224019330460578
seed123_R2_step2000 74 2 2 0.7309994389652275
seed123_R2_step2000 74 2 3 0.7154366460163146
seed123_R2_step2000 74 2 4 0.7141238210024312
seed123_R2_step2000 74 2 5 0.7267616110038944
seed123_R2_step2000 74 2 6 0.7195432410226204
seed123_R2_step2000 74 2 7 0.7116060549742542
seed123_R2_step2000 74 2 8 0.7280090969870798
seed123_R2_step2000 74 2 9 0.7092348859878257
seed123_R2_step2000 74 3 0 0.7211651009856723
seed123_R2_step2000 74 3 1 0.7442562770447694
seed123_R2_step2000 74 3 2 0.7311905539827421
seed123_R2_step2000 74 3 3 0.7604160190094262
seed123_R2_step2000 74 3 4 0.7183085810393095
seed123_R2_step2000 74 3 5 0.7125863279798068
seed123_R2_step2000 74 3 6 0.6986798550351523
seed123_R2_step2000 74 3 7 0.7118966879788786
seed123_R2_step2000 74 3 8 0.7289656789507717
seed123_R2_step2000 74 3 9 0.7371236479957588
seed123_R2_step2000 74 4 0 0.724209193023853
seed123_R2_step2000 74 4 1 0.720434081973508
seed123_R2_step2000 74 4 2 0.7171813570312224
seed123_R2_step2000 74 4 3 0.7198006699909456
seed123_R2_step2000 74 4 4 0.7238179830019362
seed123_R2_step2000 74 4 5 0.724684692977462
seed123_R2_step2000 74 4 6 0.7173620960093103
seed123_R2_step2000 74 4 7 0.7278678310103714
seed123_R2_step2000 74 4 8 0.7282791539910249
seed123_R2_step2000 74 4 9 0.7360848739626817
seed123_R2_step2000 74 5 0 0.7015996150439605
seed123_R2_step2000 74 5 1 0.7197313680080697
seed123_R2_step2000 74 5 2 0.7203023039619438
seed123_R2_step2000 74 5 3 0.7368334230268374
seed123_R2_step2000 74 5 4 0.7268478680052795
seed123_R2_step2000 74 5 5 0.7368819960393012
seed123_R2_step2000 74 5 6 0.7156765099498443
seed123_R2_step2000 74 5 7 0.7138469000346959
seed123_R2_step2000 74 5 8 0.729429523984436
seed123_R2_step2000 74 5 9 0.7378809610381722
seed123_R2_step2000 74 6 0 0.7139365139883012
seed123_R2_step2000 74 6 1 0.724408726033289
seed123_R2_step2000 74 6 2 0.7136170290177688
seed123_R2_step2000 74 6 3 0.7192671669763513
seed123_R2_step2000 74 6 4 0.730633391009178
seed123_R2_step2000 74 6 5 0.7141341450042091
seed123_R2_step2000 74 6 6 0.7425439700018615
seed123_R2_step2000 74 6 7 0.7446259209536947
seed123_R2_step2000 74 6 8 0.7327159260166809
seed123_R2_step2000 74 6 9 0.7463415479869582
seed123_R2_step2000 74 7 0 0.7255341970012523
seed123_R2_step2000 74 7 1 0.7073100809939206
seed123_R2_step2000 74 7 2 0.7109937079949304
seed123_R2_step2000 74 7 3 0.7159854050260037
seed123_R2_step2000 74 7 4 0.7103806139784865
seed123_R2_step2000 74 7 5 0.7133813539985567
seed123_R2_step2000 74 7 6 0.7175024950411171
seed123_R2_step2000 74 7 7 0.7041100090136752
seed123_R2_step2000 74 7 8 0.7121847319649532
seed123_R2_step2000 74 7 9 0.718505526019726
seed123_R2_step2000 74 8 0 0.7217034000204876
seed123_R2_step2000 74 8 1 0.7401263280189596
seed123_R2_step2000 74 8 2 0.7176960989600047
seed123_R2_step2000 74 8 3 0.7172614139853977
seed123_R2_step2000 74 8 4 0.7190017949906178
seed123_R2_step2000 74 8 5 0.7348837589961477
seed123_R2_step2000 74 8 6 0.7145002250326797
seed123_R2_step2000 74 8 7 0.7143413629964925
seed123_R2_step2000 74 8 8 0.7126726289861836
seed123_R2_step2000 74 8 9 0.7408888569916598
seed123_R2_step2000 74 9 0 0.7115307389758527
seed123_R2_step2000 74 9 1 0.7219659509719349
seed123_R2_step2000 74 9 2 0.7052808319567703
seed123_R2_step2000 74 9 3 0.7294328780262731
seed123_R2_step2000 74 9 4 0.7060803640051745
seed123_R2_step2000 74 9 5 0.7301060919999145
seed123_R2_step2000 74 9 6 0.7251378610380925
seed123_R2_step2000 74 9 7 0.7479063959908672
seed123_R2_step2000 74 9 8 0.7277205169666559
seed123_R2_step2000 74 9 9 0.7158651640056632
seed123_R2_step2000 78 0 0 1.2277669250033796
seed123_R2_step2000 78 0 1 1.2199763169628568
seed123_R2_step2000 78 0 2 1.1832149969995953
seed123_R2_step2000 78 0 3 1.1890636360039935
seed123_R2_step2000 78 0 4 1.1730515689705499
seed123_R2_step2000 78 0 5 1.1889871960156597
seed123_R2_step2000 78 0 6 1.1889165949542075
seed123_R2_step2000 78 0 7 1.196400054031983
seed123_R2_step2000 78 0 8 1.2088063569972292
seed123_R2_step2000 78 0 9 1.192555644956883
seed123_R2_step2000 78 1 0 1.2188648679875769
seed123_R2_step2000 78 1 1 1.1898652039817534
seed123_R2_step2000 78 1 2 1.1876155160134658
seed123_R2_step2000 78 1 3 1.1914275409653783
seed123_R2_step2000 78 1 4 1.2042321430053562
seed123_R2_step2000 78 1 5 1.2158927079872228
seed123_R2_step2000 78 1 6 1.2117991640116088
seed123_R2_step2000 78 1 7 1.1861926129786298
seed123_R2_step2000 78 1 8 1.1959817690076306
seed123_R2_step2000 78 1 9 1.2021243870258331
seed123_R2_step2000 78 2 0 1.1924198379856534
seed123_R2_step2000 78 2 1 1.1921402890002355
seed123_R2_step2000 78 2 2 1.1913194899680093
seed123_R2_step2000 78 2 3 1.1857880799798295
seed123_R2_step2000 78 2 4 1.1933344790013507
seed123_R2_step2000 78 2 5 1.1688481890014373
seed123_R2_step2000 78 2 6 1.184910228010267
seed123_R2_step2000 78 2 7 1.175305669021327
seed123_R2_step2000 78 2 8 1.1962368600070477
seed123_R2_step2000 78 2 9 1.2091555700171739
seed123_R2_step2000 78 3 0 1.2128643079777248
seed123_R2_step2000 78 3 1 1.197690534987487
seed123_R2_step2000 78 3 2 1.1947093959897757
seed123_R2_step2000 78 3 3 1.2231937070027925
seed123_R2_step2000 78 3 4 1.1741817379952408
seed123_R2_step2000 78 3 5 1.1875744189601392
seed123_R2_step2000 78 3 6 1.1984662130125798
seed123_R2_step2000 78 3 7 1.1991625599912368
seed123_R2_step2000 78 3 8 1.193143142038025
seed123_R2_step2000 78 3 9 1.2164264880120754
seed123_R2_step2000 78 4 0 1.1914115420076996
seed123_R2_step2000 78 4 1 1.1869750550249591
seed123_R2_step2000 78 4 2 1.1807857729727402
seed123_R2_step2000 78 4 3 1.1913814230356365
seed123_R2_step2000 78 4 4 1.1756594559992664
seed123_R2_step2000 78 4 5 1.195395994989667
seed123_R2_step2000 78 4 6 1.166290986991953
seed123_R2_step2000 78 4 7 1.1766241180012003
seed123_R2_step2000 78 4 8 1.2071187649853528
seed123_R2_step2000 78 4 9 1.18494206701871
seed123_R2_step2000 78 5 0 1.2106529630254954
seed123_R2_step2000 78 5 1 1.2145379679859616
seed123_R2_step2000 78 5 2 1.2080793229979463
seed123_R2_step2000 78 5 3 1.1666812369949184
seed123_R2_step2000 78 5 4 1.1843404459650628
seed123_R2_step2000 78 5 5 1.1814504289650358
seed123_R2_step2000 78 5 6 1.1787719170097262
seed123_R2_step2000 78 5 7 1.1856775259948336
seed123_R2_step2000 78 5 8 1.2060255809919909
seed123_R2_step2000 78 5 9 1.2053969370317645
seed123_R2_step2000 78 6 0 1.1926661990000866
seed123_R2_step2000 78 6 1 1.1820789310149848
seed123_R2_step2000 78 6 2 1.1774521309998818
seed123_R2_step2000 78 6 3 1.1914746609982103
seed123_R2_step2000 78 6 4 1.1921942510525696
seed123_R2_step2000 78 6 5 1.1835259729996324
seed123_R2_step2000 78 6 6 1.196488295972813
seed123_R2_step2000 78 6 7 1.1830037129693665
seed123_R2_step2000 78 6 8 1.2079695640131831
seed123_R2_step2000 78 6 9 1.1772291220258921
seed123_R2_step2000 78 7 0 1.1992746659670956
seed123_R2_step2000 78 7 1 1.1519638299942017
seed123_R2_step2000 78 7 2 1.2096191009622999
seed123_R2_step2000 78 7 3 1.2004390290239826
seed123_R2_step2000 78 7 4 1.1694573679706082
seed123_R2_step2000 78 7 5 1.1945679440395907
seed123_R2_step2000 78 7 6 1.178820626984816
seed123_R2_step2000 78 7 7 1.193545714020729
seed123_R2_step2000 78 7 8 1.1709824400022626
seed123_R2_step2000 78 7 9 1.1933995299623348
seed123_R2_step2000 78 8 0 1.2174791540019214
seed123_R2_step2000 78 8 1 1.1870414989534765
seed123_R2_step2000 78 8 2 1.198661599017214
seed123_R2_step2000 78 8 3 1.1851385029731318
seed123_R2_step2000 78 8 4 1.201638617028948
seed123_R2_step2000 78 8 5 1.1733519539702684
seed123_R2_step2000 78 8 6 1.2002292799879797
seed123_R2_step2000 78 8 7 1.182636903016828
seed123_R2_step2000 78 8 8 1.2003190260147676
seed123_R2_step2000 78 8 9 1.1974811199470423
seed123_R2_step2000 78 9 0 1.2134572970098816
seed123_R2_step2000 78 9 1 1.2016017230344005
seed123_R2_step2000 78 9 2 1.1835660920478404
seed123_R2_step2000 78 9 3 1.196220800979063
seed123_R2_step2000 78 9 4 1.1952069539693184
seed123_R2_step2000 78 9 5 1.2340618100133725
seed123_R2_step2000 78 9 6 1.2251605250057764
seed123_R2_step2000 78 9 7 1.2020969599834643
seed123_R2_step2000 78 9 8 1.1865217100130394
seed123_R2_step2000 78 9 9 1.2057583799469285
{'model': 'seed123_R2_step2000', 'completed_pairs': 2000, 'requested_pairs': 2000, 'completed': True, 'complete_source_count': 20, 'FRD': 135.15241635093878, 'new_pairs': 2000, 'wall_seconds': 476.59163723303936}
