seed123_R1_step6000 0 0 0 0.9183493590098806
seed123_R1_step6000 0 0 1 0.09849759499775246
seed123_R1_step6000 0 0 2 0.09030800900654867
seed123_R1_step6000 0 0 3 0.0925872820080258
seed123_R1_step6000 0 0 4 0.12438568496145308
seed123_R1_step6000 0 0 5 0.1087831369950436
seed123_R1_step6000 0 0 6 0.08969007403356954
seed123_R1_step6000 0 0 7 0.09225485601928085
seed123_R1_step6000 0 0 8 0.09742860996630043
seed123_R1_step6000 0 0 9 0.09328723297221586
seed123_R1_step6000 0 1 0 0.1034018259961158
seed123_R1_step6000 0 1 1 0.1133009409531951
seed123_R1_step6000 0 1 2 0.1131443660124205
seed123_R1_step6000 0 1 3 0.10014443000545725
seed123_R1_step6000 0 1 4 0.09633240901166573
seed123_R1_step6000 0 1 5 0.0931892300141044
seed123_R1_step6000 0 1 6 0.092453442979604
seed123_R1_step6000 0 1 7 0.09363274398492649
seed123_R1_step6000 0 1 8 0.09434184100246057
seed123_R1_step6000 0 1 9 0.09367973502958193
seed123_R1_step6000 0 2 0 0.09001460298895836
seed123_R1_step6000 0 2 1 0.09191389102488756
seed123_R1_step6000 0 2 2 0.09834347100695595
seed123_R1_step6000 0 2 3 0.08997637004358694
seed123_R1_step6000 0 2 4 0.08810876298230141
seed123_R1_step6000 0 2 5 0.0888157649897039
seed123_R1_step6000 0 2 6 0.0940382510307245
seed123_R1_step6000 0 2 7 0.09260730602545664
seed123_R1_step6000 0 2 8 0.09611477400176227
seed123_R1_step6000 0 2 9 0.09045134601183236
seed123_R1_step6000 0 3 0 0.08830044703790918
seed123_R1_step6000 0 3 1 0.0934718589996919
seed123_R1_step6000 0 3 2 0.09239255596185103
seed123_R1_step6000 0 3 3 0.09202593500958756
seed123_R1_step6000 0 3 4 0.112581585010048
seed123_R1_step6000 0 3 5 0.09891916997730732
seed123_R1_step6000 0 3 6 0.08905392698943615
seed123_R1_step6000 0 3 7 0.09501079795882106
seed123_R1_step6000 0 3 8 0.09021733800182119
seed123_R1_step6000 0 3 9 0.08942470600595698
seed123_R1_step6000 0 4 0 0.09306399198248982
seed123_R1_step6000 0 4 1 0.10209028696408495
seed123_R1_step6000 0 4 2 0.09628754598088562
seed123_R1_step6000 0 4 3 0.09495530603453517
seed123_R1_step6000 0 4 4 0.09413276799023151
seed123_R1_step6000 0 4 5 0.09242303704377264
seed123_R1_step6000 0 4 6 0.09854140097741038
seed123_R1_step6000 0 4 7 0.09301508194766939
seed123_R1_step6000 0 4 8 0.0999160020146519
seed123_R1_step6000 0 4 9 0.11036888096714392
seed123_R1_step6000 0 5 0 0.09146571299061179
seed123_R1_step6000 0 5 1 0.08952154504368082
seed123_R1_step6000 0 5 2 0.09304962097667158
seed123_R1_step6000 0 5 3 0.09235079400241375
seed123_R1_step6000 0 5 4 0.09282041899859905
seed123_R1_step6000 0 5 5 0.09366738400422037
seed123_R1_step6000 0 5 6 0.09335160901537165
seed123_R1_step6000 0 5 7 0.09398871898883954
seed123_R1_step6000 0 5 8 0.09464832203229889
seed123_R1_step6000 0 5 9 0.0937981599709019
seed123_R1_step6000 0 6 0 0.09615184500580654
seed123_R1_step6000 0 6 1 0.09588359098415822
seed123_R1_step6000 0 6 2 0.09437648399034515
seed123_R1_step6000 0 6 3 0.09021563600981608
seed123_R1_step6000 0 6 4 0.10035129898460582
seed123_R1_step6000 0 6 5 0.09770171798299998
seed123_R1_step6000 0 6 6 0.10196857602568343
seed123_R1_step6000 0 6 7 0.09949538699584082
seed123_R1_step6000 0 6 8 0.0954208510229364
seed123_R1_step6000 0 6 9 0.09198382595786825
seed123_R1_step6000 0 7 0 0.0924571169889532
seed123_R1_step6000 0 7 1 0.09958221099805087
seed123_R1_step6000 0 7 2 0.09957766497973353
seed123_R1_step6000 0 7 3 0.10485112003516406
seed123_R1_step6000 0 7 4 0.09359562600729987
seed123_R1_step6000 0 7 5 0.09436921298038214
seed123_R1_step6000 0 7 6 0.10222975205397233
seed123_R1_step6000 0 7 7 0.09342988400021568
seed123_R1_step6000 0 7 8 0.09939241595566273
seed123_R1_step6000 0 7 9 0.09369008499197662
seed123_R1_step6000 0 8 0 0.09381469897925854
seed123_R1_step6000 0 8 1 0.09243416803656146
seed123_R1_step6000 0 8 2 0.09346863999962807
seed123_R1_step6000 0 8 3 0.09284939500503242
seed123_R1_step6000 0 8 4 0.09730425599263981
seed123_R1_step6000 0 8 5 0.09489251294871792
seed123_R1_step6000 0 8 6 0.09867501904955134
seed123_R1_step6000 0 8 7 0.09561543498421088
seed123_R1_step6000 0 8 8 0.09843245102092624
seed123_R1_step6000 0 8 9 0.09130675799679011
seed123_R1_step6000 0 9 0 0.09391585399862379
seed123_R1_step6000 0 9 1 0.09078430396039039
seed123_R1_step6000 0 9 2 0.0898069940158166
seed123_R1_step6000 0 9 3 0.0925902400049381
seed123_R1_step6000 0 9 4 0.0948069749865681
seed123_R1_step6000 0 9 5 0.09211181796854362
seed123_R1_step6000 0 9 6 0.09097681002458557
seed123_R1_step6000 0 9 7 0.0938992360024713
seed123_R1_step6000 0 9 8 0.08795675000874326
seed123_R1_step6000 0 9 9 0.0937836779630743
seed123_R1_step6000 6 0 0 0.14180449297418818
seed123_R1_step6000 6 0 1 0.14577517402358353
seed123_R1_step6000 6 0 2 0.1422415099805221
seed123_R1_step6000 6 0 3 0.14751699002226815
seed123_R1_step6000 6 0 4 0.14575677399989218
seed123_R1_step6000 6 0 5 0.14476712001487613
seed123_R1_step6000 6 0 6 0.14933242101687938
seed123_R1_step6000 6 0 7 0.14430684299441054
seed123_R1_step6000 6 0 8 0.14512191800167784
seed123_R1_step6000 6 0 9 0.16807139897719026
seed123_R1_step6000 6 1 0 0.14816450601210818
seed123_R1_step6000 6 1 1 0.17503476998535916
seed123_R1_step6000 6 1 2 0.15088574297260493
seed123_R1_step6000 6 1 3 0.14840412803459913
seed123_R1_step6000 6 1 4 0.15183659497415647
seed123_R1_step6000 6 1 5 0.1516274840105325
seed123_R1_step6000 6 1 6 0.14792535098968074
seed123_R1_step6000 6 1 7 0.1425180030055344
seed123_R1_step6000 6 1 8 0.14969396399101242
seed123_R1_step6000 6 1 9 0.14023097400786355
seed123_R1_step6000 6 2 0 0.15090051695005968
seed123_R1_step6000 6 2 1 0.14367854996817186
seed123_R1_step6000 6 2 2 0.14537149498937652
seed123_R1_step6000 6 2 3 0.14971096103545278
seed123_R1_step6000 6 2 4 0.14480261399876326
seed123_R1_step6000 6 2 5 0.15709526295540854
seed123_R1_step6000 6 2 6 0.1503331729909405
seed123_R1_step6000 6 2 7 0.1425200630328618
seed123_R1_step6000 6 2 8 0.14892368903383613
seed123_R1_step6000 6 2 9 0.1570256589911878
seed123_R1_step6000 6 3 0 0.16091166896512732
seed123_R1_step6000 6 3 1 0.15795494901249185
seed123_R1_step6000 6 3 2 0.15172721596900374
seed123_R1_step6000 6 3 3 0.14921978098573163
seed123_R1_step6000 6 3 4 0.1459868090460077
seed123_R1_step6000 6 3 5 0.14633765403414145
seed123_R1_step6000 6 3 6 0.15531498100608587
seed123_R1_step6000 6 3 7 0.15209223900455981
seed123_R1_step6000 6 3 8 0.14401313802227378
seed123_R1_step6000 6 3 9 0.14684568397933617
seed123_R1_step6000 6 4 0 0.15183368202997372
seed123_R1_step6000 6 4 1 0.15216150897322223
seed123_R1_step6000 6 4 2 0.15251247503329068
seed123_R1_step6000 6 4 3 0.151450906007085
seed123_R1_step6000 6 4 4 0.14554538001539186
seed123_R1_step6000 6 4 5 0.14743932796409354
seed123_R1_step6000 6 4 6 0.1502053700387478
seed123_R1_step6000 6 4 7 0.1473903559963219
seed123_R1_step6000 6 4 8 0.15136697998968884
seed123_R1_step6000 6 4 9 0.1462443619966507
seed123_R1_step6000 6 5 0 0.15029162797145545
seed123_R1_step6000 6 5 1 0.1559971270035021
seed123_R1_step6000 6 5 2 0.14473196200560778
seed123_R1_step6000 6 5 3 0.15013704600278288
seed123_R1_step6000 6 5 4 0.14352544903522357
seed123_R1_step6000 6 5 5 0.1422836220008321
seed123_R1_step6000 6 5 6 0.14511194301303476
seed123_R1_step6000 6 5 7 0.14721225202083588
seed123_R1_step6000 6 5 8 0.14463327103294432
seed123_R1_step6000 6 5 9 0.14776504295878112
seed123_R1_step6000 6 6 0 0.1457078669918701
seed123_R1_step6000 6 6 1 0.15169440599856898
seed123_R1_step6000 6 6 2 0.14659828803269193
seed123_R1_step6000 6 6 3 0.14798907097429037
seed123_R1_step6000 6 6 4 0.14544771099463105
seed123_R1_step6000 6 6 5 0.14878379699075595
seed123_R1_step6000 6 6 6 0.1449052600073628
seed123_R1_step6000 6 6 7 0.15161176602123305
seed123_R1_step6000 6 6 8 0.14726879296358675
seed123_R1_step6000 6 6 9 0.14704920502845198
seed123_R1_step6000 6 7 0 0.14587642496917397
seed123_R1_step6000 6 7 1 0.13973487302428111
seed123_R1_step6000 6 7 2 0.1394195180037059
seed123_R1_step6000 6 7 3 0.14024403202347457
seed123_R1_step6000 6 7 4 0.16235485603101552
seed123_R1_step6000 6 7 5 0.14518413104815409
seed123_R1_step6000 6 7 6 0.14749017101712525
seed123_R1_step6000 6 7 7 0.1484229689813219
seed123_R1_step6000 6 7 8 0.15170876099728048
seed123_R1_step6000 6 7 9 0.14994618896162137
seed123_R1_step6000 6 8 0 0.146071397990454
seed123_R1_step6000 6 8 1 0.1492167740361765
seed123_R1_step6000 6 8 2 0.15030384494457394
seed123_R1_step6000 6 8 3 0.143319837981835
seed123_R1_step6000 6 8 4 0.15231040999060497
seed123_R1_step6000 6 8 5 0.14983051700983196
seed123_R1_step6000 6 8 6 0.16739854199113324
seed123_R1_step6000 6 8 7 0.1485673570423387
seed123_R1_step6000 6 8 8 0.14088782598264515
seed123_R1_step6000 6 8 9 0.15244432701729238
seed123_R1_step6000 6 9 0 0.1459229490137659
seed123_R1_step6000 6 9 1 0.1509247340145521
seed123_R1_step6000 6 9 2 0.14879879902582616
seed123_R1_step6000 6 9 3 0.1497188019566238
seed123_R1_step6000 6 9 4 0.14393072499660775
seed123_R1_step6000 6 9 5 0.1477010389789939
seed123_R1_step6000 6 9 6 0.1463200020371005
seed123_R1_step6000 6 9 7 0.14493757800664753
seed123_R1_step6000 6 9 8 0.1470071569783613
seed123_R1_step6000 6 9 9 0.15716178400907665
seed123_R1_step6000 9 0 0 0.05047437601024285
seed123_R1_step6000 9 0 1 0.04258834500797093
seed123_R1_step6000 9 0 2 0.042024222027976066
seed123_R1_step6000 9 0 3 0.042058927996549755
seed123_R1_step6000 9 0 4 0.041712153994012624
seed123_R1_step6000 9 0 5 0.04391023702919483
seed123_R1_step6000 9 0 6 0.0434330870048143
seed123_R1_step6000 9 0 7 0.04574971296824515
seed123_R1_step6000 9 0 8 0.04261156899156049
seed123_R1_step6000 9 0 9 0.042355999001301825
seed123_R1_step6000 9 1 0 0.04197898902930319
seed123_R1_step6000 9 1 1 0.04149852297268808
seed123_R1_step6000 9 1 2 0.04183240298880264
seed123_R1_step6000 9 1 3 0.04145292699104175
seed123_R1_step6000 9 1 4 0.04177176899975166
seed123_R1_step6000 9 1 5 0.04181946796597913
seed123_R1_step6000 9 1 6 0.04246118804439902
seed123_R1_step6000 9 1 7 0.041578063974156976
seed123_R1_step6000 9 1 8 0.043602126999758184
seed123_R1_step6000 9 1 9 0.04580031003570184
seed123_R1_step6000 9 2 0 0.041510877024848014
seed123_R1_step6000 9 2 1 0.04217260400764644
seed123_R1_step6000 9 2 2 0.04179137502796948
seed123_R1_step6000 9 2 3 0.04243148094974458
seed123_R1_step6000 9 2 4 0.04119900899240747
seed123_R1_step6000 9 2 5 0.041057311987970024
seed123_R1_step6000 9 2 6 0.04145337798399851
seed123_R1_step6000 9 2 7 0.04322677000891417
seed123_R1_step6000 9 2 8 0.043271303991787136
seed123_R1_step6000 9 2 9 0.04583743104012683
seed123_R1_step6000 9 3 0 0.04360527399694547
seed123_R1_step6000 9 3 1 0.04315039701759815
seed123_R1_step6000 9 3 2 0.043465491966344416
seed123_R1_step6000 9 3 3 0.04589719499927014
seed123_R1_step6000 9 3 4 0.04290147899882868
seed123_R1_step6000 9 3 5 0.042630958952941
seed123_R1_step6000 9 3 6 0.041475662030279636
seed123_R1_step6000 9 3 7 0.04141813301248476
seed123_R1_step6000 9 3 8 0.041045020043384284
seed123_R1_step6000 9 3 9 0.041039950971025974
seed123_R1_step6000 9 4 0 0.0435615629539825
seed123_R1_step6000 9 4 1 0.04501734604127705
seed123_R1_step6000 9 4 2 0.04403825203189626
seed123_R1_step6000 9 4 3 0.044065683032386005
seed123_R1_step6000 9 4 4 0.04304205399239436
seed123_R1_step6000 9 4 5 0.04370384104549885
seed123_R1_step6000 9 4 6 0.0441326989675872
seed123_R1_step6000 9 4 7 0.04291391198057681
seed123_R1_step6000 9 4 8 0.04789763398002833
seed123_R1_step6000 9 4 9 0.044252544990740716
seed123_R1_step6000 9 5 0 0.04269850597484037
seed123_R1_step6000 9 5 1 0.04236250295070931
seed123_R1_step6000 9 5 2 0.042137158976402134
seed123_R1_step6000 9 5 3 0.044243326992727816
seed123_R1_step6000 9 5 4 0.044870168960187584
seed123_R1_step6000 9 5 5 0.04365115298423916
seed123_R1_step6000 9 5 6 0.04282709996914491
seed123_R1_step6000 9 5 7 0.04179504397325218
seed123_R1_step6000 9 5 8 0.0423839149880223
seed123_R1_step6000 9 5 9 0.04391046200180426
seed123_R1_step6000 9 6 0 0.04249446396715939
seed123_R1_step6000 9 6 1 0.04438069695606828
seed123_R1_step6000 9 6 2 0.04233389103319496
seed123_R1_step6000 9 6 3 0.04236495902296156
seed123_R1_step6000 9 6 4 0.04400077200261876
seed123_R1_step6000 9 6 5 0.045412362029310316
seed123_R1_step6000 9 6 6 0.04514016897883266
seed123_R1_step6000 9 6 7 0.04455515701556578
seed123_R1_step6000 9 6 8 0.042988534027244896
seed123_R1_step6000 9 6 9 0.04263335600262508
seed123_R1_step6000 9 7 0 0.04224603500915691
seed123_R1_step6000 9 7 1 0.04219826398184523
seed123_R1_step6000 9 7 2 0.04322809597942978
seed123_R1_step6000 9 7 3 0.044382121006492525
seed123_R1_step6000 9 7 4 0.04215084598399699
seed123_R1_step6000 9 7 5 0.041975453961640596
seed123_R1_step6000 9 7 6 0.04209497000556439
seed123_R1_step6000 9 7 7 0.042553085018880665
seed123_R1_step6000 9 7 8 0.043478188978042454
seed123_R1_step6000 9 7 9 0.04272010998101905
seed123_R1_step6000 9 8 0 0.04231029795482755
seed123_R1_step6000 9 8 1 0.04238350497325882
seed123_R1_step6000 9 8 2 0.04220900702057406
seed123_R1_step6000 9 8 3 0.044121491024270654
seed123_R1_step6000 9 8 4 0.044677228026557714
seed123_R1_step6000 9 8 5 0.044132240989711136
seed123_R1_step6000 9 8 6 0.04203394701471552
seed123_R1_step6000 9 8 7 0.04210771695943549
seed123_R1_step6000 9 8 8 0.04231066902866587
seed123_R1_step6000 9 8 9 0.042279410001356155
seed123_R1_step6000 9 9 0 0.042353158991318196
seed123_R1_step6000 9 9 1 0.04313048301264644
seed123_R1_step6000 9 9 2 0.04394887597300112
seed123_R1_step6000 9 9 3 0.0419189699459821
seed123_R1_step6000 9 9 4 0.041764919995330274
seed123_R1_step6000 9 9 5 0.04340219497680664
seed123_R1_step6000 9 9 6 0.042934013006743044
seed123_R1_step6000 9 9 7 0.04326104000210762
seed123_R1_step6000 9 9 8 0.043172932986635715
seed123_R1_step6000 9 9 9 0.04346325999358669
seed123_R1_step6000 12 0 0 0.4329453819664195
seed123_R1_step6000 12 0 1 0.4266317539731972
seed123_R1_step6000 12 0 2 0.46392889600247145
seed123_R1_step6000 12 0 3 0.46127023099688813
seed123_R1_step6000 12 0 4 0.4464371840003878
seed123_R1_step6000 12 0 5 0.4421871919767
seed123_R1_step6000 12 0 6 0.4244194579659961
seed123_R1_step6000 12 0 7 0.4373576869838871
seed123_R1_step6000 12 0 8 0.43061618000501767
seed123_R1_step6000 12 0 9 0.43545167898992077
seed123_R1_step6000 12 1 0 0.43449686997337267
seed123_R1_step6000 12 1 1 0.4386209119693376
seed123_R1_step6000 12 1 2 0.42899780202424154
seed123_R1_step6000 12 1 3 0.4354071660200134
seed123_R1_step6000 12 1 4 0.4367647260078229
seed123_R1_step6000 12 1 5 0.4607589020160958
seed123_R1_step6000 12 1 6 0.4470771399792284
seed123_R1_step6000 12 1 7 0.4397227470180951
seed123_R1_step6000 12 1 8 0.4433134790160693
seed123_R1_step6000 12 1 9 0.46816215896978974
seed123_R1_step6000 12 2 0 0.4252015210222453
seed123_R1_step6000 12 2 1 0.4280595849850215
seed123_R1_step6000 12 2 2 0.4410166629822925
seed123_R1_step6000 12 2 3 0.44598772400058806
seed123_R1_step6000 12 2 4 0.4444752130075358
seed123_R1_step6000 12 2 5 0.43858040700433776
seed123_R1_step6000 12 2 6 0.4445347820292227
seed123_R1_step6000 12 2 7 0.4260862670489587
seed123_R1_step6000 12 2 8 0.423436134995427
seed123_R1_step6000 12 2 9 0.437108845973853
seed123_R1_step6000 12 3 0 0.4403362990124151
seed123_R1_step6000 12 3 1 0.45340727095026523
seed123_R1_step6000 12 3 2 0.4629755829810165
seed123_R1_step6000 12 3 3 0.4494591520051472
seed123_R1_step6000 12 3 4 0.4588438600185327
seed123_R1_step6000 12 3 5 0.4549379470408894
seed123_R1_step6000 12 3 6 0.43005246500251815
seed123_R1_step6000 12 3 7 0.43862023996189237
seed123_R1_step6000 12 3 8 0.41696624498581514
seed123_R1_step6000 12 3 9 0.4287503390223719
seed123_R1_step6000 12 4 0 0.4695131409680471
seed123_R1_step6000 12 4 1 0.45503364503383636
seed123_R1_step6000 12 4 2 0.4598453070502728
seed123_R1_step6000 12 4 3 0.4299977910122834
seed123_R1_step6000 12 4 4 0.45818618504563347
seed123_R1_step6000 12 4 5 0.4558657419984229
seed123_R1_step6000 12 4 6 0.4349005300318822
seed123_R1_step6000 12 4 7 0.47296594601357356
seed123_R1_step6000 12 4 8 0.4653876139782369
seed123_R1_step6000 12 4 9 0.461171341012232
seed123_R1_step6000 12 5 0 0.45773647603346035
seed123_R1_step6000 12 5 1 0.4294811360305175
seed123_R1_step6000 12 5 2 0.4395684170303866
seed123_R1_step6000 12 5 3 0.4287868280080147
seed123_R1_step6000 12 5 4 0.41919575701467693
seed123_R1_step6000 12 5 5 0.4210546450340189
seed123_R1_step6000 12 5 6 0.44603498303331435
seed123_R1_step6000 12 5 7 0.4639866689685732
seed123_R1_step6000 12 5 8 0.44743190897861496
seed123_R1_step6000 12 5 9 0.45943115500267595
seed123_R1_step6000 12 6 0 0.4443271569907665
seed123_R1_step6000 12 6 1 0.4462548660230823
seed123_R1_step6000 12 6 2 0.4622310610138811
seed123_R1_step6000 12 6 3 0.43755148799391463
seed123_R1_step6000 12 6 4 0.43858063098741695
seed123_R1_step6000 12 6 5 0.46875494898995385
seed123_R1_step6000 12 6 6 0.4495428469963372
seed123_R1_step6000 12 6 7 0.46881061600288376
seed123_R1_step6000 12 6 8 0.4584030600381084
seed123_R1_step6000 12 6 9 0.46870435000164434
seed123_R1_step6000 12 7 0 0.45987534197047353
seed123_R1_step6000 12 7 1 0.45434573700185865
seed123_R1_step6000 12 7 2 0.4362479919800535
seed123_R1_step6000 12 7 3 0.4252335010096431
seed123_R1_step6000 12 7 4 0.45799899398116395
seed123_R1_step6000 12 7 5 0.45888037799159065
seed123_R1_step6000 12 7 6 0.47046452399808913
seed123_R1_step6000 12 7 7 0.4893329420010559
seed123_R1_step6000 12 7 8 0.4510585420066491
seed123_R1_step6000 12 7 9 0.46948523801984265
seed123_R1_step6000 12 8 0 0.43742360902251676
seed123_R1_step6000 12 8 1 0.44215009204344824
seed123_R1_step6000 12 8 2 0.48166250198846683
seed123_R1_step6000 12 8 3 0.4491102949832566
seed123_R1_step6000 12 8 4 0.4459913629689254
seed123_R1_step6000 12 8 5 0.44256844103801996
seed123_R1_step6000 12 8 6 0.4654813350061886
seed123_R1_step6000 12 8 7 0.4378582999925129
seed123_R1_step6000 12 8 8 0.4562668619910255
seed123_R1_step6000 12 8 9 0.45401655696332455
seed123_R1_step6000 12 9 0 0.44454198400489986
seed123_R1_step6000 12 9 1 0.4476759689860046
seed123_R1_step6000 12 9 2 0.4435389169957489
seed123_R1_step6000 12 9 3 0.43934673100011423
seed123_R1_step6000 12 9 4 0.43963968800380826
seed123_R1_step6000 12 9 5 0.4501041450421326
seed123_R1_step6000 12 9 6 0.44582674896810204
seed123_R1_step6000 12 9 7 0.43563307501608506
seed123_R1_step6000 12 9 8 0.4629919279832393
seed123_R1_step6000 12 9 9 0.4576098720426671
seed123_R1_step6000 18 0 0 0.1072385809966363
seed123_R1_step6000 18 0 1 0.10476110700983554
seed123_R1_step6000 18 0 2 0.11123039195081219
seed123_R1_step6000 18 0 3 0.1070904650259763
seed123_R1_step6000 18 0 4 0.10742367297643796
seed123_R1_step6000 18 0 5 0.1068843660177663
seed123_R1_step6000 18 0 6 0.10920174699276686
seed123_R1_step6000 18 0 7 0.10504827403929085
seed123_R1_step6000 18 0 8 0.10767364397179335
seed123_R1_step6000 18 0 9 0.10244399000657722
seed123_R1_step6000 18 1 0 0.1036384939798154
seed123_R1_step6000 18 1 1 0.10613777802791446
seed123_R1_step6000 18 1 2 0.10302340699126944
seed123_R1_step6000 18 1 3 0.10490914405090734
seed123_R1_step6000 18 1 4 0.10406429105205461
seed123_R1_step6000 18 1 5 0.10817936196690425
seed123_R1_step6000 18 1 6 0.1213745620334521
seed123_R1_step6000 18 1 7 0.1018091770238243
seed123_R1_step6000 18 1 8 0.10389526200015098
seed123_R1_step6000 18 1 9 0.10532072000205517
seed123_R1_step6000 18 2 0 0.10731877898797393
seed123_R1_step6000 18 2 1 0.10475393402157351
seed123_R1_step6000 18 2 2 0.1032222660141997
seed123_R1_step6000 18 2 3 0.10447794396895915
seed123_R1_step6000 18 2 4 0.10377656103810295
seed123_R1_step6000 18 2 5 0.10713779099751264
seed123_R1_step6000 18 2 6 0.10429571999702603
seed123_R1_step6000 18 2 7 0.1075108060031198
seed123_R1_step6000 18 2 8 0.10423716000514105
seed123_R1_step6000 18 2 9 0.10298910603160039
seed123_R1_step6000 18 3 0 0.1082544990349561
seed123_R1_step6000 18 3 1 0.10319230204913765
seed123_R1_step6000 18 3 2 0.10610278300009668
seed123_R1_step6000 18 3 3 0.10534597502555698
seed123_R1_step6000 18 3 4 0.10833836003439501
seed123_R1_step6000 18 3 5 0.10396589199081063
seed123_R1_step6000 18 3 6 0.10642744501819834
seed123_R1_step6000 18 3 7 0.10729683504905552
seed123_R1_step6000 18 3 8 0.10552473197458312
seed123_R1_step6000 18 3 9 0.11579575599171221
seed123_R1_step6000 18 4 0 0.09978419804247096
seed123_R1_step6000 18 4 1 0.1018230130430311
seed123_R1_step6000 18 4 2 0.10111768200295046
seed123_R1_step6000 18 4 3 0.10389884799951687
seed123_R1_step6000 18 4 4 0.1096840719692409
seed123_R1_step6000 18 4 5 0.10745385498739779
seed123_R1_step6000 18 4 6 0.10469990002457052
seed123_R1_step6000 18 4 7 0.10492927202722058
seed123_R1_step6000 18 4 8 0.10591332899639383
seed123_R1_step6000 18 4 9 0.11110907100373879
seed123_R1_step6000 18 5 0 0.1072662950027734
seed123_R1_step6000 18 5 1 0.10296775598544627
seed123_R1_step6000 18 5 2 0.11027239501709118
seed123_R1_step6000 18 5 3 0.10775323305279016
seed123_R1_step6000 18 5 4 0.10423568804981187
seed123_R1_step6000 18 5 5 0.10389223997481167
seed123_R1_step6000 18 5 6 0.10328015498816967
seed123_R1_step6000 18 5 7 0.11083759198663756
seed123_R1_step6000 18 5 8 0.1134590069996193
seed123_R1_step6000 18 5 9 0.10747741698287427
seed123_R1_step6000 18 6 0 0.10382189101073891
seed123_R1_step6000 18 6 1 0.10136560600949451
seed123_R1_step6000 18 6 2 0.09923094999976456
seed123_R1_step6000 18 6 3 0.10320760100148618
seed123_R1_step6000 18 6 4 0.0998961339937523
seed123_R1_step6000 18 6 5 0.10215103899827227
seed123_R1_step6000 18 6 6 0.10477100103162229
seed123_R1_step6000 18 6 7 0.1001102690352127
seed123_R1_step6000 18 6 8 0.10146977595286444
seed123_R1_step6000 18 6 9 0.10245294199557975
seed123_R1_step6000 18 7 0 0.10177021397976205
seed123_R1_step6000 18 7 1 0.10232049197657034
seed123_R1_step6000 18 7 2 0.1233469569706358
seed123_R1_step6000 18 7 3 0.1091465589706786
seed123_R1_step6000 18 7 4 0.10774639702867717
seed123_R1_step6000 18 7 5 0.10472689103335142
seed123_R1_step6000 18 7 6 0.10793965100310743
seed123_R1_step6000 18 7 7 0.10101622098591179
seed123_R1_step6000 18 7 8 0.10285936202853918
seed123_R1_step6000 18 7 9 0.10409586399327964
seed123_R1_step6000 18 8 0 0.10643403499852866
seed123_R1_step6000 18 8 1 0.11151221499312669
seed123_R1_step6000 18 8 2 0.10934724099934101
seed123_R1_step6000 18 8 3 0.10392393998336047
seed123_R1_step6000 18 8 4 0.10409528302261606
seed123_R1_step6000 18 8 5 0.10273357399273664
seed123_R1_step6000 18 8 6 0.10646842099959031
seed123_R1_step6000 18 8 7 0.10274005000246689
seed123_R1_step6000 18 8 8 0.11000530602177605
seed123_R1_step6000 18 8 9 0.11080909200245515
seed123_R1_step6000 18 9 0 0.11085219500819221
seed123_R1_step6000 18 9 1 0.10470831295242533
seed123_R1_step6000 18 9 2 0.10698325396515429
seed123_R1_step6000 18 9 3 0.10314399196067825
seed123_R1_step6000 18 9 4 0.1032343419501558
seed123_R1_step6000 18 9 5 0.10321903397561982
seed123_R1_step6000 18 9 6 0.10629233304644004
seed123_R1_step6000 18 9 7 0.1055176830268465
seed123_R1_step6000 18 9 8 0.10630210296949372
seed123_R1_step6000 18 9 9 0.10837123601231724
seed123_R1_step6000 22 0 0 0.016399528016336262
seed123_R1_step6000 22 0 1 0.01530246902257204
seed123_R1_step6000 22 0 2 0.015286168025340885
seed123_R1_step6000 22 0 3 0.01667121099308133
seed123_R1_step6000 22 0 4 0.019503663992509246
seed123_R1_step6000 22 0 5 0.01835418603150174
seed123_R1_step6000 22 0 6 0.015320011996664107
seed123_R1_step6000 22 0 7 0.015343195991590619
seed123_R1_step6000 22 0 8 0.015445408003870398
seed123_R1_step6000 22 0 9 0.015342344006057829
seed123_R1_step6000 22 1 0 0.015348526008892804
seed123_R1_step6000 22 1 1 0.0163777670240961
seed123_R1_step6000 22 1 2 0.0155376719776541
seed123_R1_step6000 22 1 3 0.015564633999019861
seed123_R1_step6000 22 1 4 0.015559313003905118
seed123_R1_step6000 22 1 5 0.015539686020929366
seed123_R1_step6000 22 1 6 0.015517926018219441
seed123_R1_step6000 22 1 7 0.015554704994428903
seed123_R1_step6000 22 1 8 0.015545436996035278
seed123_R1_step6000 22 1 9 0.015511182020418346
seed123_R1_step6000 22 2 0 0.01551262498833239
seed123_R1_step6000 22 2 1 0.015491445024963468
seed123_R1_step6000 22 2 2 0.015504540002439171
seed123_R1_step6000 22 2 3 0.015503347967751324
seed123_R1_step6000 22 2 4 0.015476197004318237
seed123_R1_step6000 22 2 5 0.015527944022323936
seed123_R1_step6000 22 2 6 0.015551287971902639
seed123_R1_step6000 22 2 7 0.015510221011936665
seed123_R1_step6000 22 2 8 0.015602303959894925
seed123_R1_step6000 22 2 9 0.015519617998506874
seed123_R1_step6000 22 3 0 0.015547771006822586
seed123_R1_step6000 22 3 1 0.015532072982750833
seed123_R1_step6000 22 3 2 0.0160663400311023
seed123_R1_step6000 22 3 3 0.015517385036218911
seed123_R1_step6000 22 3 4 0.01634283096063882
seed123_R1_step6000 22 3 5 0.016980814980342984
seed123_R1_step6000 22 3 6 0.015471588005311787
seed123_R1_step6000 22 3 7 0.015274305013008416
seed123_R1_step6000 22 3 8 0.015291126968804747
seed123_R1_step6000 22 3 9 0.015290435985662043
seed123_R1_step6000 22 4 0 0.015261320979334414
seed123_R1_step6000 22 4 1 0.01527640997665003
seed123_R1_step6000 22 4 2 0.0170536829973571
seed123_R1_step6000 22 4 3 0.015285948989912868
seed123_R1_step6000 22 4 4 0.015280216990504414
seed123_R1_step6000 22 4 5 0.015299813007004559
seed123_R1_step6000 22 4 6 0.015314602002035826
seed123_R1_step6000 22 4 7 0.015308971982449293
seed123_R1_step6000 22 4 8 0.015416894981171936
seed123_R1_step6000 22 4 9 0.01528697001049295
seed123_R1_step6000 22 5 0 0.015293392003513873
seed123_R1_step6000 22 5 1 0.015290277020540088
seed123_R1_step6000 22 5 2 0.015277090948075056
seed123_R1_step6000 22 5 3 0.015271040028892457
seed123_R1_step6000 22 5 4 0.015286638983525336
seed123_R1_step6000 22 5 5 0.015280197956599295
seed123_R1_step6000 22 5 6 0.015260769985616207
seed123_R1_step6000 22 5 7 0.015270749980118126
seed123_R1_step6000 22 5 8 0.015274136036168784
seed123_R1_step6000 22 5 9 0.015394422982353717
seed123_R1_step6000 22 6 0 0.01547618699260056
seed123_R1_step6000 22 6 1 0.015500683046411723
seed123_R1_step6000 22 6 2 0.01552608102792874
seed123_R1_step6000 22 6 3 0.01552652200916782
seed123_R1_step6000 22 6 4 0.015543764980975538
seed123_R1_step6000 22 6 5 0.015553803008515388
seed123_R1_step6000 22 6 6 0.015506804978940636
seed123_R1_step6000 22 6 7 0.015501816000323743
seed123_R1_step6000 22 6 8 0.01563391403760761
seed123_R1_step6000 22 6 9 0.016634141968097538
seed123_R1_step6000 22 7 0 0.015632903028745204
seed123_R1_step6000 22 7 1 0.015568492002785206
seed123_R1_step6000 22 7 2 0.015569213021080941
seed123_R1_step6000 22 7 3 0.015561377978883684
seed123_R1_step6000 22 7 4 0.015552880999166518
seed123_R1_step6000 22 7 5 0.015513947990257293
seed123_R1_step6000 22 7 6 0.01550659496570006
seed123_R1_step6000 22 7 7 0.01613263599574566
seed123_R1_step6000 22 7 8 0.015493217972107232
seed123_R1_step6000 22 7 9 0.015543504036031663
seed123_R1_step6000 22 8 0 0.01547548599774018
seed123_R1_step6000 22 8 1 0.0164747410453856
seed123_R1_step6000 22 8 2 0.01835625001695007
seed123_R1_step6000 22 8 3 0.01530344196362421
seed123_R1_step6000 22 8 4 0.015286759997252375
seed123_R1_step6000 22 8 5 0.015300676051992923
seed123_R1_step6000 22 8 6 0.015299864986445755
seed123_R1_step6000 22 8 7 0.015297108970116824
seed123_R1_step6000 22 8 8 0.015388171013910323
seed123_R1_step6000 22 8 9 0.015293892996851355
seed123_R1_step6000 22 9 0 0.015281460015103221
seed123_R1_step6000 22 9 1 0.015293242002371699
seed123_R1_step6000 22 9 2 0.015383902995381504
seed123_R1_step6000 22 9 3 0.015289344009943306
seed123_R1_step6000 22 9 4 0.015310836024582386
seed123_R1_step6000 22 9 5 0.015318359015509486
seed123_R1_step6000 22 9 6 0.015314972028136253
seed123_R1_step6000 22 9 7 0.01530583598650992
seed123_R1_step6000 22 9 8 0.015280698018614203
seed123_R1_step6000 22 9 9 0.015285647998098284
seed123_R1_step6000 24 0 0 0.017356914991978556
seed123_R1_step6000 24 0 1 0.017098117037676275
seed123_R1_step6000 24 0 2 0.017097255040425807
seed123_R1_step6000 24 0 3 0.01710090198321268
seed123_R1_step6000 24 0 4 0.017099290038459003
seed123_R1_step6000 24 0 5 0.017092477006372064
seed123_R1_step6000 24 0 6 0.01709089399082586
seed123_R1_step6000 24 0 7 0.01711034995969385
seed123_R1_step6000 24 0 8 0.01720694196410477
seed123_R1_step6000 24 0 9 0.018503036990296096
seed123_R1_step6000 24 1 0 0.019820673973299563
seed123_R1_step6000 24 1 1 0.01815811701817438
seed123_R1_step6000 24 1 2 0.017509293043985963
seed123_R1_step6000 24 1 3 0.018951042962726206
seed123_R1_step6000 24 1 4 0.019639421021565795
seed123_R1_step6000 24 1 5 0.01841446099570021
seed123_R1_step6000 24 1 6 0.018236274947412312
seed123_R1_step6000 24 1 7 0.017071287031285465
seed123_R1_step6000 24 1 8 0.017058704048395157
seed123_R1_step6000 24 1 9 0.01740073796827346
seed123_R1_step6000 24 2 0 0.017113296024035662
seed123_R1_step6000 24 2 1 0.018220844969619066
seed123_R1_step6000 24 2 2 0.021467401005793363
seed123_R1_step6000 24 2 3 0.0170228150091134
seed123_R1_step6000 24 2 4 0.01702666300116107
seed123_R1_step6000 24 2 5 0.016996264981571585
seed123_R1_step6000 24 2 6 0.016964626032859087
seed123_R1_step6000 24 2 7 0.017036981007549912
seed123_R1_step6000 24 2 8 0.017056498967576772
seed123_R1_step6000 24 2 9 0.01697686896659434
seed123_R1_step6000 24 3 0 0.016993469966109842
seed123_R1_step6000 24 3 1 0.016985355003271252
seed123_R1_step6000 24 3 2 0.016978621017187834
seed123_R1_step6000 24 3 3 0.016977660008706152
seed123_R1_step6000 24 3 4 0.016988951014354825
seed123_R1_step6000 24 3 5 0.016982449044007808
seed123_R1_step6000 24 3 6 0.01697399403201416
seed123_R1_step6000 24 3 7 0.016975525999441743
seed123_R1_step6000 24 3 8 0.016957151994574815
seed123_R1_step6000 24 3 9 0.017098057025577873
seed123_R1_step6000 24 4 0 0.01698554598260671
seed123_R1_step6000 24 4 1 0.016984121990390122
seed123_R1_step6000 24 4 2 0.016986055998131633
seed123_R1_step6000 24 4 3 0.01697638799669221
seed123_R1_step6000 24 4 4 0.017018879007082433
seed123_R1_step6000 24 4 5 0.01699624501634389
seed123_R1_step6000 24 4 6 0.016958734951913357
seed123_R1_step6000 24 4 7 0.016968412965070456
seed123_R1_step6000 24 4 8 0.017448197002522647
seed123_R1_step6000 24 4 9 0.01783582998905331
seed123_R1_step6000 24 5 0 0.016966678958851844
seed123_R1_step6000 24 5 1 0.017178968992084265
seed123_R1_step6000 24 5 2 0.01750226999865845
seed123_R1_step6000 24 5 3 0.017192415019962937
seed123_R1_step6000 24 5 4 0.01709639502223581
seed123_R1_step6000 24 5 5 0.016968431998975575
seed123_R1_step6000 24 5 6 0.01695061899954453
seed123_R1_step6000 24 5 7 0.017010902985930443
seed123_R1_step6000 24 5 8 0.01695297402329743
seed123_R1_step6000 24 5 9 0.017191524035297334
seed123_R1_step6000 24 6 0 0.02351213898509741
seed123_R1_step6000 24 6 1 0.019277570012491196
seed123_R1_step6000 24 6 2 0.018592938024085015
seed123_R1_step6000 24 6 3 0.019101366982795298
seed123_R1_step6000 24 6 4 0.018931818020064384
seed123_R1_step6000 24 6 5 0.018946654978208244
seed123_R1_step6000 24 6 6 0.019017849990632385
seed123_R1_step6000 24 6 7 0.01882648898754269
seed123_R1_step6000 24 6 8 0.01905847596935928
seed123_R1_step6000 24 6 9 0.018786353000905365
seed123_R1_step6000 24 7 0 0.018640737980604172
seed123_R1_step6000 24 7 1 0.018772507028188556
seed123_R1_step6000 24 7 2 0.018811070010997355
seed123_R1_step6000 24 7 3 0.018692567013204098
seed123_R1_step6000 24 7 4 0.018877014983445406
seed123_R1_step6000 24 7 5 0.01835232402663678
seed123_R1_step6000 24 7 6 0.018344830023124814
seed123_R1_step6000 24 7 7 0.01847346202703193
seed123_R1_step6000 24 7 8 0.01854452700354159
seed123_R1_step6000 24 7 9 0.017482093011494726
seed123_R1_step6000 24 8 0 0.017236538988072425
seed123_R1_step6000 24 8 1 0.017134046007413417
seed123_R1_step6000 24 8 2 0.017097868025302887
seed123_R1_step6000 24 8 3 0.01711256499402225
seed123_R1_step6000 24 8 4 0.017077207972761244
seed123_R1_step6000 24 8 5 0.017639008001424372
seed123_R1_step6000 24 8 6 0.01725570496637374
seed123_R1_step6000 24 8 7 0.018275979964528233
seed123_R1_step6000 24 8 8 0.017559439002070576
seed123_R1_step6000 24 8 9 0.017092427995521575
seed123_R1_step6000 24 9 0 0.017116773000452667
seed123_R1_step6000 24 9 1 0.017084482009522617
seed123_R1_step6000 24 9 2 0.01745624397881329
seed123_R1_step6000 24 9 3 0.01859585498459637
seed123_R1_step6000 24 9 4 0.01709839899558574
seed123_R1_step6000 24 9 5 0.017120730015449226
seed123_R1_step6000 24 9 6 0.017153371998574585
seed123_R1_step6000 24 9 7 0.017086406995076686
seed123_R1_step6000 24 9 8 0.0185110229649581
seed123_R1_step6000 24 9 9 0.02132708701537922
seed123_R1_step6000 30 0 0 0.027161965030245483
seed123_R1_step6000 30 0 1 0.026843284023925662
seed123_R1_step6000 30 0 2 0.026709772006142884
seed123_R1_step6000 30 0 3 0.026927683036774397
seed123_R1_step6000 30 0 4 0.026978207984939218
seed123_R1_step6000 30 0 5 0.026910661021247506
seed123_R1_step6000 30 0 6 0.027337345003616065
seed123_R1_step6000 30 0 7 0.027089659008197486
seed123_R1_step6000 30 0 8 0.026978599024005234
seed123_R1_step6000 30 0 9 0.026984249998349696
seed123_R1_step6000 30 1 0 0.026824649015907198
seed123_R1_step6000 30 1 1 0.026842152001336217
seed123_R1_step6000 30 1 2 0.026845809014048427
seed123_R1_step6000 30 1 3 0.026975754997693002
seed123_R1_step6000 30 1 4 0.026888809981755912
seed123_R1_step6000 30 1 5 0.026746100978925824
seed123_R1_step6000 30 1 6 0.02695630700327456
seed123_R1_step6000 30 1 7 0.026791697018779814
seed123_R1_step6000 30 1 8 0.026768443000037223
seed123_R1_step6000 30 1 9 0.027044273971114308
seed123_R1_step6000 30 2 0 0.027188705978915095
seed123_R1_step6000 30 2 1 0.027172806032467633
seed123_R1_step6000 30 2 2 0.027183176018297672
seed123_R1_step6000 30 2 3 0.0272590090171434
seed123_R1_step6000 30 2 4 0.027409613016061485
seed123_R1_step6000 30 2 5 0.03132264502346516
seed123_R1_step6000 30 2 6 0.02815860597183928
seed123_R1_step6000 30 2 7 0.028250239964108914
seed123_R1_step6000 30 2 8 0.028090558014810085
seed123_R1_step6000 30 2 9 0.028309941000770777
seed123_R1_step6000 30 3 0 0.028195785998832434
seed123_R1_step6000 30 3 1 0.029022515984252095
seed123_R1_step6000 30 3 2 0.028790929005481303
seed123_R1_step6000 30 3 3 0.02909489197190851
seed123_R1_step6000 30 3 4 0.029676108970306814
seed123_R1_step6000 30 3 5 0.029202785983216017
seed123_R1_step6000 30 3 6 0.028459433000534773
seed123_R1_step6000 30 3 7 0.027328520023729652
seed123_R1_step6000 30 3 8 0.029896064021158963
seed123_R1_step6000 30 3 9 0.02759684599004686
seed123_R1_step6000 30 4 0 0.027816642017569393
seed123_R1_step6000 30 4 1 0.02732344000833109
seed123_R1_step6000 30 4 2 0.02713574597146362
seed123_R1_step6000 30 4 3 0.027081353997346014
seed123_R1_step6000 30 4 4 0.027167266001924872
seed123_R1_step6000 30 4 5 0.0273233909974806
seed123_R1_step6000 30 4 6 0.027137249009683728
seed123_R1_step6000 30 4 7 0.027261544950306416
seed123_R1_step6000 30 4 8 0.02699227601988241
seed123_R1_step6000 30 4 9 0.026961267984006554
seed123_R1_step6000 30 5 0 0.03182598599232733
seed123_R1_step6000 30 5 1 0.02750744897639379
seed123_R1_step6000 30 5 2 0.026749308046419173
seed123_R1_step6000 30 5 3 0.0268337270244956
seed123_R1_step6000 30 5 4 0.026980053051374853
seed123_R1_step6000 30 5 5 0.027231657993979752
seed123_R1_step6000 30 5 6 0.027210216969251633
seed123_R1_step6000 30 5 7 0.02726105396868661
seed123_R1_step6000 30 5 8 0.02707317000022158
seed123_R1_step6000 30 5 9 0.027114145981613547
seed123_R1_step6000 30 6 0 0.027265201963018626
seed123_R1_step6000 30 6 1 0.027102013991679996
seed123_R1_step6000 30 6 2 0.02733586501562968
seed123_R1_step6000 30 6 3 0.0272799989907071
seed123_R1_step6000 30 6 4 0.02748340304242447
seed123_R1_step6000 30 6 5 0.02778922999277711
seed123_R1_step6000 30 6 6 0.02759226900525391
seed123_R1_step6000 30 6 7 0.027494564012158662
seed123_R1_step6000 30 6 8 0.02747650002129376
seed123_R1_step6000 30 6 9 0.027243500982876867
seed123_R1_step6000 30 7 0 0.027276673004962504
seed123_R1_step6000 30 7 1 0.027325614995788783
seed123_R1_step6000 30 7 2 0.02711991802789271
seed123_R1_step6000 30 7 3 0.02741534501546994
seed123_R1_step6000 30 7 4 0.02741244900971651
seed123_R1_step6000 30 7 5 0.02748074900591746
seed123_R1_step6000 30 7 6 0.03145418502390385
seed123_R1_step6000 30 7 7 0.027480176999233663
seed123_R1_step6000 30 7 8 0.02760883903829381
seed123_R1_step6000 30 7 9 0.026941139018163085
seed123_R1_step6000 30 8 0 0.027457744989078492
seed123_R1_step6000 30 8 1 0.027364459994714707
seed123_R1_step6000 30 8 2 0.027178799035027623
seed123_R1_step6000 30 8 3 0.027143372979480773
seed123_R1_step6000 30 8 4 0.02692574099637568
seed123_R1_step6000 30 8 5 0.027440142002888024
seed123_R1_step6000 30 8 6 0.026965727971401066
seed123_R1_step6000 30 8 7 0.026983280025888234
seed123_R1_step6000 30 8 8 0.026925111014861614
seed123_R1_step6000 30 8 9 0.026996575004886836
seed123_R1_step6000 30 9 0 0.027078820043243468
seed123_R1_step6000 30 9 1 0.027177918003872037
seed123_R1_step6000 30 9 2 0.027171444962732494
seed123_R1_step6000 30 9 3 0.027461141988169402
seed123_R1_step6000 30 9 4 0.02712605003034696
seed123_R1_step6000 30 9 5 0.027204266982153058
seed123_R1_step6000 30 9 6 0.02696824201848358
seed123_R1_step6000 30 9 7 0.02711462799925357
seed123_R1_step6000 30 9 8 0.027280601963866502
seed123_R1_step6000 30 9 9 0.027008597971871495
seed123_R1_step6000 33 0 0 0.006871584977488965
seed123_R1_step6000 33 0 1 0.006292443023994565
seed123_R1_step6000 33 0 2 0.0061469770153053105
seed123_R1_step6000 33 0 3 0.006125636980868876
seed123_R1_step6000 33 0 4 0.006201110023539513
seed123_R1_step6000 33 0 5 0.006213012035004795
seed123_R1_step6000 33 0 6 0.006313793011941016
seed123_R1_step6000 33 0 7 0.006243269017431885
seed123_R1_step6000 33 0 8 0.006105550040956587
seed123_R1_step6000 33 0 9 0.00633755698800087
seed123_R1_step6000 33 1 0 0.008387935988139361
seed123_R1_step6000 33 1 1 0.007532281044404954
seed123_R1_step6000 33 1 2 0.00620016799075529
seed123_R1_step6000 33 1 3 0.006176744005642831
seed123_R1_step6000 33 1 4 0.006807252997532487
seed123_R1_step6000 33 1 5 0.007358113012742251
seed123_R1_step6000 33 1 6 0.0061674859607592225
seed123_R1_step6000 33 1 7 0.006185739999637008
seed123_R1_step6000 33 1 8 0.006189938983879983
seed123_R1_step6000 33 1 9 0.006210107007063925
seed123_R1_step6000 33 2 0 0.006052788987290114
seed123_R1_step6000 33 2 1 0.006058932049199939
seed123_R1_step6000 33 2 2 0.006092194002121687
seed123_R1_step6000 33 2 3 0.0060657039866782725
seed123_R1_step6000 33 2 4 0.006061587017029524
seed123_R1_step6000 33 2 5 0.006085893022827804
seed123_R1_step6000 33 2 6 0.006099959020502865
seed123_R1_step6000 33 2 7 0.006152127054519951
seed123_R1_step6000 33 2 8 0.006262425042223185
seed123_R1_step6000 33 2 9 0.006152928981464356
seed123_R1_step6000 33 3 0 0.006344520021229982
seed123_R1_step6000 33 3 1 0.006303603004198521
seed123_R1_step6000 33 3 2 0.006323540990706533
seed123_R1_step6000 33 3 3 0.006300186039879918
seed123_R1_step6000 33 3 4 0.006325103982817382
seed123_R1_step6000 33 3 5 0.0062749190255999565
seed123_R1_step6000 33 3 6 0.006456301955040544
seed123_R1_step6000 33 3 7 0.006602827983442694
seed123_R1_step6000 33 3 8 0.006294705963227898
seed123_R1_step6000 33 3 9 0.006280290021095425
seed123_R1_step6000 33 4 0 0.006092264025937766
seed123_R1_step6000 33 4 1 0.006061827996745706
seed123_R1_step6000 33 4 2 0.0060472890036180615
seed123_R1_step6000 33 4 3 0.006074490025639534
seed123_R1_step6000 33 4 4 0.006076634977944195
seed123_R1_step6000 33 4 5 0.006279077031649649
seed123_R1_step6000 33 4 6 0.006197763024829328
seed123_R1_step6000 33 4 7 0.006201479991432279
seed123_R1_step6000 33 4 8 0.0062666129670105875
seed123_R1_step6000 33 4 9 0.006227058998774737
seed123_R1_step6000 33 5 0 0.006408922025002539
seed123_R1_step6000 33 5 1 0.00643545197090134
seed123_R1_step6000 33 5 2 0.006460349017288536
seed123_R1_step6000 33 5 3 0.006294394959695637
seed123_R1_step6000 33 5 4 0.006304223963525146
seed123_R1_step6000 33 5 5 0.0061986150103621185
seed123_R1_step6000 33 5 6 0.00622205896070227
seed123_R1_step6000 33 5 7 0.0062147959833964705
seed123_R1_step6000 33 5 8 0.006270962010603398
seed123_R1_step6000 33 5 9 0.006241955969016999
seed123_R1_step6000 33 6 0 0.006065954978112131
seed123_R1_step6000 33 6 1 0.006089389033149928
seed123_R1_step6000 33 6 2 0.006020849978085607
seed123_R1_step6000 33 6 3 0.00600745395058766
seed123_R1_step6000 33 6 4 0.006046088004950434
seed123_R1_step6000 33 6 5 0.006057048041839153
seed123_R1_step6000 33 6 6 0.006154100992716849
seed123_R1_step6000 33 6 7 0.006486238038633019
seed123_R1_step6000 33 6 8 0.006126880005467683
seed123_R1_step6000 33 6 9 0.006078028003685176
seed123_R1_step6000 33 7 0 0.00624885899014771
seed123_R1_step6000 33 7 1 0.006217140005901456
seed123_R1_step6000 33 7 2 0.006228832004126161
seed123_R1_step6000 33 7 3 0.00622789905173704
seed123_R1_step6000 33 7 4 0.006221770017873496
seed123_R1_step6000 33 7 5 0.006209627026692033
seed123_R1_step6000 33 7 6 0.006577750958967954
seed123_R1_step6000 33 7 7 0.006209556013345718
seed123_R1_step6000 33 7 8 0.006268516997806728
seed123_R1_step6000 33 7 9 0.006222911004442722
seed123_R1_step6000 33 8 0 0.006236267043277621
seed123_R1_step6000 33 8 1 0.006307910953182727
seed123_R1_step6000 33 8 2 0.006458095042034984
seed123_R1_step6000 33 8 3 0.006255983025766909
seed123_R1_step6000 33 8 4 0.006288475007750094
seed123_R1_step6000 33 8 5 0.00617076299386099
seed123_R1_step6000 33 8 6 0.006184048019349575
seed123_R1_step6000 33 8 7 0.006175921997055411
seed123_R1_step6000 33 8 8 0.0062061199569143355
seed123_R1_step6000 33 8 9 0.00617830699775368
seed123_R1_step6000 33 9 0 0.006217460031621158
seed123_R1_step6000 33 9 1 0.0062078029732219875
seed123_R1_step6000 33 9 2 0.006331345997750759
seed123_R1_step6000 33 9 3 0.0062165200361050665
seed123_R1_step6000 33 9 4 0.00622606702381745
seed123_R1_step6000 33 9 5 0.00700774195138365
seed123_R1_step6000 33 9 6 0.007116006046999246
seed123_R1_step6000 33 9 7 0.007015526993200183
seed123_R1_step6000 33 9 8 0.1872495369752869
seed123_R1_step6000 33 9 9 0.006481098011136055
seed123_R1_step6000 36 0 0 0.006923573033418506
seed123_R1_step6000 36 0 1 0.007284844992682338
seed123_R1_step6000 36 0 2 0.008178220014087856
seed123_R1_step6000 36 0 3 0.007062384975142777
seed123_R1_step6000 36 0 4 0.0068104389938525856
seed123_R1_step6000 36 0 5 0.006800921983085573
seed123_R1_step6000 36 0 6 0.006795973051339388
seed123_R1_step6000 36 0 7 0.006787346035707742
seed123_R1_step6000 36 0 8 0.007005338033195585
seed123_R1_step6000 36 0 9 0.006985119020100683
seed123_R1_step6000 36 1 0 0.006910709955263883
seed123_R1_step6000 36 1 1 0.006889248033985496
seed123_R1_step6000 36 1 2 0.006974969990551472
seed123_R1_step6000 36 1 3 0.006972756003960967
seed123_R1_step6000 36 1 4 0.007003473991062492
seed123_R1_step6000 36 1 5 0.006909225950948894
seed123_R1_step6000 36 1 6 0.006839142995886505
seed123_R1_step6000 36 1 7 0.006837941997218877
seed123_R1_step6000 36 1 8 0.006827541976235807
seed123_R1_step6000 36 1 9 0.0068345749750733376
seed123_R1_step6000 36 2 0 0.006837731052655727
seed123_R1_step6000 36 2 1 0.006901882006786764
seed123_R1_step6000 36 2 2 0.007135603984352201
seed123_R1_step6000 36 2 3 0.007081950956489891
seed123_R1_step6000 36 2 4 0.006815698987338692
seed123_R1_step6000 36 2 5 0.006809979036916047
seed123_R1_step6000 36 2 6 0.006807514000684023
seed123_R1_step6000 36 2 7 0.006954040960408747
seed123_R1_step6000 36 2 8 0.006970182002987713
seed123_R1_step6000 36 2 9 0.006905018992256373
seed123_R1_step6000 36 3 0 0.006704880972392857
seed123_R1_step6000 36 3 1 0.006641109997872263
seed123_R1_step6000 36 3 2 0.006650458031799644
seed123_R1_step6000 36 3 3 0.006639165978413075
seed123_R1_step6000 36 3 4 0.006638726044911891
seed123_R1_step6000 36 3 5 0.006768220977392048
seed123_R1_step6000 36 3 6 0.0067629399709403515
seed123_R1_step6000 36 3 7 0.006836650019977242
seed123_R1_step6000 36 3 8 0.0068018040037713945
seed123_R1_step6000 36 3 9 0.006766187027096748
seed123_R1_step6000 36 4 0 0.006667379988357425
seed123_R1_step6000 36 4 1 0.006697796983644366
seed123_R1_step6000 36 4 2 0.0066644439939409494
seed123_R1_step6000 36 4 3 0.00667556602274999
seed123_R1_step6000 36 4 4 0.006727302970830351
seed123_R1_step6000 36 4 5 0.006621584005188197
seed123_R1_step6000 36 4 6 0.0066049619927071035
seed123_R1_step6000 36 4 7 0.006606886046938598
seed123_R1_step6000 36 4 8 0.006621694017667323
seed123_R1_step6000 36 4 9 0.006627444003242999
seed123_R1_step6000 36 5 0 0.006841327995061874
seed123_R1_step6000 36 5 1 0.0069002590025775135
seed123_R1_step6000 36 5 2 0.006842861010227352
seed123_R1_step6000 36 5 3 0.006758872012142092
seed123_R1_step6000 36 5 4 0.006759312993381172
seed123_R1_step6000 36 5 5 0.0067653649603016675
seed123_R1_step6000 36 5 6 0.006781886040698737
seed123_R1_step6000 36 5 7 0.006753722031135112
seed123_R1_step6000 36 5 8 0.006760004034731537
seed123_R1_step6000 36 5 9 0.00677180802449584
seed123_R1_step6000 36 6 0 0.006586678035091609
seed123_R1_step6000 36 6 1 0.00657322199549526
seed123_R1_step6000 36 6 2 0.0066164740128442645
seed123_R1_step6000 36 6 3 0.006594863021746278
seed123_R1_step6000 36 6 4 0.006662169995252043
seed123_R1_step6000 36 6 5 0.0067055210238322616
seed123_R1_step6000 36 6 6 0.006713017006404698
seed123_R1_step6000 36 6 7 0.006560448033269495
seed123_R1_step6000 36 6 8 0.006579283042810857
seed123_R1_step6000 36 6 9 0.0065724910236895084
seed123_R1_step6000 36 7 0 0.00681272498331964
seed123_R1_step6000 36 7 1 0.006797334994189441
seed123_R1_step6000 36 7 2 0.006799528957344592
seed123_R1_step6000 36 7 3 0.006857046973891556
seed123_R1_step6000 36 7 4 0.006922921980731189
seed123_R1_step6000 36 7 5 0.006746489030774683
seed123_R1_step6000 36 7 6 0.006767638958990574
seed123_R1_step6000 36 7 7 0.007024103018920869
seed123_R1_step6000 36 7 8 0.007222137006465346
seed123_R1_step6000 36 7 9 0.00728272000560537
seed123_R1_step6000 36 8 0 0.007311415043659508
seed123_R1_step6000 36 8 1 0.00700487702852115
seed123_R1_step6000 36 8 2 0.006599001004360616
seed123_R1_step6000 36 8 3 0.006609381001908332
seed123_R1_step6000 36 8 4 0.006582159025128931
seed123_R1_step6000 36 8 5 0.006598478998057544
seed123_R1_step6000 36 8 6 0.007386356010101736
seed123_R1_step6000 36 8 7 0.006718136020936072
seed123_R1_step6000 36 8 8 0.00689434795640409
seed123_R1_step6000 36 8 9 0.007061554002575576
seed123_R1_step6000 36 9 0 0.006945564004126936
seed123_R1_step6000 36 9 1 0.006654205033555627
seed123_R1_step6000 36 9 2 0.006664425018243492
seed123_R1_step6000 36 9 3 0.006631762022152543
seed123_R1_step6000 36 9 4 0.006635921017732471
seed123_R1_step6000 36 9 5 0.00730784801999107
seed123_R1_step6000 36 9 6 0.00788497703615576
seed123_R1_step6000 36 9 7 0.008814029977656901
seed123_R1_step6000 36 9 8 0.007865019957534969
seed123_R1_step6000 36 9 9 0.00659969198750332
seed123_R1_step6000 40 0 0 0.004077162011526525
seed123_R1_step6000 40 0 1 0.004021348024252802
seed123_R1_step6000 40 0 2 0.0041281600133515894
seed123_R1_step6000 40 0 3 0.004029161995276809
seed123_R1_step6000 40 0 4 0.004013763042166829
seed123_R1_step6000 40 0 5 0.004020655993372202
seed123_R1_step6000 40 0 6 0.004066193010658026
seed123_R1_step6000 40 0 7 0.0040348219918087125
seed123_R1_step6000 40 0 8 0.004015846992842853
seed123_R1_step6000 40 0 9 0.004031296994071454
seed123_R1_step6000 40 1 0 0.0040181909571401775
seed123_R1_step6000 40 1 1 0.004040171974338591
seed123_R1_step6000 40 1 2 0.0040230610175058246
seed123_R1_step6000 40 1 3 0.004024874011520296
seed123_R1_step6000 40 1 4 0.0040736059891059995
seed123_R1_step6000 40 1 5 0.00403845903929323
seed123_R1_step6000 40 1 6 0.004022840003017336
seed123_R1_step6000 40 1 7 0.004044291039463133
seed123_R1_step6000 40 1 8 0.004022540000732988
seed123_R1_step6000 40 1 9 0.004044200002681464
seed123_R1_step6000 40 2 0 0.004024774010758847
seed123_R1_step6000 40 2 1 0.004014884994830936
seed123_R1_step6000 40 2 2 0.00414147402625531
seed123_R1_step6000 40 2 3 0.004082583007402718
seed123_R1_step6000 40 2 4 0.004088594054337591
seed123_R1_step6000 40 2 5 0.004066383000463247
seed123_R1_step6000 40 2 6 0.004086800036020577
seed123_R1_step6000 40 2 7 0.004054600023664534
seed123_R1_step6000 40 2 8 0.004064328968524933
seed123_R1_step6000 40 2 9 0.004072643991094083
seed123_R1_step6000 40 3 0 0.00397095299558714
seed123_R1_step6000 40 3 1 0.004767113947309554
seed123_R1_step6000 40 3 2 0.003951335966121405
seed123_R1_step6000 40 3 3 0.003964831004850566
seed123_R1_step6000 40 3 4 0.0039768030401319265
seed123_R1_step6000 40 3 5 0.003965031006373465
seed123_R1_step6000 40 3 6 0.0039541099686175585
seed123_R1_step6000 40 3 7 0.003976652980782092
seed123_R1_step6000 40 3 8 0.00396351795643568
seed123_R1_step6000 40 3 9 0.003959891037084162
seed123_R1_step6000 40 4 0 0.003940574999433011
seed123_R1_step6000 40 4 1 0.003907733014784753
seed123_R1_step6000 40 4 2 0.003911278967279941
seed123_R1_step6000 40 4 3 0.003905188001226634
seed123_R1_step6000 40 4 4 0.00394782901275903
seed123_R1_step6000 40 4 5 0.00390825403155759
seed123_R1_step6000 40 4 6 0.003928611986339092
seed123_R1_step6000 40 4 7 0.003951726946979761
seed123_R1_step6000 40 4 8 0.0038807130185887218
seed123_R1_step6000 40 4 9 0.003966162970755249
seed123_R1_step6000 40 5 0 0.003988184034824371
seed123_R1_step6000 40 5 1 0.0038829869590699673
seed123_R1_step6000 40 5 2 0.003859732998535037
seed123_R1_step6000 40 5 3 0.00386984198121354
seed123_R1_step6000 40 5 4 0.003891281026881188
seed123_R1_step6000 40 5 5 0.00385673699202016
seed123_R1_step6000 40 5 6 0.003867196966893971
seed123_R1_step6000 40 5 7 0.0038729069638065994
seed123_R1_step6000 40 5 8 0.003862356999889016
seed123_R1_step6000 40 5 9 0.0038810119731351733
seed123_R1_step6000 40 6 0 0.0038944780244491994
seed123_R1_step6000 40 6 1 0.003875161986798048
seed123_R1_step6000 40 6 2 0.00394736701855436
seed123_R1_step6000 40 6 3 0.0038868540432304144
seed123_R1_step6000 40 6 4 0.0038950199959799647
seed123_R1_step6000 40 6 5 0.0038652329822070897
seed123_R1_step6000 40 6 6 0.0038754420238547027
seed123_R1_step6000 40 6 7 0.0039076730026863515
seed123_R1_step6000 40 6 8 0.00386188697302714
seed123_R1_step6000 40 6 9 0.0038766239886172116
seed123_R1_step6000 40 7 0 0.004027958959341049
seed123_R1_step6000 40 7 1 0.004013393016066402
seed123_R1_step6000 40 7 2 0.00434534897794947
seed123_R1_step6000 40 7 3 0.0040277590160258114
seed123_R1_step6000 40 7 4 0.0041460320353507996
seed123_R1_step6000 40 7 5 0.003994586993940175
seed123_R1_step6000 40 7 6 0.0039890570333227515
seed123_R1_step6000 40 7 7 0.004034121986478567
seed123_R1_step6000 40 7 8 0.004017469997052103
seed123_R1_step6000 40 7 9 0.004018271982204169
seed123_R1_step6000 40 8 0 0.003921308962162584
seed123_R1_step6000 40 8 1 0.003934823034796864
seed123_R1_step6000 40 8 2 0.003921319032087922
seed123_R1_step6000 40 8 3 0.003908063983544707
seed123_R1_step6000 40 8 4 0.0039975030231289566
seed123_R1_step6000 40 8 5 0.003934352018404752
seed123_R1_step6000 40 8 6 0.0041040529613383114
seed123_R1_step6000 40 8 7 0.0039003699785098433
seed123_R1_step6000 40 8 8 0.0039028539904393256
seed123_R1_step6000 40 8 9 0.0038884470122866333
seed123_R1_step6000 40 9 0 0.0038983059930615127
seed123_R1_step6000 40 9 1 0.003915117005817592
seed123_R1_step6000 40 9 2 0.0039062010473571718
seed123_R1_step6000 40 9 3 0.003919084032531828
seed123_R1_step6000 40 9 4 0.003916659974493086
seed123_R1_step6000 40 9 5 0.003925106022506952
seed123_R1_step6000 40 9 6 0.004299151012673974
seed123_R1_step6000 40 9 7 0.003942076989915222
seed123_R1_step6000 40 9 8 0.003946876968257129
seed123_R1_step6000 40 9 9 0.004007741983514279
seed123_R1_step6000 47 0 0 0.06673560600029305
seed123_R1_step6000 47 0 1 0.06420918001094833
seed123_R1_step6000 47 0 2 0.06342777598183602
seed123_R1_step6000 47 0 3 0.06037416396429762
seed123_R1_step6000 47 0 4 0.06439300702186301
seed123_R1_step6000 47 0 5 0.060501052998006344
seed123_R1_step6000 47 0 6 0.060588217980694026
seed123_R1_step6000 47 0 7 0.06036295200465247
seed123_R1_step6000 47 0 8 0.06349309004144743
seed123_R1_step6000 47 0 9 0.06365781195927411
seed123_R1_step6000 47 1 0 0.06334144499851391
seed123_R1_step6000 47 1 1 0.0626339300069958
seed123_R1_step6000 47 1 2 0.06280460197012872
seed123_R1_step6000 47 1 3 0.061152183974627405
seed123_R1_step6000 47 1 4 0.06348847202025354
seed123_R1_step6000 47 1 5 0.06628054002067074
seed123_R1_step6000 47 1 6 0.0614529509912245
seed123_R1_step6000 47 1 7 0.06320424599107355
seed123_R1_step6000 47 1 8 0.06282226496841758
seed123_R1_step6000 47 1 9 0.062430926016531885
seed123_R1_step6000 47 2 0 0.06145907298196107
seed123_R1_step6000 47 2 1 0.06408837402705103
seed123_R1_step6000 47 2 2 0.061556097003631294
seed123_R1_step6000 47 2 3 0.060967035009525716
seed123_R1_step6000 47 2 4 0.0621278680046089
seed123_R1_step6000 47 2 5 0.06044077395927161
seed123_R1_step6000 47 2 6 0.06119866401422769
seed123_R1_step6000 47 2 7 0.06468065397348255
seed123_R1_step6000 47 2 8 0.06074731197440997
seed123_R1_step6000 47 2 9 0.06014766002772376
seed123_R1_step6000 47 3 0 0.06215820397483185
seed123_R1_step6000 47 3 1 0.060215378005523235
seed123_R1_step6000 47 3 2 0.06114122597500682
seed123_R1_step6000 47 3 3 0.062253936019260436
seed123_R1_step6000 47 3 4 0.0625193560263142
seed123_R1_step6000 47 3 5 0.06142384896520525
seed123_R1_step6000 47 3 6 0.06403748999582604
seed123_R1_step6000 47 3 7 0.06389726599445567
seed123_R1_step6000 47 3 8 0.06347655097488314
seed123_R1_step6000 47 3 9 0.06254839996108785
seed123_R1_step6000 47 4 0 0.06182349502341822
seed123_R1_step6000 47 4 1 0.06086660799337551
seed123_R1_step6000 47 4 2 0.06442145601613447
seed123_R1_step6000 47 4 3 0.0718861220520921
seed123_R1_step6000 47 4 4 0.06953223998425528
seed123_R1_step6000 47 4 5 0.06863191199954599
seed123_R1_step6000 47 4 6 0.06435027299448848
seed123_R1_step6000 47 4 7 0.06674500100780278
seed123_R1_step6000 47 4 8 0.06930109497625381
seed123_R1_step6000 47 4 9 0.06990678596775979
seed123_R1_step6000 47 5 0 0.06607389502460137
seed123_R1_step6000 47 5 1 0.06948606297373772
seed123_R1_step6000 47 5 2 0.06555459497030824
seed123_R1_step6000 47 5 3 0.06821928202407435
seed123_R1_step6000 47 5 4 0.0719173809629865
seed123_R1_step6000 47 5 5 0.0695517499698326
seed123_R1_step6000 47 5 6 0.06302146700909361
seed123_R1_step6000 47 5 7 0.06260205595754087
seed123_R1_step6000 47 5 8 0.061123515013605356
seed123_R1_step6000 47 5 9 0.0601184600382112
seed123_R1_step6000 47 6 0 0.06658187496941537
seed123_R1_step6000 47 6 1 0.059590603050310165
seed123_R1_step6000 47 6 2 0.059349228045903146
seed123_R1_step6000 47 6 3 0.06129748502280563
seed123_R1_step6000 47 6 4 0.06269775499822572
seed123_R1_step6000 47 6 5 0.06210600002668798
seed123_R1_step6000 47 6 6 0.06128756602993235
seed123_R1_step6000 47 6 7 0.06182667298708111
seed123_R1_step6000 47 6 8 0.06236055097542703
seed123_R1_step6000 47 6 9 0.0601950740092434
seed123_R1_step6000 47 7 0 0.06034783204086125
seed123_R1_step6000 47 7 1 0.06481234799139202
seed123_R1_step6000 47 7 2 0.060323468991555274
seed123_R1_step6000 47 7 3 0.06064679799601436
seed123_R1_step6000 47 7 4 0.05990751303033903
seed123_R1_step6000 47 7 5 0.06270335899898782
seed123_R1_step6000 47 7 6 0.06079782301094383
seed123_R1_step6000 47 7 7 0.060603587015066296
seed123_R1_step6000 47 7 8 0.06107870297273621
seed123_R1_step6000 47 7 9 0.05995167599758133
seed123_R1_step6000 47 8 0 0.06063331296900287
seed123_R1_step6000 47 8 1 0.0634041010052897
seed123_R1_step6000 47 8 2 0.061023760004900396
seed123_R1_step6000 47 8 3 0.061836222012061626
seed123_R1_step6000 47 8 4 0.05930732103297487
seed123_R1_step6000 47 8 5 0.06081384402932599
seed123_R1_step6000 47 8 6 0.06253561098128557
seed123_R1_step6000 47 8 7 0.06443798495456576
seed123_R1_step6000 47 8 8 0.0675799929886125
seed123_R1_step6000 47 8 9 0.06287814100505784
seed123_R1_step6000 47 9 0 0.06171260098926723
seed123_R1_step6000 47 9 1 0.0608200270216912
seed123_R1_step6000 47 9 2 0.06021172000328079
seed123_R1_step6000 47 9 3 0.06200935103697702
seed123_R1_step6000 47 9 4 0.06198164896341041
seed123_R1_step6000 47 9 5 0.06629004899878055
seed123_R1_step6000 47 9 6 0.06149541196646169
seed123_R1_step6000 47 9 7 0.06320704100653529
seed123_R1_step6000 47 9 8 0.06187457696069032
seed123_R1_step6000 47 9 9 0.06368212803499773
seed123_R1_step6000 51 0 0 0.024445458955597132
seed123_R1_step6000 51 0 1 0.02348119899397716
seed123_R1_step6000 51 0 2 0.023851177014876157
seed123_R1_step6000 51 0 3 0.023668423003982753
seed123_R1_step6000 51 0 4 0.02402441401500255
seed123_R1_step6000 51 0 5 0.02369987196289003
seed123_R1_step6000 51 0 6 0.023801423027180135
seed123_R1_step6000 51 0 7 0.023522026953287423
seed123_R1_step6000 51 0 8 0.023740548989735544
seed123_R1_step6000 51 0 9 0.022940470022149384
seed123_R1_step6000 51 1 0 0.022816895972937346
seed123_R1_step6000 51 1 1 0.022765768982935697
seed123_R1_step6000 51 1 2 0.022823438979685307
seed123_R1_step6000 51 1 3 0.022712289006449282
seed123_R1_step6000 51 1 4 0.022615095018409193
seed123_R1_step6000 51 1 5 0.0225838259793818
seed123_R1_step6000 51 1 6 0.025666964007541537
seed123_R1_step6000 51 1 7 0.02523038996150717
seed123_R1_step6000 51 1 8 0.02357873402070254
seed123_R1_step6000 51 1 9 0.023417630000039935
seed123_R1_step6000 51 2 0 0.022880475968122482
seed123_R1_step6000 51 2 1 0.022694365005008876
seed123_R1_step6000 51 2 2 0.02257938898401335
seed123_R1_step6000 51 2 3 0.02276143099879846
seed123_R1_step6000 51 2 4 0.024586274987086654
seed123_R1_step6000 51 2 5 0.023916861973702908
seed123_R1_step6000 51 2 6 0.024465335998684168
seed123_R1_step6000 51 2 7 0.02408725395798683
seed123_R1_step6000 51 2 8 0.02401479595573619
seed123_R1_step6000 51 2 9 0.024164117989130318
seed123_R1_step6000 51 3 0 0.023820400005206466
seed123_R1_step6000 51 3 1 0.023451243003364652
seed123_R1_step6000 51 3 2 0.022995744016952813
seed123_R1_step6000 51 3 3 0.022918907983694226
seed123_R1_step6000 51 3 4 0.022926382021978498
seed123_R1_step6000 51 3 5 0.022985123039688915
seed123_R1_step6000 51 3 6 0.022925672004930675
seed123_R1_step6000 51 3 7 0.022924949997104704
seed123_R1_step6000 51 3 8 0.02358513599028811
seed123_R1_step6000 51 3 9 0.02396474196575582
seed123_R1_step6000 51 4 0 0.02354119304800406
seed123_R1_step6000 51 4 1 0.023041871027089655
seed123_R1_step6000 51 4 2 0.022810132999438792
seed123_R1_step6000 51 4 3 0.02357958600623533
seed123_R1_step6000 51 4 4 0.02271617599762976
seed123_R1_step6000 51 4 5 0.022851672023534775
seed123_R1_step6000 51 4 6 0.023182176053524017
seed123_R1_step6000 51 4 7 0.02738758100895211
seed123_R1_step6000 51 4 8 0.022320588992442936
seed123_R1_step6000 51 4 9 0.022969345038291067
seed123_R1_step6000 51 5 0 0.023361703963018954
seed123_R1_step6000 51 5 1 0.023662573017645627
seed123_R1_step6000 51 5 2 0.02301877801073715
seed123_R1_step6000 51 5 3 0.02367262204643339
seed123_R1_step6000 51 5 4 0.024079929979052395
seed123_R1_step6000 51 5 5 0.023374438984319568
seed123_R1_step6000 51 5 6 0.023917313024867326
seed123_R1_step6000 51 5 7 0.023713138012681156
seed123_R1_step6000 51 5 8 0.023339473991654813
seed123_R1_step6000 51 5 9 0.022621446987614036
seed123_R1_step6000 51 6 0 0.02255804801825434
seed123_R1_step6000 51 6 1 0.022520296974107623
seed123_R1_step6000 51 6 2 0.022623592987656593
seed123_R1_step6000 51 6 3 0.023513210006058216
seed123_R1_step6000 51 6 4 0.023592079000081867
seed123_R1_step6000 51 6 5 0.02324906300054863
seed123_R1_step6000 51 6 6 0.023410686990246177
seed123_R1_step6000 51 6 7 0.02321394602768123
seed123_R1_step6000 51 6 8 0.023299777996726334
seed123_R1_step6000 51 6 9 0.023645110020879656
seed123_R1_step6000 51 7 0 0.023462996003217995
seed123_R1_step6000 51 7 1 0.02296094800112769
seed123_R1_step6000 51 7 2 0.02264371997443959
seed123_R1_step6000 51 7 3 0.02259530802257359
seed123_R1_step6000 51 7 4 0.02243768097832799
seed123_R1_step6000 51 7 5 0.022523542982526124
seed123_R1_step6000 51 7 6 0.023224695993121713
seed123_R1_step6000 51 7 7 0.02450323896482587
seed123_R1_step6000 51 7 8 0.02378383098402992
seed123_R1_step6000 51 7 9 0.024205187044572085
seed123_R1_step6000 51 8 0 0.023762391007039696
seed123_R1_step6000 51 8 1 0.02338853495894
seed123_R1_step6000 51 8 2 0.022981749032624066
seed123_R1_step6000 51 8 3 0.022973061015363783
seed123_R1_step6000 51 8 4 0.02367551700444892
seed123_R1_step6000 51 8 5 0.024227429006714374
seed123_R1_step6000 51 8 6 0.023852211015764624
seed123_R1_step6000 51 8 7 0.024716110026929528
seed123_R1_step6000 51 8 8 0.027809388004243374
seed123_R1_step6000 51 8 9 0.028417855966836214
seed123_R1_step6000 51 9 0 0.031280016992241144
seed123_R1_step6000 51 9 1 0.03097061498556286
seed123_R1_step6000 51 9 2 0.026797208993230015
seed123_R1_step6000 51 9 3 0.025630556978285313
seed123_R1_step6000 51 9 4 0.025656575977336615
seed123_R1_step6000 51 9 5 0.02405554597498849
seed123_R1_step6000 51 9 6 0.025061924010515213
seed123_R1_step6000 51 9 7 0.025149669963866472
seed123_R1_step6000 51 9 8 0.023521255992818624
seed123_R1_step6000 51 9 9 0.02345400000922382
seed123_R1_step6000 52 0 0 0.8717679979745299
seed123_R1_step6000 52 0 1 0.8529579450259916
seed123_R1_step6000 52 0 2 0.8451300900196657
seed123_R1_step6000 52 0 3 0.8208567129913718
seed123_R1_step6000 52 0 4 0.8736298179719597
seed123_R1_step6000 52 0 5 0.8418169519864023
seed123_R1_step6000 52 0 6 0.8543470719596371
seed123_R1_step6000 52 0 7 0.8713383019785397
seed123_R1_step6000 52 0 8 0.8172767060459591
seed123_R1_step6000 52 0 9 0.8358296749647707
seed123_R1_step6000 52 1 0 0.8254667069995776
seed123_R1_step6000 52 1 1 0.831326887011528
seed123_R1_step6000 52 1 2 0.8415059800026938
seed123_R1_step6000 52 1 3 0.8528434899635613
seed123_R1_step6000 52 1 4 0.8327617309987545
seed123_R1_step6000 52 1 5 0.8246735979919322
seed123_R1_step6000 52 1 6 0.8331833899719641
seed123_R1_step6000 52 1 7 0.8613030089763924
seed123_R1_step6000 52 1 8 0.8523390510235913
seed123_R1_step6000 52 1 9 0.8362707420019433
seed123_R1_step6000 52 2 0 0.8231357000186108
seed123_R1_step6000 52 2 1 0.8384637070121244
seed123_R1_step6000 52 2 2 0.8508799760020338
seed123_R1_step6000 52 2 3 0.8210888699977659
seed123_R1_step6000 52 2 4 0.8463608580059372
seed123_R1_step6000 52 2 5 0.8338282690383494
seed123_R1_step6000 52 2 6 0.8164317400078289
seed123_R1_step6000 52 2 7 0.8444884489872493
seed123_R1_step6000 52 2 8 0.8265028460300528
seed123_R1_step6000 52 2 9 0.8235359750105999
seed123_R1_step6000 52 3 0 0.8476673529949039
seed123_R1_step6000 52 3 1 0.8447729790350422
seed123_R1_step6000 52 3 2 0.8389403970213607
seed123_R1_step6000 52 3 3 0.8280170100042596
seed123_R1_step6000 52 3 4 0.8367883099708706
seed123_R1_step6000 52 3 5 0.8537176030222327
seed123_R1_step6000 52 3 6 0.855468470021151
seed123_R1_step6000 52 3 7 0.853519101976417
seed123_R1_step6000 52 3 8 0.8243193789967336
seed123_R1_step6000 52 3 9 0.8255948509904556
seed123_R1_step6000 52 4 0 0.9033016220200807
seed123_R1_step6000 52 4 1 0.8769551909645088
seed123_R1_step6000 52 4 2 0.884190704964567
seed123_R1_step6000 52 4 3 0.8318537630257197
seed123_R1_step6000 52 4 4 0.7801796200219542
seed123_R1_step6000 52 4 5 0.7755610980093479
seed123_R1_step6000 52 4 6 0.8248731219791807
seed123_R1_step6000 52 4 7 0.8503327480284497
seed123_R1_step6000 52 4 8 0.8407379809650593
seed123_R1_step6000 52 4 9 0.834820636024233
seed123_R1_step6000 52 5 0 0.8125148029648699
seed123_R1_step6000 52 5 1 0.8314335410250351
seed123_R1_step6000 52 5 2 0.7777682300074957
seed123_R1_step6000 52 5 3 0.7784085650346242
seed123_R1_step6000 52 5 4 0.8383395500131883
seed123_R1_step6000 52 5 5 0.8831661459989846
seed123_R1_step6000 52 5 6 0.8698982009664178
seed123_R1_step6000 52 5 7 0.8499000869924203
seed123_R1_step6000 52 5 8 0.7994390489766374
seed123_R1_step6000 52 5 9 0.8006018140004016
seed123_R1_step6000 52 6 0 0.80294512497494
seed123_R1_step6000 52 6 1 0.829385731020011
seed123_R1_step6000 52 6 2 0.8358038309961557
seed123_R1_step6000 52 6 3 0.8607666119933128
seed123_R1_step6000 52 6 4 0.832573123043403
seed123_R1_step6000 52 6 5 0.8211426030029543
seed123_R1_step6000 52 6 6 0.8521396890282631
seed123_R1_step6000 52 6 7 0.8594090680126101
seed123_R1_step6000 52 6 8 0.8055079990299419
seed123_R1_step6000 52 6 9 0.8563323700218461
seed123_R1_step6000 52 7 0 0.8253790339804254
seed123_R1_step6000 52 7 1 0.8399445250397548
seed123_R1_step6000 52 7 2 0.8221284209867008
seed123_R1_step6000 52 7 3 0.8102696690475568
seed123_R1_step6000 52 7 4 0.885389777016826
seed123_R1_step6000 52 7 5 0.8883397209574468
seed123_R1_step6000 52 7 6 0.8027576809981838
seed123_R1_step6000 52 7 7 0.8561488260165788
seed123_R1_step6000 52 7 8 0.8374760610167868
seed123_R1_step6000 52 7 9 0.8373893959796987
seed123_R1_step6000 52 8 0 0.793398812005762
seed123_R1_step6000 52 8 1 0.8072340880171396
seed123_R1_step6000 52 8 2 0.8480455169919878
seed123_R1_step6000 52 8 3 0.8521434770082124
seed123_R1_step6000 52 8 4 0.8343995549948886
seed123_R1_step6000 52 8 5 0.8369757699547336
seed123_R1_step6000 52 8 6 0.841070624999702
seed123_R1_step6000 52 8 7 0.8328161700046621
seed123_R1_step6000 52 8 8 0.8402105429559015
seed123_R1_step6000 52 8 9 0.8556474969955161
seed123_R1_step6000 52 9 0 0.8603874610271305
seed123_R1_step6000 52 9 1 0.8491401210194454
seed123_R1_step6000 52 9 2 0.8397314629983157
seed123_R1_step6000 52 9 3 0.8579808229696937
seed123_R1_step6000 52 9 4 0.8513992480002344
seed123_R1_step6000 52 9 5 0.8624931719969027
seed123_R1_step6000 52 9 6 0.8315330119803548
seed123_R1_step6000 52 9 7 0.8672479040105827
seed123_R1_step6000 52 9 8 0.9150788420229219
seed123_R1_step6000 52 9 9 0.8792931950301863
seed123_R1_step6000 56 0 0 0.02328601002227515
seed123_R1_step6000 56 0 1 0.02191296499222517
seed123_R1_step6000 56 0 2 0.016934609040617943
seed123_R1_step6000 56 0 3 0.01690519298426807
seed123_R1_step6000 56 0 4 0.016914309991989285
seed123_R1_step6000 56 0 5 0.016931742953602225
seed123_R1_step6000 56 0 6 0.016913219005800784
seed123_R1_step6000 56 0 7 0.017109398962929845
seed123_R1_step6000 56 0 8 0.017141118994913995
seed123_R1_step6000 56 0 9 0.017171998042613268
seed123_R1_step6000 56 1 0 0.01718869898468256
seed123_R1_step6000 56 1 1 0.017170063976664096
seed123_R1_step6000 56 1 2 0.01718494202941656
seed123_R1_step6000 56 1 3 0.018018135975580662
seed123_R1_step6000 56 1 4 0.017696948954835534
seed123_R1_step6000 56 1 5 0.01750683004502207
seed123_R1_step6000 56 1 6 0.017633519019000232
seed123_R1_step6000 56 1 7 0.017565671005286276
seed123_R1_step6000 56 1 8 0.017442258016671985
seed123_R1_step6000 56 1 9 0.01747300598071888
seed123_R1_step6000 56 2 0 0.017261737026274204
seed123_R1_step6000 56 2 1 0.017189790960401297
seed123_R1_step6000 56 2 2 0.01716168801067397
seed123_R1_step6000 56 2 3 0.017186284996569157
seed123_R1_step6000 56 2 4 0.017171997053083032
seed123_R1_step6000 56 2 5 0.0171557969879359
seed123_R1_step6000 56 2 6 0.017157359048724174
seed123_R1_step6000 56 2 7 0.017166988051030785
seed123_R1_step6000 56 2 8 0.017330957984086126
seed123_R1_step6000 56 2 9 0.017159433977212757
seed123_R1_step6000 56 3 0 0.01716611598385498
seed123_R1_step6000 56 3 1 0.01712641102494672
seed123_R1_step6000 56 3 2 0.017160977004095912
seed123_R1_step6000 56 3 3 0.0174950179643929
seed123_R1_step6000 56 3 4 0.01805901399347931
seed123_R1_step6000 56 3 5 0.023819768975954503
seed123_R1_step6000 56 3 6 0.01696403499227017
seed123_R1_step6000 56 3 7 0.017193808977026492
seed123_R1_step6000 56 3 8 0.017496850981842726
seed123_R1_step6000 56 3 9 0.017744979995768517
seed123_R1_step6000 56 4 0 0.01775470800930634
seed123_R1_step6000 56 4 1 0.017655651026871055
seed123_R1_step6000 56 4 2 0.017642717983108014
seed123_R1_step6000 56 4 3 0.01769203000003472
seed123_R1_step6000 56 4 4 0.017723890021443367
seed123_R1_step6000 56 4 5 0.017771602026186883
seed123_R1_step6000 56 4 6 0.01774264604318887
seed123_R1_step6000 56 4 7 0.017691179004032165
seed123_R1_step6000 56 4 8 0.018106333969626576
seed123_R1_step6000 56 4 9 0.01768215198535472
seed123_R1_step6000 56 5 0 0.017678134026937187
seed123_R1_step6000 56 5 1 0.0180936090182513
seed123_R1_step6000 56 5 2 0.018495208001695573
seed123_R1_step6000 56 5 3 0.01769373402930796
seed123_R1_step6000 56 5 4 0.017731414991430938
seed123_R1_step6000 56 5 5 0.01883268600795418
seed123_R1_step6000 56 5 6 0.018975204962771386
seed123_R1_step6000 56 5 7 0.018788421992212534
seed123_R1_step6000 56 5 8 0.017931542999576777
seed123_R1_step6000 56 5 9 0.017673265014309436
seed123_R1_step6000 56 6 0 0.01749962696339935
seed123_R1_step6000 56 6 1 0.017471243045292795
seed123_R1_step6000 56 6 2 0.01737130497349426
seed123_R1_step6000 56 6 3 0.017397735035046935
seed123_R1_step6000 56 6 4 0.017387625004630536
seed123_R1_step6000 56 6 5 0.018422690976876765
seed123_R1_step6000 56 6 6 0.018869475985411555
seed123_R1_step6000 56 6 7 0.018766280030831695
seed123_R1_step6000 56 6 8 0.0180886400048621
seed123_R1_step6000 56 6 9 0.01777930505340919
seed123_R1_step6000 56 7 0 0.017699194024316967
seed123_R1_step6000 56 7 1 0.01764264702796936
seed123_R1_step6000 56 7 2 0.01755057304399088
seed123_R1_step6000 56 7 3 0.01751566701568663
seed123_R1_step6000 56 7 4 0.019506478973198682
seed123_R1_step6000 56 7 5 0.021994420036207885
seed123_R1_step6000 56 7 6 0.021928625996224582
seed123_R1_step6000 56 7 7 0.018996394996065646
seed123_R1_step6000 56 7 8 0.020736142003443092
seed123_R1_step6000 56 7 9 0.01775333599653095
seed123_R1_step6000 56 8 0 0.017599616025108844
seed123_R1_step6000 56 8 1 0.017268821015022695
seed123_R1_step6000 56 8 2 0.017592111020348966
seed123_R1_step6000 56 8 3 0.017527259013149887
seed123_R1_step6000 56 8 4 0.01945340895326808
seed123_R1_step6000 56 8 5 0.017232432030141354
seed123_R1_step6000 56 8 6 0.017244385031517595
seed123_R1_step6000 56 8 7 0.01718308898853138
seed123_R1_step6000 56 8 8 0.017166026984341443
seed123_R1_step6000 56 8 9 0.017196825006976724
seed123_R1_step6000 56 9 0 0.017184761993121356
seed123_R1_step6000 56 9 1 0.01718510198406875
seed123_R1_step6000 56 9 2 0.01811145298415795
seed123_R1_step6000 56 9 3 0.017895555996801704
seed123_R1_step6000 56 9 4 0.01762833900284022
seed123_R1_step6000 56 9 5 0.017574057972524315
seed123_R1_step6000 56 9 6 0.017461875977460295
seed123_R1_step6000 56 9 7 0.017557606974150985
seed123_R1_step6000 56 9 8 0.017434164008591324
seed123_R1_step6000 56 9 9 0.017244285030756146
seed123_R1_step6000 62 0 0 0.2729543659952469
seed123_R1_step6000 62 0 1 0.26942237303592265
seed123_R1_step6000 62 0 2 0.2761131049483083
seed123_R1_step6000 62 0 3 0.27469682396622375
seed123_R1_step6000 62 0 4 0.2749510870198719
seed123_R1_step6000 62 0 5 0.2977979800198227
seed123_R1_step6000 62 0 6 0.30548144096974283
seed123_R1_step6000 62 0 7 0.29077970498474315
seed123_R1_step6000 62 0 8 0.3002757600042969
seed123_R1_step6000 62 0 9 0.2872564169811085
seed123_R1_step6000 62 1 0 0.30189054703805596
seed123_R1_step6000 62 1 1 0.2951590979937464
seed123_R1_step6000 62 1 2 0.2889975360012613
seed123_R1_step6000 62 1 3 0.28368108201539144
seed123_R1_step6000 62 1 4 0.29635001701535657
seed123_R1_step6000 62 1 5 0.29113425099058077
seed123_R1_step6000 62 1 6 0.29106323601445183
seed123_R1_step6000 62 1 7 0.28104985202662647
seed123_R1_step6000 62 1 8 0.28290584799833596
seed123_R1_step6000 62 1 9 0.2804188500158489
seed123_R1_step6000 62 2 0 0.287879551993683
seed123_R1_step6000 62 2 1 0.2766571280080825
seed123_R1_step6000 62 2 2 0.2856682459823787
seed123_R1_step6000 62 2 3 0.29318661498837173
seed123_R1_step6000 62 2 4 0.2830584920011461
seed123_R1_step6000 62 2 5 0.2853981739608571
seed123_R1_step6000 62 2 6 0.2828902840265073
seed123_R1_step6000 62 2 7 0.28797447599936277
seed123_R1_step6000 62 2 8 0.283286540012341
seed123_R1_step6000 62 2 9 0.2833606699714437
seed123_R1_step6000 62 3 0 0.29089943796861917
seed123_R1_step6000 62 3 1 0.28731986100319773
seed123_R1_step6000 62 3 2 0.2831712699844502
seed123_R1_step6000 62 3 3 0.2864598350133747
seed123_R1_step6000 62 3 4 0.2976283059688285
seed123_R1_step6000 62 3 5 0.29268411599332467
seed123_R1_step6000 62 3 6 0.28728327894350514
seed123_R1_step6000 62 3 7 0.29478910396574065
seed123_R1_step6000 62 3 8 0.2888081290293485
seed123_R1_step6000 62 3 9 0.2799346979591064
seed123_R1_step6000 62 4 0 0.27952248899964616
seed123_R1_step6000 62 4 1 0.32568947604158893
seed123_R1_step6000 62 4 2 0.2869105089921504
seed123_R1_step6000 62 4 3 0.2942272679647431
seed123_R1_step6000 62 4 4 0.29321048804558814
seed123_R1_step6000 62 4 5 0.30710211902623996
seed123_R1_step6000 62 4 6 0.28211641701636836
seed123_R1_step6000 62 4 7 0.2901175790466368
seed123_R1_step6000 62 4 8 0.27907233900623396
seed123_R1_step6000 62 4 9 0.2835588000016287
seed123_R1_step6000 62 5 0 0.28055448300438
seed123_R1_step6000 62 5 1 0.2849240030045621
seed123_R1_step6000 62 5 2 0.2770249980385415
seed123_R1_step6000 62 5 3 0.2901739100343548
seed123_R1_step6000 62 5 4 0.27950684999814257
seed123_R1_step6000 62 5 5 0.2904587640077807
seed123_R1_step6000 62 5 6 0.28466080699581653
seed123_R1_step6000 62 5 7 0.2813681639963761
seed123_R1_step6000 62 5 8 0.2887706470210105
seed123_R1_step6000 62 5 9 0.29017969698179513
seed123_R1_step6000 62 6 0 0.28485364897642285
seed123_R1_step6000 62 6 1 0.2786222919821739
seed123_R1_step6000 62 6 2 0.2799559379927814
seed123_R1_step6000 62 6 3 0.293391614977736
seed123_R1_step6000 62 6 4 0.2883703730185516
seed123_R1_step6000 62 6 5 0.2812138889566995
seed123_R1_step6000 62 6 6 0.27604704903205857
seed123_R1_step6000 62 6 7 0.28858580900123343
seed123_R1_step6000 62 6 8 0.29169236996676773
seed123_R1_step6000 62 6 9 0.2895707670249976
seed123_R1_step6000 62 7 0 0.29931972397025675
seed123_R1_step6000 62 7 1 0.2831654209876433
seed123_R1_step6000 62 7 2 0.2781608129735105
seed123_R1_step6000 62 7 3 0.2815115420380607
seed123_R1_step6000 62 7 4 0.2879374580224976
seed123_R1_step6000 62 7 5 0.28177191404392943
seed123_R1_step6000 62 7 6 0.28256591100944206
seed123_R1_step6000 62 7 7 0.30104653304442763
seed123_R1_step6000 62 7 8 0.3095785810146481
seed123_R1_step6000 62 7 9 0.31051141797797754
seed123_R1_step6000 62 8 0 0.3298298590234481
seed123_R1_step6000 62 8 1 0.324327678012196
seed123_R1_step6000 62 8 2 0.32215265004197136
seed123_R1_step6000 62 8 3 0.32133134303148836
seed123_R1_step6000 62 8 4 0.31520042300689965
seed123_R1_step6000 62 8 5 0.32215563202043995
seed123_R1_step6000 62 8 6 0.2942796159768477
seed123_R1_step6000 62 8 7 0.29368025303119794
seed123_R1_step6000 62 8 8 0.27750435599591583
seed123_R1_step6000 62 8 9 0.27942333900136873
seed123_R1_step6000 62 9 0 0.28639191400725394
seed123_R1_step6000 62 9 1 0.2664449979783967
seed123_R1_step6000 62 9 2 0.2672122590010986
seed123_R1_step6000 62 9 3 0.2790436409995891
seed123_R1_step6000 62 9 4 0.29656351800076663
seed123_R1_step6000 62 9 5 0.28752611501840875
seed123_R1_step6000 62 9 6 0.3168363659642637
seed123_R1_step6000 62 9 7 0.2973869620473124
seed123_R1_step6000 62 9 8 0.283218480006326
seed123_R1_step6000 62 9 9 0.2848051020409912
seed123_R1_step6000 64 0 0 0.18003292696084827
seed123_R1_step6000 64 0 1 0.17556433100253344
seed123_R1_step6000 64 0 2 0.17507823201594874
seed123_R1_step6000 64 0 3 0.17451254196930677
seed123_R1_step6000 64 0 4 0.18162116000894457
seed123_R1_step6000 64 0 5 0.18065918696811423
seed123_R1_step6000 64 0 6 0.1829569690162316
seed123_R1_step6000 64 0 7 0.17770301800919697
seed123_R1_step6000 64 0 8 0.16972698998870328
seed123_R1_step6000 64 0 9 0.167846935975831
seed123_R1_step6000 64 1 0 0.16723542200634256
seed123_R1_step6000 64 1 1 0.1675302519579418
seed123_R1_step6000 64 1 2 0.17859002901241183
seed123_R1_step6000 64 1 3 0.16621847200440243
seed123_R1_step6000 64 1 4 0.16808126401156187
seed123_R1_step6000 64 1 5 0.16983792401151732
seed123_R1_step6000 64 1 6 0.18093455297639593
seed123_R1_step6000 64 1 7 0.17045448400313035
seed123_R1_step6000 64 1 8 0.16754081600811332
seed123_R1_step6000 64 1 9 0.16577266296371818
seed123_R1_step6000 64 2 0 0.179169750015717
seed123_R1_step6000 64 2 1 0.16191810701275244
seed123_R1_step6000 64 2 2 0.16442344494862482
seed123_R1_step6000 64 2 3 0.16230149596231058
seed123_R1_step6000 64 2 4 0.16619191999780014
seed123_R1_step6000 64 2 5 0.1649511550203897
seed123_R1_step6000 64 2 6 0.16535938601009548
seed123_R1_step6000 64 2 7 0.16393298999173567
seed123_R1_step6000 64 2 8 0.1776352259912528
seed123_R1_step6000 64 2 9 0.17824063199805096
seed123_R1_step6000 64 3 0 0.17200629599392414
seed123_R1_step6000 64 3 1 0.1652576579945162
seed123_R1_step6000 64 3 2 0.16978796204784885
seed123_R1_step6000 64 3 3 0.17339188599726185
seed123_R1_step6000 64 3 4 0.1659723320044577
seed123_R1_step6000 64 3 5 0.16968863899819553
seed123_R1_step6000 64 3 6 0.16772481601219624
seed123_R1_step6000 64 3 7 0.20239342900458723
seed123_R1_step6000 64 3 8 0.18214000901207328
seed123_R1_step6000 64 3 9 0.1827242649742402
seed123_R1_step6000 64 4 0 0.17644398502307013
seed123_R1_step6000 64 4 1 0.18930253403959796
seed123_R1_step6000 64 4 2 0.16773396800272167
seed123_R1_step6000 64 4 3 0.16589268599636853
seed123_R1_step6000 64 4 4 0.17201608401956037
seed123_R1_step6000 64 4 5 0.16979516600258648
seed123_R1_step6000 64 4 6 0.18320460995892063
seed123_R1_step6000 64 4 7 0.16731633304152638
seed123_R1_step6000 64 4 8 0.17239230900304392
seed123_R1_step6000 64 4 9 0.16600420203758404
seed123_R1_step6000 64 5 0 0.1800434939796105
seed123_R1_step6000 64 5 1 0.17256111104507
seed123_R1_step6000 64 5 2 0.17542502598371357
seed123_R1_step6000 64 5 3 0.17493528203340247
seed123_R1_step6000 64 5 4 0.181747691007331
seed123_R1_step6000 64 5 5 0.16917673405259848
seed123_R1_step6000 64 5 6 0.16662954800995067
seed123_R1_step6000 64 5 7 0.16765714599750936
seed123_R1_step6000 64 5 8 0.17669425101485103
seed123_R1_step6000 64 5 9 0.17692907497985289
seed123_R1_step6000 64 6 0 0.16906945599475875
seed123_R1_step6000 64 6 1 0.17113583197351545
seed123_R1_step6000 64 6 2 0.18483964202459902
seed123_R1_step6000 64 6 3 0.1761896109674126
seed123_R1_step6000 64 6 4 0.17339822399662808
seed123_R1_step6000 64 6 5 0.16367655398789793
seed123_R1_step6000 64 6 6 0.17888923501595855
seed123_R1_step6000 64 6 7 0.16600064799422398
seed123_R1_step6000 64 6 8 0.1659749710233882
seed123_R1_step6000 64 6 9 0.17008508398430422
seed123_R1_step6000 64 7 0 0.178790001955349
seed123_R1_step6000 64 7 1 0.1749385700095445
seed123_R1_step6000 64 7 2 0.16418931703083217
seed123_R1_step6000 64 7 3 0.16846846701810136
seed123_R1_step6000 64 7 4 0.16623846400761977
seed123_R1_step6000 64 7 5 0.170269597962033
seed123_R1_step6000 64 7 6 0.16014794999500737
seed123_R1_step6000 64 7 7 0.1615921399788931
seed123_R1_step6000 64 7 8 0.1586985900066793
seed123_R1_step6000 64 7 9 0.16788927698507905
seed123_R1_step6000 64 8 0 0.16883730102563277
seed123_R1_step6000 64 8 1 0.18892808898817748
seed123_R1_step6000 64 8 2 0.1723443940281868
seed123_R1_step6000 64 8 3 0.20648319099564105
seed123_R1_step6000 64 8 4 0.16713249997701496
seed123_R1_step6000 64 8 5 0.17121025000233203
seed123_R1_step6000 64 8 6 0.16573338903253898
seed123_R1_step6000 64 8 7 0.17470640398096293
seed123_R1_step6000 64 8 8 0.17061392700998113
seed123_R1_step6000 64 8 9 0.16478781099431217
seed123_R1_step6000 64 9 0 0.17707652604440227
seed123_R1_step6000 64 9 1 0.1725582230137661
seed123_R1_step6000 64 9 2 0.19065366202266887
seed123_R1_step6000 64 9 3 0.18197658500866964
seed123_R1_step6000 64 9 4 0.1665159820113331
seed123_R1_step6000 64 9 5 0.187291293987073
seed123_R1_step6000 64 9 6 0.1761091619846411
seed123_R1_step6000 64 9 7 0.17122737201862037
seed123_R1_step6000 64 9 8 0.17264013702515513
seed123_R1_step6000 64 9 9 0.1741765709593892
seed123_R1_step6000 69 0 0 0.5003007740015164
seed123_R1_step6000 69 0 1 0.5279099580366164
seed123_R1_step6000 69 0 2 0.5103760969941504
seed123_R1_step6000 69 0 3 0.515960095974151
seed123_R1_step6000 69 0 4 0.5139313119580038
seed123_R1_step6000 69 0 5 0.49917886895127594
seed123_R1_step6000 69 0 6 0.5088324039825238
seed123_R1_step6000 69 0 7 0.5089088400127366
seed123_R1_step6000 69 0 8 0.5291850910289213
seed123_R1_step6000 69 0 9 0.5342686549993232
seed123_R1_step6000 69 1 0 0.5416176349972375
seed123_R1_step6000 69 1 1 0.5148814480053261
seed123_R1_step6000 69 1 2 0.524666415003594
seed123_R1_step6000 69 1 3 0.5024086750345305
seed123_R1_step6000 69 1 4 0.5177836029906757
seed123_R1_step6000 69 1 5 0.49838197202188894
seed123_R1_step6000 69 1 6 0.4939434140105732
seed123_R1_step6000 69 1 7 0.5122105440241285
seed123_R1_step6000 69 1 8 0.5401784889982082
seed123_R1_step6000 69 1 9 0.5469431069795974
seed123_R1_step6000 69 2 0 0.5102118260110728
seed123_R1_step6000 69 2 1 0.5080690579488873
seed123_R1_step6000 69 2 2 0.5236754480283707
seed123_R1_step6000 69 2 3 0.5127248839708045
seed123_R1_step6000 69 2 4 0.5114005689974874
seed123_R1_step6000 69 2 5 0.5129366369801573
seed123_R1_step6000 69 2 6 0.5150764539721422
seed123_R1_step6000 69 2 7 0.5468796099885367
seed123_R1_step6000 69 2 8 0.50433946197154
seed123_R1_step6000 69 2 9 0.5335011929855682
seed123_R1_step6000 69 3 0 0.4968803080264479
seed123_R1_step6000 69 3 1 0.5342846069834195
seed123_R1_step6000 69 3 2 0.5074786939658225
seed123_R1_step6000 69 3 3 0.5117473769932985
seed123_R1_step6000 69 3 4 0.5094598529976793
seed123_R1_step6000 69 3 5 0.5062364480108954
seed123_R1_step6000 69 3 6 0.5283536170027219
seed123_R1_step6000 69 3 7 0.5033459539990872
seed123_R1_step6000 69 3 8 0.5096135470084846
seed123_R1_step6000 69 3 9 0.5658094440004788
seed123_R1_step6000 69 4 0 0.524147508025635
seed123_R1_step6000 69 4 1 0.5160385959898122
seed123_R1_step6000 69 4 2 0.512933410005644
seed123_R1_step6000 69 4 3 0.532928753993474
seed123_R1_step6000 69 4 4 0.5257564559578896
seed123_R1_step6000 69 4 5 0.5337794970255345
seed123_R1_step6000 69 4 6 0.5149414420011453
seed123_R1_step6000 69 4 7 0.5025097070029005
seed123_R1_step6000 69 4 8 0.5132153499871492
seed123_R1_step6000 69 4 9 0.532517546962481
seed123_R1_step6000 69 5 0 0.4984370900201611
seed123_R1_step6000 69 5 1 0.5361093030078337
seed123_R1_step6000 69 5 2 0.48534979799296707
seed123_R1_step6000 69 5 3 0.49054721801076084
seed123_R1_step6000 69 5 4 0.5009524510242045
seed123_R1_step6000 69 5 5 0.5102242170250975
seed123_R1_step6000 69 5 6 0.5045168739743531
seed123_R1_step6000 69 5 7 0.49972166400402784
seed123_R1_step6000 69 5 8 0.5252508549601771
seed123_R1_step6000 69 5 9 0.5215125040267594
seed123_R1_step6000 69 6 0 0.5350639679818414
seed123_R1_step6000 69 6 1 0.5575958309927955
seed123_R1_step6000 69 6 2 0.5558030230458826
seed123_R1_step6000 69 6 3 0.5056151989847422
seed123_R1_step6000 69 6 4 0.508960499020759
seed123_R1_step6000 69 6 5 0.5262261679745279
seed123_R1_step6000 69 6 6 0.5457014809944667
seed123_R1_step6000 69 6 7 0.5242081439937465
seed123_R1_step6000 69 6 8 0.4961665340233594
seed123_R1_step6000 69 6 9 0.5351124719600193
seed123_R1_step6000 69 7 0 0.513900953985285
seed123_R1_step6000 69 7 1 0.5225209349882789
seed123_R1_step6000 69 7 2 0.512056838022545
seed123_R1_step6000 69 7 3 0.5184540540212765
seed123_R1_step6000 69 7 4 0.5387460080091842
seed123_R1_step6000 69 7 5 0.524210365023464
seed123_R1_step6000 69 7 6 0.5147946319775656
seed123_R1_step6000 69 7 7 0.5108098869677633
seed123_R1_step6000 69 7 8 0.5059268299955875
seed123_R1_step6000 69 7 9 0.51954334997572
seed123_R1_step6000 69 8 0 0.5076507419580594
seed123_R1_step6000 69 8 1 0.49536592297954485
seed123_R1_step6000 69 8 2 0.5121799120097421
seed123_R1_step6000 69 8 3 0.5098171830177307
seed123_R1_step6000 69 8 4 0.5296555149834603
seed123_R1_step6000 69 8 5 0.5482918640482239
seed123_R1_step6000 69 8 6 0.515776009997353
seed123_R1_step6000 69 8 7 0.5176807959796861
seed123_R1_step6000 69 8 8 0.523015798011329
seed123_R1_step6000 69 8 9 0.5194078750209883
seed123_R1_step6000 69 9 0 0.5257899580174126
seed123_R1_step6000 69 9 1 0.505436404957436
seed123_R1_step6000 69 9 2 0.5384372380212881
seed123_R1_step6000 69 9 3 0.5258340390282683
seed123_R1_step6000 69 9 4 0.5230753360083327
seed123_R1_step6000 69 9 5 0.521722702018451
seed123_R1_step6000 69 9 6 0.518227725988254
seed123_R1_step6000 69 9 7 0.5385629559750669
seed123_R1_step6000 69 9 8 0.5753940349677578
seed123_R1_step6000 69 9 9 0.5126522589707747
seed123_R1_step6000 74 0 0 0.7275489689782262
seed123_R1_step6000 74 0 1 0.6864548200392164
seed123_R1_step6000 74 0 2 0.7313356989761814
seed123_R1_step6000 74 0 3 0.7427837910363451
seed123_R1_step6000 74 0 4 0.7171859069494531
seed123_R1_step6000 74 0 5 0.7417067280039191
seed123_R1_step6000 74 0 6 0.7276922330493107
seed123_R1_step6000 74 0 7 0.6952953130239621
seed123_R1_step6000 74 0 8 0.6941010740119964
seed123_R1_step6000 74 0 9 0.6959882369847037
seed123_R1_step6000 74 1 0 0.6761376350186765
seed123_R1_step6000 74 1 1 0.7043248699628748
seed123_R1_step6000 74 1 2 0.6935531119816005
seed123_R1_step6000 74 1 3 0.7107580860028975
seed123_R1_step6000 74 1 4 0.6977811900433153
seed123_R1_step6000 74 1 5 0.7483971409965307
seed123_R1_step6000 74 1 6 0.7623561379732564
seed123_R1_step6000 74 1 7 0.7239473199588247
seed123_R1_step6000 74 1 8 0.7411502610193565
seed123_R1_step6000 74 1 9 0.6993533240165561
seed123_R1_step6000 74 2 0 0.7154390429495834
seed123_R1_step6000 74 2 1 0.7150926560279913
seed123_R1_step6000 74 2 2 0.7367621239973232
seed123_R1_step6000 74 2 3 0.6791561970021576
seed123_R1_step6000 74 2 4 0.7300493950024247
seed123_R1_step6000 74 2 5 0.746686980011873
seed123_R1_step6000 74 2 6 0.7269378610071726
seed123_R1_step6000 74 2 7 0.7111389929777943
seed123_R1_step6000 74 2 8 0.6931939420173876
seed123_R1_step6000 74 2 9 0.7233596399892122
seed123_R1_step6000 74 3 0 0.7061479910044
seed123_R1_step6000 74 3 1 0.70672644500155
seed123_R1_step6000 74 3 2 0.6919675119570456
seed123_R1_step6000 74 3 3 0.7459084300207905
seed123_R1_step6000 74 3 4 0.7154492059489712
seed123_R1_step6000 74 3 5 0.7147546200430952
seed123_R1_step6000 74 3 6 0.7292637799982913
seed123_R1_step6000 74 3 7 0.7190401060506701
seed123_R1_step6000 74 3 8 0.7121881959610619
seed123_R1_step6000 74 3 9 0.7085639669676311
seed123_R1_step6000 74 4 0 0.6969797650235705
seed123_R1_step6000 74 4 1 0.7006838159868494
seed123_R1_step6000 74 4 2 0.7297940900316462
seed123_R1_step6000 74 4 3 0.7264691169839352
seed123_R1_step6000 74 4 4 0.7310238830395974
seed123_R1_step6000 74 4 5 0.7092264859820716
seed123_R1_step6000 74 4 6 0.7221660159993917
seed123_R1_step6000 74 4 7 0.7111293490161188
seed123_R1_step6000 74 4 8 0.7206869100336917
seed123_R1_step6000 74 4 9 0.7057862949441187
seed123_R1_step6000 74 5 0 0.7199042669963092
seed123_R1_step6000 74 5 1 0.7135170719702728
seed123_R1_step6000 74 5 2 0.708212059980724
seed123_R1_step6000 74 5 3 0.708002771018073
seed123_R1_step6000 74 5 4 0.6897482909844257
seed123_R1_step6000 74 5 5 0.7079692209954374
seed123_R1_step6000 74 5 6 0.705945678986609
seed123_R1_step6000 74 5 7 0.7109859299962409
seed123_R1_step6000 74 5 8 0.724278975976631
seed123_R1_step6000 74 5 9 0.718761509982869
seed123_R1_step6000 74 6 0 0.7431472600437701
seed123_R1_step6000 74 6 1 0.7403012459981255
seed123_R1_step6000 74 6 2 0.7381441940087825
seed123_R1_step6000 74 6 3 0.7389214250142686
seed123_R1_step6000 74 6 4 0.6922902830410749
seed123_R1_step6000 74 6 5 0.7367783419904299
seed123_R1_step6000 74 6 6 0.7602075540344231
seed123_R1_step6000 74 6 7 0.7223101029521786
seed123_R1_step6000 74 6 8 0.74513165501412
seed123_R1_step6000 74 6 9 0.7158734720433131
seed123_R1_step6000 74 7 0 0.7375907939858735
seed123_R1_step6000 74 7 1 0.7271227559540421
seed123_R1_step6000 74 7 2 0.7208345219842158
seed123_R1_step6000 74 7 3 0.7119961029966362
seed123_R1_step6000 74 7 4 0.7091822639922611
seed123_R1_step6000 74 7 5 0.7654223050340079
seed123_R1_step6000 74 7 6 0.7148703650454991
seed123_R1_step6000 74 7 7 0.6943959839991294
seed123_R1_step6000 74 7 8 0.6993531960179098
seed123_R1_step6000 74 7 9 0.7234780100407079
seed123_R1_step6000 74 8 0 0.7394581659464166
seed123_R1_step6000 74 8 1 0.7456253010313958
seed123_R1_step6000 74 8 2 0.7587410029955208
seed123_R1_step6000 74 8 3 0.7133445970248431
seed123_R1_step6000 74 8 4 0.7138759950175881
seed123_R1_step6000 74 8 5 0.7049197859596461
seed123_R1_step6000 74 8 6 0.6794649009825662
seed123_R1_step6000 74 8 7 0.7277685779845342
seed123_R1_step6000 74 8 8 0.7023306849878281
seed123_R1_step6000 74 8 9 0.7123079730081372
seed123_R1_step6000 74 9 0 0.6890751859755255
seed123_R1_step6000 74 9 1 0.7296656289836392
seed123_R1_step6000 74 9 2 0.6970992970163934
seed123_R1_step6000 74 9 3 0.6955738780088723
seed123_R1_step6000 74 9 4 0.7311394909629598
seed123_R1_step6000 74 9 5 0.7276310470188037
seed123_R1_step6000 74 9 6 0.7830101039726287
seed123_R1_step6000 74 9 7 0.7551354360184632
seed123_R1_step6000 74 9 8 0.6782972479704767
seed123_R1_step6000 74 9 9 0.6830793499830179
seed123_R1_step6000 78 0 0 1.1954656669986434
seed123_R1_step6000 78 0 1 1.1840022269752808
seed123_R1_step6000 78 0 2 1.197779612033628
seed123_R1_step6000 78 0 3 1.209224602964241
seed123_R1_step6000 78 0 4 1.187854755029548
seed123_R1_step6000 78 0 5 1.1757529560127296
seed123_R1_step6000 78 0 6 1.1619018430355936
seed123_R1_step6000 78 0 7 1.1630211569718085
seed123_R1_step6000 78 0 8 1.213111958000809
seed123_R1_step6000 78 0 9 1.2073859149822965
seed123_R1_step6000 78 1 0 1.1809612410143018
seed123_R1_step6000 78 1 1 1.1883832219755277
seed123_R1_step6000 78 1 2 1.1698483070358634
seed123_R1_step6000 78 1 3 1.1733637090073898
seed123_R1_step6000 78 1 4 1.2139126189867966
seed123_R1_step6000 78 1 5 1.268286985985469
seed123_R1_step6000 78 1 6 1.173425076995045
seed123_R1_step6000 78 1 7 1.2704181750304997
seed123_R1_step6000 78 1 8 1.196508918015752
seed123_R1_step6000 78 1 9 1.1916705319890752
seed123_R1_step6000 78 2 0 1.1938298270106316
seed123_R1_step6000 78 2 1 1.2024887529551052
seed123_R1_step6000 78 2 2 1.1983014580328017
seed123_R1_step6000 78 2 3 1.2029118270147592
seed123_R1_step6000 78 2 4 1.1625030179857276
seed123_R1_step6000 78 2 5 1.2030888650333509
seed123_R1_step6000 78 2 6 1.214092172042001
seed123_R1_step6000 78 2 7 1.1649239879916422
seed123_R1_step6000 78 2 8 1.1723901740042493
seed123_R1_step6000 78 2 9 1.1643164570559748
seed123_R1_step6000 78 3 0 1.17003387195291
seed123_R1_step6000 78 3 1 1.1770132960518822
seed123_R1_step6000 78 3 2 1.1854514949955046
seed123_R1_step6000 78 3 3 1.2124057260225527
seed123_R1_step6000 78 3 4 1.1799909509718418
seed123_R1_step6000 78 3 5 1.237972361035645
seed123_R1_step6000 78 3 6 1.2393934989813715
seed123_R1_step6000 78 3 7 1.2377821130212396
seed123_R1_step6000 78 3 8 1.183942809002474
seed123_R1_step6000 78 3 9 1.2495420759660192
seed123_R1_step6000 78 4 0 1.2085340470075607
seed123_R1_step6000 78 4 1 1.2371403930010274
seed123_R1_step6000 78 4 2 1.2032013750285842
seed123_R1_step6000 78 4 3 1.1743706109700724
seed123_R1_step6000 78 4 4 1.1809819319751114
seed123_R1_step6000 78 4 5 1.2234219890087843
seed123_R1_step6000 78 4 6 1.1847339589730836
seed123_R1_step6000 78 4 7 1.2274040009942837
seed123_R1_step6000 78 4 8 1.1570652470109053
seed123_R1_step6000 78 4 9 1.1987018369836733
seed123_R1_step6000 78 5 0 1.1843049629824236
seed123_R1_step6000 78 5 1 1.2048413859447464
seed123_R1_step6000 78 5 2 1.2204217400285415
seed123_R1_step6000 78 5 3 1.1828848640434444
seed123_R1_step6000 78 5 4 1.216742158983834
seed123_R1_step6000 78 5 5 1.189091173990164
seed123_R1_step6000 78 5 6 1.2169888160424307
seed123_R1_step6000 78 5 7 1.188299750967417
seed123_R1_step6000 78 5 8 1.1918471159879118
seed123_R1_step6000 78 5 9 1.2068944540224038
seed123_R1_step6000 78 6 0 1.1751396580366418
seed123_R1_step6000 78 6 1 1.168428233009763
seed123_R1_step6000 78 6 2 1.2064492790377699
seed123_R1_step6000 78 6 3 1.2177092590136454
seed123_R1_step6000 78 6 4 1.2060043170349672
seed123_R1_step6000 78 6 5 1.1801386880106293
seed123_R1_step6000 78 6 6 1.1913237550179474
seed123_R1_step6000 78 6 7 1.1630580960190855
seed123_R1_step6000 78 6 8 1.17652077000821
seed123_R1_step6000 78 6 9 1.181492995005101
seed123_R1_step6000 78 7 0 1.1955606170231476
seed123_R1_step6000 78 7 1 1.1810435599763878
seed123_R1_step6000 78 7 2 1.1546546739991754
seed123_R1_step6000 78 7 3 1.2099682569969445
seed123_R1_step6000 78 7 4 1.2031755589996465
seed123_R1_step6000 78 7 5 1.1818953059846535
seed123_R1_step6000 78 7 6 1.1864721620222554
seed123_R1_step6000 78 7 7 1.158298761001788
seed123_R1_step6000 78 7 8 1.1471208279835992
seed123_R1_step6000 78 7 9 1.2018531860085204
seed123_R1_step6000 78 8 0 1.1904499889933504
seed123_R1_step6000 78 8 1 1.2239382900297642
seed123_R1_step6000 78 8 2 1.1733471110346727
seed123_R1_step6000 78 8 3 1.1731814179802313
seed123_R1_step6000 78 8 4 1.139585838012863
seed123_R1_step6000 78 8 5 1.1619448440033011
seed123_R1_step6000 78 8 6 1.1950674440013245
seed123_R1_step6000 78 8 7 1.1375627070083283
seed123_R1_step6000 78 8 8 1.1930061409948394
seed123_R1_step6000 78 8 9 1.1694267219863832
seed123_R1_step6000 78 9 0 1.200462325999979
seed123_R1_step6000 78 9 1 1.147715883969795
seed123_R1_step6000 78 9 2 1.1580298349726945
seed123_R1_step6000 78 9 3 1.1537539410055615
seed123_R1_step6000 78 9 4 1.2140527039882727
seed123_R1_step6000 78 9 5 1.1498461849987507
seed123_R1_step6000 78 9 6 1.1841252199956216
seed123_R1_step6000 78 9 7 1.183164861984551
seed123_R1_step6000 78 9 8 1.1580192410037853
seed123_R1_step6000 78 9 9 1.18691484403098
{'model': 'seed123_R1_step6000', 'completed_pairs': 2000, 'requested_pairs': 2000, 'completed': True, 'complete_source_count': 20, 'FRD': 208.17644542251006, 'new_pairs': 2000, 'wall_seconds': 477.1564866750268}
